index,producer_timestamp,consumer_receive_timestamp,source_file,is_late,is_out_of_order,is_duplicate,merge_timestamp,end_to_end_delay_ms
39,1751924720.8773851,1751924732.3040826,batch_consumer-sts-0_20250707_214536_828236.csv,True,False,False,1751925379.8232613,658945.876121521
49,1751924720.877929,1751924732.3326974,batch_consumer-sts-0_20250707_214536_828236.csv,True,False,False,1751925379.8232613,658945.3322887421
59,1751924720.8784103,1751924732.361015,batch_consumer-sts-0_20250707_214536_828236.csv,True,False,False,1751925379.8232613,658944.8509216309
69,1751924720.8788671,1751924732.389465,batch_consumer-sts-0_20250707_214536_828236.csv,True,False,False,1751925379.8232613,658944.3941116333
79,1751924720.879315,1751924732.416911,batch_consumer-sts-0_20250707_214536_828236.csv,True,False,False,1751925379.8232613,658943.9463615417
89,1751924720.8797617,1751924732.445302,batch_consumer-sts-0_20250707_214536_828236.csv,True,False,False,1751925379.8232613,658943.4995651245
99,1751924720.8802123,1751924733.1350431,batch_consumer-sts-0_20250707_214536_828236.csv,True,False,False,1751925379.8232613,658943.04895401
109,1751924720.880655,1751924733.1631565,batch_consumer-sts-0_20250707_214536_828236.csv,True,False,False,1751925379.8232613,658942.6062107086
119,1751924720.881091,1751924733.1910355,batch_consumer-sts-0_20250707_214536_828236.csv,True,False,False,1751925379.8232613,658942.1701431274
129,1751924720.8815367,1751924733.2181363,batch_consumer-sts-0_20250707_214536_828236.csv,True,False,False,1751925379.8232613,658941.7245388031
139,1751924720.8819883,1751924733.2458591,batch_consumer-sts-0_20250707_214536_828236.csv,True,False,False,1751925379.8232613,658941.2729740143
149,1751924720.8824651,1751924733.2740326,batch_consumer-sts-0_20250707_214536_828236.csv,True,False,False,1751925379.8232613,658940.7961368561
159,1751924720.8829362,1751924733.3022652,batch_consumer-sts-0_20250707_214536_828236.csv,True,False,False,1751925379.8232613,658940.3250217438
169,1751924720.8833945,1751924733.330495,batch_consumer-sts-0_20250707_214536_828236.csv,True,False,False,1751925379.8232613,658939.8667812347
179,1751924720.8838384,1751924733.3584676,batch_consumer-sts-0_20250707_214536_828236.csv,True,False,False,1751925379.8232613,658939.4228458405
189,1751924720.884313,1751924733.3866775,batch_consumer-sts-0_20250707_214536_828236.csv,True,False,False,1751925379.8232613,658938.9481544495
199,1751924720.8847828,1751924733.41428,batch_consumer-sts-0_20250707_214536_828236.csv,True,False,False,1751925379.8232613,658938.4784698486
209,1751924720.885234,1751924733.4465065,batch_consumer-sts-0_20250707_214536_828236.csv,True,False,False,1751925379.8232613,658938.0271434784
219,1751924720.885698,1751924733.4755754,batch_consumer-sts-0_20250707_214536_828236.csv,True,False,False,1751925379.8232613,658937.5631809235
229,1751924720.8861885,1751924733.5049467,batch_consumer-sts-0_20250707_214536_828236.csv,True,False,False,1751925379.8232613,658937.0727539062
239,1751924720.886656,1751924733.5351632,batch_consumer-sts-0_20250707_214536_828236.csv,True,False,False,1751925379.8232613,658936.6052150726
249,1751924720.8871083,1751924733.5642302,batch_consumer-sts-0_20250707_214536_828236.csv,True,False,False,1751925379.8232613,658936.1529350281
259,1751924720.8875692,1751924733.5925727,batch_consumer-sts-0_20250707_214536_828236.csv,True,False,False,1751925379.8232613,658935.6920719147
269,1751924720.8880122,1751924733.620182,batch_consumer-sts-0_20250707_214536_828236.csv,True,False,False,1751925379.8232613,658935.2490901947
279,1751924720.8884616,1751924733.6475172,batch_consumer-sts-0_20250707_214536_828236.csv,True,False,False,1751925379.8232613,658934.7996711731
289,1751924720.888888,1751924733.6757064,batch_consumer-sts-0_20250707_214536_828236.csv,True,False,False,1751925379.8232613,658934.3733787537
299,1751924720.8892555,1751924733.7037847,batch_consumer-sts-0_20250707_214536_828236.csv,True,False,False,1751925379.8232613,658934.0057373047
309,1751924720.8896246,1751924733.7322416,batch_consumer-sts-0_20250707_214536_828236.csv,True,False,False,1751925379.8232613,658933.6366653442
319,1751924720.89003,1751924733.759358,batch_consumer-sts-0_20250707_214536_828236.csv,True,False,False,1751925379.8232613,658933.2313537598
329,1751924720.890531,1751924733.7864375,batch_consumer-sts-0_20250707_214536_828236.csv,True,False,False,1751925379.8232613,658932.7301979065
339,1751924720.8909938,1751924733.8140724,batch_consumer-sts-0_20250707_214536_828236.csv,True,False,False,1751925379.8232613,658932.2674274445
349,1751924720.8914926,1751924733.8425586,batch_consumer-sts-0_20250707_214536_828236.csv,True,False,False,1751925379.8232613,658931.768655777
359,1751924720.8919363,1751924733.8704352,batch_consumer-sts-0_20250707_214536_828236.csv,True,False,False,1751925379.8232613,658931.3249588013
369,1751924720.892378,1751924733.8987317,batch_consumer-sts-0_20250707_214536_828236.csv,True,False,False,1751925379.8232613,658930.8831691742
379,1751924720.892849,1751924733.9269223,batch_consumer-sts-0_20250707_214536_828236.csv,True,False,False,1751925379.8232613,658930.4122924805
389,1751924720.8933115,1751924733.9557347,batch_consumer-sts-0_20250707_214536_828236.csv,True,False,False,1751925379.8232613,658929.949760437
399,1751924720.8937633,1751924733.9842038,batch_consumer-sts-0_20250707_214536_828236.csv,True,False,False,1751925379.8232613,658929.4979572296
409,1751924720.8942392,1751924734.011375,batch_consumer-sts-0_20250707_214536_828236.csv,True,False,False,1751925379.8232613,658929.0220737457
419,1751924720.894676,1751924734.041005,batch_consumer-sts-0_20250707_214536_828236.csv,True,False,False,1751925379.8232613,658928.5852909088
429,1751924720.8951302,1751924734.0699558,batch_consumer-sts-0_20250707_214536_828236.csv,True,False,False,1751925379.8232613,658928.1311035156
439,1751924720.895581,1751924734.0983295,batch_consumer-sts-0_20250707_214536_828236.csv,True,False,False,1751925379.8232613,658927.6802539825
449,1751924720.8960357,1751924734.1264338,batch_consumer-sts-0_20250707_214536_828236.csv,True,False,False,1751925379.8232613,658927.2255897522
459,1751924720.8964732,1751924734.1544237,batch_consumer-sts-0_20250707_214536_828236.csv,True,False,False,1751925379.8232613,658926.7880916595
469,1751924720.896946,1751924734.687453,batch_consumer-sts-0_20250707_214536_828236.csv,True,False,False,1751925379.8232613,658926.3153076172
479,1751924720.897395,1751924734.7146196,batch_consumer-sts-0_20250707_214536_828236.csv,True,False,False,1751925379.8232613,658925.8663654327
489,1751924720.8978295,1751924734.7425857,batch_consumer-sts-0_20250707_214536_828236.csv,True,False,False,1751925379.8232613,658925.431728363
499,1751924720.8982751,1751924734.7711265,batch_consumer-sts-0_20250707_214536_828236.csv,True,False,False,1751925379.8232613,658924.9861240387
509,1751924720.8987298,1751924734.7994294,batch_consumer-sts-0_20250707_214536_828236.csv,True,False,False,1751925379.8232613,658924.5314598083
519,1751924720.899167,1751924734.8273754,batch_consumer-sts-0_20250707_214536_828236.csv,True,False,False,1751925379.8232613,658924.0942001343
529,1751924720.8996086,1751924734.85567,batch_consumer-sts-0_20250707_214536_828236.csv,True,False,False,1751925379.8232613,658923.6526489258
539,1751924720.900081,1751924734.8840492,batch_consumer-sts-0_20250707_214536_828236.csv,True,False,False,1751925379.8232613,658923.1803417206
549,1751924720.9005277,1751924734.9116435,batch_consumer-sts-0_20250707_214536_828236.csv,True,False,False,1751925379.8232613,658922.7335453033
559,1751924720.9009852,1751924734.9400873,batch_consumer-sts-0_20250707_214536_828236.csv,True,False,False,1751925379.8232613,658922.27602005
569,1751924720.901436,1751924734.9672089,batch_consumer-sts-0_20250707_214536_828236.csv,True,False,False,1751925379.8232613,658921.825170517
579,1751924720.9018989,1751924734.995082,batch_consumer-sts-0_20250707_214536_828236.csv,True,False,False,1751925379.8232613,658921.3624000549
589,1751924720.9024734,1751924735.0225108,batch_consumer-sts-0_20250707_214536_828236.csv,True,False,False,1751925379.8232613,658920.7878112793
599,1751924720.902933,1751924735.052651,batch_consumer-sts-0_20250707_214536_828236.csv,True,False,False,1751925379.8232613,658920.3283786774
609,1751924720.9034183,1751924735.0807998,batch_consumer-sts-0_20250707_214536_828236.csv,True,False,False,1751925379.8232613,658919.8429584503
619,1751924720.903854,1751924735.1088824,batch_consumer-sts-0_20250707_214536_828236.csv,True,False,False,1751925379.8232613,658919.4073677063
629,1751924720.9042287,1751924735.136587,batch_consumer-sts-0_20250707_214536_828236.csv,True,False,False,1751925379.8232613,658919.0325737
639,1751924720.9045916,1751924735.1650734,batch_consumer-sts-0_20250707_214536_828236.csv,True,False,False,1751925379.8232613,658918.6697006226
649,1751924720.9049592,1751924735.191979,batch_consumer-sts-0_20250707_214536_828236.csv,True,False,False,1751925379.8232613,658918.3020591736
659,1751924720.9053383,1751924735.219176,batch_consumer-sts-0_20250707_214536_828236.csv,True,False,False,1751925379.8232613,658917.9229736328
669,1751924720.9058614,1751924735.246646,batch_consumer-sts-0_20250707_214536_828236.csv,True,False,False,1751925379.8232613,658917.3998832703
679,1751924720.9063427,1751924735.275056,batch_consumer-sts-0_20250707_214536_828236.csv,True,False,False,1751925379.8232613,658916.918516159
689,1751924720.9067774,1751924735.303275,batch_consumer-sts-0_20250707_214536_828236.csv,True,False,False,1751925379.8232613,658916.4838790894
699,1751924720.9072227,1751924735.331946,batch_consumer-sts-0_20250707_214536_828236.csv,True,False,False,1751925379.8232613,658916.0385131836
709,1751924720.907658,1751924735.360361,batch_consumer-sts-0_20250707_214536_828236.csv,True,False,False,1751925379.8232613,658915.6031608582
719,1751924720.908084,1751924735.3890305,batch_consumer-sts-0_20250707_214536_828236.csv,True,False,False,1751925379.8232613,658915.1773452759
729,1751924720.9085386,1751924735.4163342,batch_consumer-sts-0_20250707_214536_828236.csv,True,False,False,1751925379.8232613,658914.7226810455
739,1751924720.9089978,1751924735.444288,batch_consumer-sts-0_20250707_214536_828236.csv,True,False,False,1751925379.8232613,658914.2634868622
749,1751924720.9094436,1751924735.4726293,batch_consumer-sts-0_20250707_214536_828236.csv,True,False,False,1751925379.8232613,658913.8176441193
759,1751924720.9098957,1751924735.50078,batch_consumer-sts-0_20250707_214536_828236.csv,True,False,False,1751925379.8232613,658913.3656024933
769,1751924720.910343,1751924735.528898,batch_consumer-sts-0_20250707_214536_828236.csv,True,False,False,1751925379.8232613,658912.9183292389
779,1751924720.9107969,1751924735.5567477,batch_consumer-sts-0_20250707_214536_828236.csv,True,False,False,1751925379.8232613,658912.4643802643
789,1751924720.9112484,1751924735.584856,batch_consumer-sts-0_20250707_214536_828236.csv,True,False,False,1751925379.8232613,658912.0128154755
799,1751924720.9116902,1751924735.61229,batch_consumer-sts-0_20250707_214536_828236.csv,True,False,False,1751925379.8232613,658911.5710258484
809,1751924720.912137,1751924735.640609,batch_consumer-sts-0_20250707_214536_828236.csv,True,False,False,1751925379.8232613,658911.1242294312
819,1751924720.9125743,1751924735.669192,batch_consumer-sts-0_20250707_214536_828236.csv,True,False,False,1751925379.8232613,658910.6869697571
829,1751924720.9130187,1751924735.697342,batch_consumer-sts-0_20250707_214536_828236.csv,True,False,False,1751925379.8232613,658910.2425575256
839,1751924720.913468,1751924735.728105,batch_consumer-sts-0_20250707_214536_828236.csv,True,False,False,1751925379.8232613,658909.7933769226
849,1751924720.9139264,1751924735.7552156,batch_consumer-sts-0_20250707_214536_828236.csv,True,False,False,1751925379.8232613,658909.334897995
859,1751924720.9144094,1751924735.7869227,batch_consumer-sts-0_20250707_214536_828236.csv,True,False,False,1751925379.8232613,658908.8518619537
869,1751924720.9148688,1751924735.8147712,batch_consumer-sts-0_20250707_214536_828236.csv,True,False,False,1751925379.8232613,658908.3924293518
879,1751924720.9153166,1751924735.8430758,batch_consumer-sts-0_20250707_214536_828236.csv,True,False,False,1751925379.8232613,658907.9446792603
889,1751924720.915777,1751924735.8722427,batch_consumer-sts-0_20250707_214536_828236.csv,True,False,False,1751925379.8232613,658907.484292984
899,1751924720.9162295,1751924735.900382,batch_consumer-sts-0_20250707_214536_828236.csv,True,False,False,1751925379.8232613,658907.0317745209
909,1751924720.916672,1751924735.9306056,batch_consumer-sts-0_20250707_214536_828236.csv,True,False,False,1751925379.8232613,658906.5892696381
919,1751924720.9171124,1751924735.9637964,batch_consumer-sts-0_20250707_214536_828236.csv,True,False,False,1751925379.8232613,658906.1489105225
929,1751924720.9175706,1751924735.9922044,batch_consumer-sts-0_20250707_214536_828236.csv,True,False,False,1751925379.8232613,658905.6906700134
939,1751924720.9179342,1751924736.0195596,batch_consumer-sts-0_20250707_214536_828236.csv,True,False,False,1751925379.8232613,658905.3270816803
949,1751924720.918379,1751924736.0477118,batch_consumer-sts-0_20250707_214536_828236.csv,True,False,False,1751925379.8232613,658904.8821926117
959,1751924720.9188356,1751924736.0755548,batch_consumer-sts-0_20250707_214536_828236.csv,True,False,False,1751925379.8232613,658904.4256210327
969,1751924720.9192896,1751924736.1034074,batch_consumer-sts-0_20250707_214536_828236.csv,True,False,False,1751925379.8232613,658903.9716720581
979,1751924720.9197228,1751924736.1316028,batch_consumer-sts-0_20250707_214536_828236.csv,True,False,False,1751925379.8232613,658903.5384654999
989,1751924720.9201748,1751924736.1597178,batch_consumer-sts-0_20250707_214536_828236.csv,True,False,False,1751925379.8232613,658903.0864238739
999,1751924720.9206202,1751924736.1883883,batch_consumer-sts-0_20250707_214536_828236.csv,True,False,False,1751925379.8232613,658902.6410579681
1009,1751924720.9210918,1751924736.7397766,batch_consumer-sts-0_20250707_214536_828236.csv,True,False,False,1751925379.8232613,658902.1694660187
1019,1751924720.921538,1751924736.7717438,batch_consumer-sts-0_20250707_214536_828236.csv,True,False,False,1751925379.8232613,658901.7231464386
1029,1751924720.9219787,1751924736.8000124,batch_consumer-sts-0_20250707_214536_828236.csv,True,False,False,1751925379.8232613,658901.2825489044
1039,1751924720.922429,1751924738.022957,batch_consumer-sts-0_20250707_214541_131386.csv,True,False,False,1751925379.8232613,658900.8321762085
1049,1751924720.9228604,1751924738.0512154,batch_consumer-sts-0_20250707_214541_131386.csv,True,False,False,1751925379.8232613,658900.4008769989
1059,1751924720.9233017,1751924738.0793734,batch_consumer-sts-0_20250707_214541_131386.csv,True,False,False,1751925379.8232613,658899.959564209
1069,1751924720.9237309,1751924738.10717,batch_consumer-sts-0_20250707_214541_131386.csv,True,False,False,1751925379.8232613,658899.5304107666
1079,1751924720.9241543,1751924738.17113,batch_consumer-sts-0_20250707_214541_131386.csv,True,False,False,1751925379.8232613,658899.1069793701
1089,1751924720.924569,1751924738.1999545,batch_consumer-sts-0_20250707_214541_131386.csv,True,False,False,1751925379.8232613,658898.6923694611
1099,1751924720.9250154,1751924738.2278693,batch_consumer-sts-0_20250707_214541_131386.csv,True,False,False,1751925379.8232613,658898.2458114624
1109,1751924720.925472,1751924738.256017,batch_consumer-sts-0_20250707_214541_131386.csv,True,False,False,1751925379.8232613,658897.7892398834
1119,1751924720.9258995,1751924738.2840428,batch_consumer-sts-0_20250707_214541_131386.csv,True,False,False,1751925379.8232613,658897.3617553711
1129,1751924720.9263425,1751924738.3117275,batch_consumer-sts-0_20250707_214541_131386.csv,True,False,False,1751925379.8232613,658896.9187736511
1139,1751924720.926774,1751924738.339558,batch_consumer-sts-0_20250707_214541_131386.csv,True,False,False,1751925379.8232613,658896.487236023
1149,1751924720.9271965,1751924738.367667,batch_consumer-sts-0_20250707_214541_131386.csv,True,False,False,1751925379.8232613,658896.0647583008
1159,1751924720.9276335,1751924738.3980129,batch_consumer-sts-0_20250707_214541_131386.csv,True,False,False,1751925379.8232613,658895.6277370453
1169,1751924720.9280908,1751924738.4258184,batch_consumer-sts-0_20250707_214541_131386.csv,True,False,False,1751925379.8232613,658895.1704502106
1179,1751924720.9285426,1751924738.4539046,batch_consumer-sts-0_20250707_214541_131386.csv,True,False,False,1751925379.8232613,658894.7186470032
1189,1751924720.9289775,1751924738.4818623,batch_consumer-sts-0_20250707_214541_131386.csv,True,False,False,1751925379.8232613,658894.2837715149
1199,1751924720.9294186,1751924738.5092714,batch_consumer-sts-0_20250707_214541_131386.csv,True,False,False,1751925379.8232613,658893.8426971436
1209,1751924720.929853,1751924738.537192,batch_consumer-sts-0_20250707_214541_131386.csv,True,False,False,1751925379.8232613,658893.4082984924
1219,1751924720.930304,1751924738.566308,batch_consumer-sts-0_20250707_214541_131386.csv,True,False,False,1751925379.8232613,658892.9572105408
1229,1751924720.9307518,1751924738.594784,batch_consumer-sts-0_20250707_214541_131386.csv,True,False,False,1751925379.8232613,658892.5094604492
1239,1751924720.9311836,1751924738.6218448,batch_consumer-sts-0_20250707_214541_131386.csv,True,False,False,1751925379.8232613,658892.0776844025
1249,1751924720.9318492,1751924738.6497295,batch_consumer-sts-0_20250707_214541_131386.csv,True,False,False,1751925379.8232613,658891.4120197296
1259,1751924720.932303,1751924738.677661,batch_consumer-sts-0_20250707_214541_131386.csv,True,False,False,1751925379.8232613,658890.9583091736
1269,1751924720.932755,1751924738.7048595,batch_consumer-sts-0_20250707_214541_131386.csv,True,False,False,1751925379.8232613,658890.5062675476
1279,1751924720.9332068,1751924738.7338178,batch_consumer-sts-0_20250707_214541_131386.csv,True,False,False,1751925379.8232613,658890.0544643402
1289,1751924720.9336452,1751924738.7620213,batch_consumer-sts-0_20250707_214541_131386.csv,True,False,False,1751925379.8232613,658889.6160125732
1299,1751924720.934086,1751924738.790963,batch_consumer-sts-0_20250707_214541_131386.csv,True,False,False,1751925379.8232613,658889.1751766205
1309,1751924720.9345436,1751924738.8185587,batch_consumer-sts-0_20250707_214541_131386.csv,True,False,False,1751925379.8232613,658888.7176513672
1319,1751924720.9350028,1751924738.8475225,batch_consumer-sts-0_20250707_214541_131386.csv,True,False,False,1751925379.8232613,658888.2584571838
1329,1751924720.9355054,1751924738.875877,batch_consumer-sts-0_20250707_214541_131386.csv,True,False,False,1751925379.8232613,658887.7558708191
1339,1751924720.935944,1751924738.9036305,batch_consumer-sts-0_20250707_214541_131386.csv,True,False,False,1751925379.8232613,658887.3171806335
1349,1751924720.936397,1751924738.9320314,batch_consumer-sts-0_20250707_214541_131386.csv,True,False,False,1751925379.8232613,658886.8641853333
1359,1751924720.9368348,1751924738.9601564,batch_consumer-sts-0_20250707_214541_131386.csv,True,False,False,1751925379.8232613,658886.426448822
1369,1751924720.9373033,1751924738.9873035,batch_consumer-sts-0_20250707_214541_131386.csv,True,False,False,1751925379.8232613,658885.9579563141
1379,1751924720.9377472,1751924739.0147784,batch_consumer-sts-0_20250707_214541_131386.csv,True,False,False,1751925379.8232613,658885.5140209198
1389,1751924720.9384255,1751924739.04293,batch_consumer-sts-0_20250707_214541_131386.csv,True,False,False,1751925379.8232613,658884.8357200623
1399,1751924720.9388602,1751924739.0733397,batch_consumer-sts-0_20250707_214541_131386.csv,True,False,False,1751925379.8232613,658884.4010829926
1409,1751924720.9393003,1751924739.1013582,batch_consumer-sts-0_20250707_214541_131386.csv,True,False,False,1751925379.8232613,658883.9609622955
1419,1751924720.939733,1751924739.129274,batch_consumer-sts-0_20250707_214541_131386.csv,True,False,False,1751925379.8232613,658883.5282325745
1429,1751924720.940181,1751924739.1572587,batch_consumer-sts-0_20250707_214541_131386.csv,True,False,False,1751925379.8232613,658883.0802440643
1439,1751924720.9406238,1751924739.1838171,batch_consumer-sts-0_20250707_214541_131386.csv,True,False,False,1751925379.8232613,658882.6375007629
1449,1751924720.941065,1751924739.211495,batch_consumer-sts-0_20250707_214541_131386.csv,True,False,False,1751925379.8232613,658882.196187973
1459,1751924720.941506,1751924739.238858,batch_consumer-sts-0_20250707_214541_131386.csv,True,False,False,1751925379.8232613,658881.7553520203
1469,1751924720.9419675,1751924739.2665555,batch_consumer-sts-0_20250707_214541_131386.csv,True,False,False,1751925379.8232613,658881.2937736511
1479,1751924720.9424393,1751924739.406253,batch_consumer-sts-0_20250707_214541_131386.csv,True,False,False,1751925379.8232613,658880.8219432831
1489,1751924720.9428868,1751924739.434161,batch_consumer-sts-0_20250707_214541_131386.csv,True,False,False,1751925379.8232613,658880.3744316101
1499,1751924720.9433296,1751924739.463902,batch_consumer-sts-0_20250707_214541_131386.csv,True,False,False,1751925379.8232613,658879.9316883087
1509,1751924720.943741,1751924739.491879,batch_consumer-sts-0_20250707_214541_131386.csv,True,False,False,1751925379.8232613,658879.5201778412
1519,1751924720.9440832,1751924739.5191984,batch_consumer-sts-0_20250707_214541_131386.csv,True,False,False,1751925379.8232613,658879.1780471802
1529,1751924720.9444818,1751924739.5471957,batch_consumer-sts-0_20250707_214541_131386.csv,True,False,False,1751925379.8232613,658878.7794113159
1539,1751924720.9449832,1751924739.575094,batch_consumer-sts-0_20250707_214541_131386.csv,True,False,False,1751925379.8232613,658878.2780170441
1549,1751924720.9454055,1751924739.603168,batch_consumer-sts-0_20250707_214541_131386.csv,True,False,False,1751925379.8232613,658877.8557777405
1559,1751924720.9458463,1751924739.631304,batch_consumer-sts-0_20250707_214541_131386.csv,True,False,False,1751925379.8232613,658877.4149417877
1569,1751924720.946302,1751924739.6591878,batch_consumer-sts-0_20250707_214541_131386.csv,True,False,False,1751925379.8232613,658876.959323883
1579,1751924720.9467344,1751924739.6901238,batch_consumer-sts-0_20250707_214541_131386.csv,True,False,False,1751925379.8232613,658876.5268325806
1589,1751924720.9471753,1751924739.7171924,batch_consumer-sts-0_20250707_214541_131386.csv,True,False,False,1751925379.8232613,658876.0859966278
1599,1751924720.9476287,1751924739.7451482,batch_consumer-sts-0_20250707_214541_131386.csv,True,False,False,1751925379.8232613,658875.6325244904
1609,1751924720.9480689,1751924739.7729132,batch_consumer-sts-0_20250707_214541_131386.csv,True,False,False,1751925379.8232613,658875.1924037933
1619,1751924720.9485035,1751924739.801695,batch_consumer-sts-0_20250707_214541_131386.csv,True,False,False,1751925379.8232613,658874.7577667236
1629,1751924720.9489465,1751924739.8303862,batch_consumer-sts-0_20250707_214541_131386.csv,True,False,False,1751925379.8232613,658874.3147850037
1639,1751924720.949407,1751924739.8590496,batch_consumer-sts-0_20250707_214541_131386.csv,True,False,False,1751925379.8232613,658873.8541603088
1649,1751924720.9498324,1751924739.891909,batch_consumer-sts-0_20250707_214541_131386.csv,True,False,False,1751925379.8232613,658873.4288215637
1659,1751924720.9502916,1751924739.919419,batch_consumer-sts-0_20250707_214541_131386.csv,True,False,False,1751925379.8232613,658872.9696273804
1669,1751924720.95071,1751924739.9476953,batch_consumer-sts-0_20250707_214541_131386.csv,True,False,False,1751925379.8232613,658872.551202774
1679,1751924720.95114,1751924739.9760988,batch_consumer-sts-0_20250707_214541_131386.csv,True,False,False,1751925379.8232613,658872.1213340759
1689,1751924720.95158,1751924740.0053253,batch_consumer-sts-0_20250707_214541_131386.csv,True,False,False,1751925379.8232613,658871.6812133789
1699,1751924720.9520097,1751924740.0364766,batch_consumer-sts-0_20250707_214541_131386.csv,True,False,False,1751925379.8232613,658871.2515830994
1709,1751924720.9524405,1751924740.0648637,batch_consumer-sts-0_20250707_214541_131386.csv,True,False,False,1751925379.8232613,658870.8207607269
1719,1751924720.95286,1751924740.092672,batch_consumer-sts-0_20250707_214541_131386.csv,True,False,False,1751925379.8232613,658870.4011440277
1729,1751924720.953282,1751924740.1202786,batch_consumer-sts-0_20250707_214541_131386.csv,True,False,False,1751925379.8232613,658869.9791431427
1739,1751924720.9537346,1751924740.148646,batch_consumer-sts-0_20250707_214541_131386.csv,True,False,False,1751925379.8232613,658869.5266246796
1749,1751924720.9541788,1751924740.1769855,batch_consumer-sts-0_20250707_214541_131386.csv,True,False,False,1751925379.8232613,658869.0824508667
1759,1751924720.954612,1751924740.20468,batch_consumer-sts-0_20250707_214541_131386.csv,True,False,False,1751925379.8232613,658868.6492443085
1769,1751924720.955037,1751924740.23236,batch_consumer-sts-0_20250707_214541_131386.csv,True,False,False,1751925379.8232613,658868.2241439819
1779,1751924720.9554744,1751924740.260455,batch_consumer-sts-0_20250707_214541_131386.csv,True,False,False,1751925379.8232613,658867.7868843079
1789,1751924720.955897,1751924740.2884145,batch_consumer-sts-0_20250707_214541_131386.csv,True,False,False,1751925379.8232613,658867.3641681671
1799,1751924720.9562964,1751924740.3155131,batch_consumer-sts-0_20250707_214541_131386.csv,True,False,False,1751925379.8232613,658866.9648170471
1809,1751924720.956655,1751924740.3434358,batch_consumer-sts-0_20250707_214541_131386.csv,True,False,False,1751925379.8232613,658866.6062355042
1819,1751924720.9570072,1751924740.3714004,batch_consumer-sts-0_20250707_214541_131386.csv,True,False,False,1751925379.8232613,658866.2540912628
1829,1751924720.957401,1751924740.3998692,batch_consumer-sts-0_20250707_214541_131386.csv,True,False,False,1751925379.8232613,658865.8602237701
1839,1751924720.9578369,1751924740.4315186,batch_consumer-sts-0_20250707_214541_131386.csv,True,False,False,1751925379.8232613,658865.4243946075
1849,1751924720.9582758,1751924740.4593754,batch_consumer-sts-0_20250707_214541_131386.csv,True,False,False,1751925379.8232613,658864.9854660034
1859,1751924720.958702,1751924740.4873335,batch_consumer-sts-0_20250707_214541_131386.csv,True,False,False,1751925379.8232613,658864.559173584
1869,1751924720.959147,1751924740.5146048,batch_consumer-sts-0_20250707_214541_131386.csv,True,False,False,1751925379.8232613,658864.1142845154
1879,1751924720.9595954,1751924740.5423045,batch_consumer-sts-0_20250707_214541_131386.csv,True,False,False,1751925379.8232613,658863.6658191681
1889,1751924720.9600325,1751924740.5722325,batch_consumer-sts-0_20250707_214541_131386.csv,True,False,False,1751925379.8232613,658863.2287979126
1899,1751924720.9604638,1751924740.6001737,batch_consumer-sts-0_20250707_214541_131386.csv,True,False,False,1751925379.8232613,658862.797498703
1909,1751924720.960897,1751924740.62721,batch_consumer-sts-0_20250707_214541_131386.csv,True,False,False,1751925379.8232613,658862.3642921448
1919,1751924720.9613478,1751924740.6543896,batch_consumer-sts-0_20250707_214541_131386.csv,True,False,False,1751925379.8232613,658861.9134426117
1929,1751924720.9617903,1751924740.6827352,batch_consumer-sts-0_20250707_214541_131386.csv,True,False,False,1751925379.8232613,658861.4709377289
1939,1751924720.9623687,1751924740.7101142,batch_consumer-sts-0_20250707_214541_131386.csv,True,False,False,1751925379.8232613,658860.892534256
1949,1751924720.9628294,1751924740.7412286,batch_consumer-sts-0_20250707_214541_131386.csv,True,False,False,1751925379.8232613,658860.4319095612
1959,1751924720.9632645,1751924740.7707677,batch_consumer-sts-0_20250707_214541_131386.csv,True,False,False,1751925379.8232613,658859.9967956543
1969,1751924720.963695,1751924740.8000112,batch_consumer-sts-0_20250707_214541_131386.csv,True,False,False,1751925379.8232613,658859.5662117004
1979,1751924720.9641497,1751924740.8281777,batch_consumer-sts-0_20250707_214541_131386.csv,True,False,False,1751925379.8232613,658859.1115474701
1989,1751924720.9646084,1751924740.85492,batch_consumer-sts-0_20250707_214541_131386.csv,True,False,False,1751925379.8232613,658858.6528301239
1999,1751924720.965075,1751924741.0211103,batch_consumer-sts-0_20250707_214541_131386.csv,True,False,False,1751925379.8232613,658858.1862449646
2009,1751924720.9655254,1751924741.0478077,batch_consumer-sts-0_20250707_214541_131386.csv,True,False,False,1751925379.8232613,658857.7358722687
2019,1751924720.9659524,1751924741.0754132,batch_consumer-sts-0_20250707_214541_131386.csv,True,False,False,1751925379.8232613,658857.3088645935
2029,1751924720.9663904,1751924741.103204,batch_consumer-sts-0_20250707_214541_131386.csv,True,False,False,1751925379.8232613,658856.8708896637
2039,1751924720.9668384,1751924741.3862226,batch_consumer-sts-0_20250707_214545_599575.csv,True,False,False,1751925379.8232613,658856.4229011536
2049,1751924720.9672737,1751924741.499268,batch_consumer-sts-0_20250707_214545_599575.csv,True,False,False,1751925379.8232613,658855.9875488281
2059,1751924720.9677055,1751924741.5297165,batch_consumer-sts-0_20250707_214545_599575.csv,True,False,False,1751925379.8232613,658855.5557727814
2069,1751924720.968125,1751924741.5587096,batch_consumer-sts-0_20250707_214545_599575.csv,True,False,False,1751925379.8232613,658855.1361560822
2079,1751924720.968569,1751924741.5869117,batch_consumer-sts-0_20250707_214545_599575.csv,True,False,False,1751925379.8232613,658854.6922206879
2089,1751924720.9690044,1751924741.615513,batch_consumer-sts-0_20250707_214545_599575.csv,True,False,False,1751925379.8232613,658854.2568683624
2099,1751924720.9694324,1751924741.646885,batch_consumer-sts-0_20250707_214545_599575.csv,True,False,False,1751925379.8232613,658853.8289070129
2109,1751924720.9698694,1751924741.6749582,batch_consumer-sts-0_20250707_214545_599575.csv,True,False,False,1751925379.8232613,658853.3918857574
2119,1751924720.970312,1751924741.7028232,batch_consumer-sts-0_20250707_214545_599575.csv,True,False,False,1751925379.8232613,658852.949142456
2129,1751924720.970743,1751924741.7307427,batch_consumer-sts-0_20250707_214545_599575.csv,True,False,False,1751925379.8232613,658852.5183200836
2139,1751924720.9712162,1751924741.7584517,batch_consumer-sts-0_20250707_214545_599575.csv,True,False,False,1751925379.8232613,658852.0450592041
2149,1751924720.9716084,1751924741.7865613,batch_consumer-sts-0_20250707_214545_599575.csv,True,False,False,1751925379.8232613,658851.6528606415
2159,1751924720.971956,1751924741.8140185,batch_consumer-sts-0_20250707_214545_599575.csv,True,False,False,1751925379.8232613,658851.3052463531
2169,1751924720.9723454,1751924741.8425283,batch_consumer-sts-0_20250707_214545_599575.csv,True,False,False,1751925379.8232613,658850.9159088135
2179,1751924720.97287,1751924741.8700256,batch_consumer-sts-0_20250707_214545_599575.csv,True,False,False,1751925379.8232613,658850.3911495209
2189,1751924720.9732902,1751924741.897274,batch_consumer-sts-0_20250707_214545_599575.csv,True,False,False,1751925379.8232613,658849.9710559845
2199,1751924720.9737177,1751924741.924642,batch_consumer-sts-0_20250707_214545_599575.csv,True,False,False,1751925379.8232613,658849.5435714722
2209,1751924720.974189,1751924741.9521513,batch_consumer-sts-0_20250707_214545_599575.csv,True,False,False,1751925379.8232613,658849.0722179413
2219,1751924720.974637,1751924741.9795475,batch_consumer-sts-0_20250707_214545_599575.csv,True,False,False,1751925379.8232613,658848.6242294312
2229,1751924720.975067,1751924742.0069425,batch_consumer-sts-0_20250707_214545_599575.csv,True,False,False,1751925379.8232613,658848.194360733
2239,1751924720.9755073,1751924743.038298,batch_consumer-sts-0_20250707_214545_599575.csv,True,False,False,1751925379.8232613,658847.7540016174
2249,1751924720.9759526,1751924743.0661323,batch_consumer-sts-0_20250707_214545_599575.csv,True,False,False,1751925379.8232613,658847.3086357117
2259,1751924720.9764185,1751924743.0938609,batch_consumer-sts-0_20250707_214545_599575.csv,True,False,False,1751925379.8232613,658846.8427658081
2269,1751924720.9768815,1751924743.1205494,batch_consumer-sts-0_20250707_214545_599575.csv,True,False,False,1751925379.8232613,658846.3797569275
2279,1751924720.9773252,1751924743.1480613,batch_consumer-sts-0_20250707_214545_599575.csv,True,False,False,1751925379.8232613,658845.9360599518
2289,1751924720.977783,1751924743.1757157,batch_consumer-sts-0_20250707_214545_599575.csv,True,False,False,1751925379.8232613,658845.4782962799
2299,1751924720.978236,1751924743.2037897,batch_consumer-sts-0_20250707_214545_599575.csv,True,False,False,1751925379.8232613,658845.0253009796
2309,1751924720.9787586,1751924743.2311687,batch_consumer-sts-0_20250707_214545_599575.csv,True,False,False,1751925379.8232613,658844.5026874542
2319,1751924720.9792285,1751924743.2587893,batch_consumer-sts-0_20250707_214545_599575.csv,True,False,False,1751925379.8232613,658844.0327644348
2329,1751924720.979702,1751924743.2868092,batch_consumer-sts-0_20250707_214545_599575.csv,True,False,False,1751925379.8232613,658843.5592651367
2339,1751924720.9801486,1751924743.3138063,batch_consumer-sts-0_20250707_214545_599575.csv,True,False,False,1751925379.8232613,658843.1127071381
2349,1751924720.9805892,1751924743.3412845,batch_consumer-sts-0_20250707_214545_599575.csv,True,False,False,1751925379.8232613,658842.6721096039
2359,1751924720.9813375,1751924743.371683,batch_consumer-sts-0_20250707_214545_599575.csv,True,False,False,1751925379.8232613,658841.9237136841
2369,1751924720.981788,1751924743.399385,batch_consumer-sts-0_20250707_214545_599575.csv,True,False,False,1751925379.8232613,658841.4733409882
2379,1751924720.982339,1751924743.427936,batch_consumer-sts-0_20250707_214545_599575.csv,True,False,False,1751925379.8232613,658840.9223556519
2389,1751924720.9829495,1751924743.45599,batch_consumer-sts-0_20250707_214545_599575.csv,True,False,False,1751925379.8232613,658840.3117656708
2399,1751924720.983416,1751924743.484275,batch_consumer-sts-0_20250707_214545_599575.csv,True,False,False,1751925379.8232613,658839.8451805115
2409,1751924720.9838629,1751924743.5105937,batch_consumer-sts-0_20250707_214545_599575.csv,True,False,False,1751925379.8232613,658839.3983840942
2419,1751924720.9842987,1751924743.5385623,batch_consumer-sts-0_20250707_214545_599575.csv,True,False,False,1751925379.8232613,658838.9625549316
2429,1751924720.9848096,1751924743.5663085,batch_consumer-sts-0_20250707_214545_599575.csv,True,False,False,1751925379.8232613,658838.4516239166
2439,1751924720.985315,1751924743.593838,batch_consumer-sts-0_20250707_214545_599575.csv,True,False,False,1751925379.8232613,658837.9461765289
2449,1751924720.985978,1751924743.6208112,batch_consumer-sts-0_20250707_214545_599575.csv,True,False,False,1751925379.8232613,658837.283372879
2459,1751924720.9864447,1751924743.6483283,batch_consumer-sts-0_20250707_214545_599575.csv,True,False,False,1751925379.8232613,658836.8165493011
2469,1751924720.9869273,1751924743.675889,batch_consumer-sts-0_20250707_214545_599575.csv,True,False,False,1751925379.8232613,658836.333990097
2479,1751924720.9873898,1751924743.703459,batch_consumer-sts-0_20250707_214545_599575.csv,True,False,False,1751925379.8232613,658835.8714580536
2489,1751924720.9881177,1751924743.7308831,batch_consumer-sts-0_20250707_214545_599575.csv,True,False,False,1751925379.8232613,658835.1435661316
2499,1751924720.9886043,1751924743.759755,batch_consumer-sts-0_20250707_214545_599575.csv,True,False,False,1751925379.8232613,658834.6569538116
2509,1751924720.989091,1751924743.7879066,batch_consumer-sts-0_20250707_214545_599575.csv,True,False,False,1751925379.8232613,658834.1703414917
2519,1751924720.989545,1751924743.815055,batch_consumer-sts-0_20250707_214545_599575.csv,True,False,False,1751925379.8232613,658833.7161540985
2529,1751924720.9899929,1751924743.842801,batch_consumer-sts-0_20250707_214545_599575.csv,True,False,False,1751925379.8232613,658833.268404007
2539,1751924720.9904883,1751924743.8705978,batch_consumer-sts-0_20250707_214545_599575.csv,True,False,False,1751925379.8232613,658832.7729701996
2549,1751924720.9909594,1751924743.8984606,batch_consumer-sts-0_20250707_214545_599575.csv,True,False,False,1751925379.8232613,658832.3018550873
2559,1751924720.991418,1751924743.9259684,batch_consumer-sts-0_20250707_214545_599575.csv,True,False,False,1751925379.8232613,658831.8433761597
2569,1751924720.9918883,1751924743.9541082,batch_consumer-sts-0_20250707_214545_599575.csv,True,False,False,1751925379.8232613,658831.3729763031
2579,1751924720.9923337,1751924743.9819152,batch_consumer-sts-0_20250707_214545_599575.csv,True,False,False,1751925379.8232613,658830.9276103973
2589,1751924720.992794,1751924744.0092652,batch_consumer-sts-0_20250707_214545_599575.csv,True,False,False,1751925379.8232613,658830.4672241211
2599,1751924720.9932618,1751924744.0381684,batch_consumer-sts-0_20250707_214545_599575.csv,True,False,False,1751925379.8232613,658829.9994468689
2609,1751924720.9937308,1751924744.0650582,batch_consumer-sts-0_20250707_214545_599575.csv,True,False,False,1751925379.8232613,658829.5304775238
2619,1751924720.9942107,1751924744.0930076,batch_consumer-sts-0_20250707_214545_599575.csv,True,False,False,1751925379.8232613,658829.0505409241
2629,1751924720.9946623,1751924744.1208975,batch_consumer-sts-0_20250707_214545_599575.csv,True,False,False,1751925379.8232613,658828.5989761353
2639,1751924720.9951792,1751924744.1485405,batch_consumer-sts-0_20250707_214545_599575.csv,True,False,False,1751925379.8232613,658828.0820846558
2649,1751924720.9956374,1751924744.177635,batch_consumer-sts-0_20250707_214545_599575.csv,True,False,False,1751925379.8232613,658827.6238441467
2659,1751924720.9960904,1751924744.2056837,batch_consumer-sts-0_20250707_214545_599575.csv,True,False,False,1751925379.8232613,658827.1708488464
2669,1751924720.996532,1751924744.2344725,batch_consumer-sts-0_20250707_214545_599575.csv,True,False,False,1751925379.8232613,658826.7292976379
2679,1751924720.996976,1751924744.2686446,batch_consumer-sts-0_20250707_214545_599575.csv,True,False,False,1751925379.8232613,658826.2853622437
2689,1751924720.9974236,1751924744.308554,batch_consumer-sts-0_20250707_214545_599575.csv,True,False,False,1751925379.8232613,658825.8376121521
2699,1751924720.9978547,1751924744.3388352,batch_consumer-sts-0_20250707_214545_599575.csv,True,False,False,1751925379.8232613,658825.4065513611
2709,1751924720.9983337,1751924744.3673973,batch_consumer-sts-0_20250707_214545_599575.csv,True,False,False,1751925379.8232613,658824.9275684357
2719,1751924720.9987786,1751924744.3963852,batch_consumer-sts-0_20250707_214545_599575.csv,True,False,False,1751925379.8232613,658824.4826793671
2729,1751924720.9992266,1751924744.709025,batch_consumer-sts-0_20250707_214545_599575.csv,True,False,False,1751925379.8232613,658824.0346908569
2739,1751924720.9996777,1751924744.7388637,batch_consumer-sts-0_20250707_214545_599575.csv,True,False,False,1751925379.8232613,658823.5836029053
2749,1751924721.0001657,1751924744.77204,batch_consumer-sts-0_20250707_214545_599575.csv,True,False,False,1751925379.8232613,658823.0955600739
2759,1751924721.0006142,1751924744.8012116,batch_consumer-sts-0_20250707_214545_599575.csv,True,False,False,1751925379.8232613,658822.6470947266
2769,1751924721.0010877,1751924744.829119,batch_consumer-sts-0_20250707_214545_599575.csv,True,False,False,1751925379.8232613,658822.1735954285
2779,1751924721.0014946,1751924744.8610826,batch_consumer-sts-0_20250707_214545_599575.csv,True,False,False,1751925379.8232613,658821.7666149139
2789,1751924721.001943,1751924744.8898249,batch_consumer-sts-0_20250707_214545_599575.csv,True,False,False,1751925379.8232613,658821.3181495667
2799,1751924721.0024323,1751924744.918257,batch_consumer-sts-0_20250707_214545_599575.csv,True,False,False,1751925379.8232613,658820.8289146423
2809,1751924721.0028782,1751924744.9456797,batch_consumer-sts-0_20250707_214545_599575.csv,True,False,False,1751925379.8232613,658820.3830718994
2819,1751924721.0051365,1751924744.974957,batch_consumer-sts-0_20250707_214545_599575.csv,True,False,False,1751925379.8232613,658818.1247711182
2829,1751924721.00564,1751924745.00346,batch_consumer-sts-0_20250707_214545_599575.csv,True,False,False,1751925379.8232613,658817.6212310791
2839,1751924721.0061193,1751924745.031384,batch_consumer-sts-0_20250707_214545_599575.csv,True,False,False,1751925379.8232613,658817.1420097351
2849,1751924721.0066128,1751924745.0589745,batch_consumer-sts-0_20250707_214545_599575.csv,True,False,False,1751925379.8232613,658816.6484832764
2859,1751924721.0070808,1751924745.0876186,batch_consumer-sts-0_20250707_214545_599575.csv,True,False,False,1751925379.8232613,658816.1804676056
2869,1751924721.0075366,1751924745.115893,batch_consumer-sts-0_20250707_214545_599575.csv,True,False,False,1751925379.8232613,658815.7246112823
2879,1751924721.0079746,1751924745.1464903,batch_consumer-sts-0_20250707_214545_599575.csv,True,False,False,1751925379.8232613,658815.2866363525
2889,1751924721.0084531,1751924745.177506,batch_consumer-sts-0_20250707_214545_599575.csv,True,False,False,1751925379.8232613,658814.8081302643
2899,1751924721.008914,1751924745.2067034,batch_consumer-sts-0_20250707_214545_599575.csv,True,False,False,1751925379.8232613,658814.3472671509
2909,1751924721.0093796,1751924745.2359283,batch_consumer-sts-0_20250707_214545_599575.csv,True,False,False,1751925379.8232613,658813.8816356659
2919,1751924721.0098224,1751924745.2637036,batch_consumer-sts-0_20250707_214545_599575.csv,True,False,False,1751925379.8232613,658813.4388923645
2929,1751924721.0102766,1751924745.2943432,batch_consumer-sts-0_20250707_214545_599575.csv,True,False,False,1751925379.8232613,658812.9847049713
2939,1751924721.010738,1751924745.321488,batch_consumer-sts-0_20250707_214545_599575.csv,True,False,False,1751925379.8232613,658812.5233650208
2949,1751924721.0111957,1751924745.3489215,batch_consumer-sts-0_20250707_214545_599575.csv,True,False,False,1751925379.8232613,658812.0656013489
2959,1751924721.0116403,1751924745.3767972,batch_consumer-sts-0_20250707_214545_599575.csv,True,False,False,1751925379.8232613,658811.6209506989
2969,1751924721.0120893,1751924745.4045804,batch_consumer-sts-0_20250707_214545_599575.csv,True,False,False,1751925379.8232613,658811.1720085144
2979,1751924721.0125425,1751924745.4329789,batch_consumer-sts-0_20250707_214545_599575.csv,True,False,False,1751925379.8232613,658810.7187747955
2989,1751924721.012981,1751924745.4604735,batch_consumer-sts-0_20250707_214545_599575.csv,True,False,False,1751925379.8232613,658810.2803230286
2999,1751924721.0134416,1751924745.4880164,batch_consumer-sts-0_20250707_214545_599575.csv,True,False,False,1751925379.8232613,658809.8196983337
3009,1751924721.013904,1751924745.5153103,batch_consumer-sts-0_20250707_214545_599575.csv,True,False,False,1751925379.8232613,658809.3571662903
3019,1751924721.014452,1751924745.5431068,batch_consumer-sts-0_20250707_214545_599575.csv,True,False,False,1751925379.8232613,658808.8092803955
3029,1751924721.0148282,1751924745.5711544,batch_consumer-sts-0_20250707_214545_599575.csv,True,False,False,1751925379.8232613,658808.4330558777
3039,1751924721.015059,1751924745.7918105,batch_consumer-sts-0_20250707_214550_629736.csv,True,False,False,1751925379.8232613,658808.2022666931
3049,1751924721.0152862,1751924745.8194191,batch_consumer-sts-0_20250707_214550_629736.csv,True,False,False,1751925379.8232613,658807.9750537872
3059,1751924721.0155113,1751924745.8473794,batch_consumer-sts-0_20250707_214550_629736.csv,True,False,False,1751925379.8232613,658807.7499866486
3069,1751924721.0157256,1751924745.8760543,batch_consumer-sts-0_20250707_214550_629736.csv,True,False,False,1751925379.8232613,658807.535648346
3079,1751924721.015977,1751924745.904104,batch_consumer-sts-0_20250707_214550_629736.csv,True,False,False,1751925379.8232613,658807.2843551636
3089,1751924721.0162082,1751924745.9324667,batch_consumer-sts-0_20250707_214550_629736.csv,True,False,False,1751925379.8232613,658807.0530891418
3099,1751924721.01643,1751924745.9631758,batch_consumer-sts-0_20250707_214550_629736.csv,True,False,False,1751925379.8232613,658806.8313598633
3109,1751924721.0166628,1751924745.9921222,batch_consumer-sts-0_20250707_214550_629736.csv,True,False,False,1751925379.8232613,658806.5984249115
3119,1751924721.0168922,1751924746.0197992,batch_consumer-sts-0_20250707_214550_629736.csv,True,False,False,1751925379.8232613,658806.3690662384
3129,1751924721.0171118,1751924746.0474746,batch_consumer-sts-0_20250707_214550_629736.csv,True,False,False,1751925379.8232613,658806.149482727
3139,1751924721.0173452,1751924746.0738137,batch_consumer-sts-0_20250707_214550_629736.csv,True,False,False,1751925379.8232613,658805.9160709381
3149,1751924721.017568,1751924746.1011703,batch_consumer-sts-0_20250707_214550_629736.csv,True,False,False,1751925379.8232613,658805.6931495667
3159,1751924721.0178173,1751924746.1294196,batch_consumer-sts-0_20250707_214550_629736.csv,True,False,False,1751925379.8232613,658805.4440021515
3169,1751924721.018047,1751924746.1583157,batch_consumer-sts-0_20250707_214550_629736.csv,True,False,False,1751925379.8232613,658805.2141666412
3179,1751924721.0183008,1751924746.1860733,batch_consumer-sts-0_20250707_214550_629736.csv,True,False,False,1751925379.8232613,658804.9604892731
3189,1751924721.018529,1751924746.2132964,batch_consumer-sts-0_20250707_214550_629736.csv,True,False,False,1751925379.8232613,658804.7323226929
3199,1751924721.018751,1751924746.2400484,batch_consumer-sts-0_20250707_214550_629736.csv,True,False,False,1751925379.8232613,658804.5103549957
3209,1751924721.0189767,1751924746.2672875,batch_consumer-sts-0_20250707_214550_629736.csv,True,False,False,1751925379.8232613,658804.2845726013
3219,1751924721.019198,1751924746.2963047,batch_consumer-sts-0_20250707_214550_629736.csv,True,False,False,1751925379.8232613,658804.0633201599
3229,1751924721.019424,1751924746.32365,batch_consumer-sts-0_20250707_214550_629736.csv,True,False,False,1751925379.8232613,658803.8372993469
3239,1751924721.0196416,1751924746.351781,batch_consumer-sts-0_20250707_214550_629736.csv,True,False,False,1751925379.8232613,658803.6196231842
3249,1751924721.0198622,1751924746.3800292,batch_consumer-sts-0_20250707_214550_629736.csv,True,False,False,1751925379.8232613,658803.3990859985
3259,1751924721.0200806,1751924746.4069223,batch_consumer-sts-0_20250707_214550_629736.csv,True,False,False,1751925379.8232613,658803.1806945801
3269,1751924721.0202975,1751924746.4348638,batch_consumer-sts-0_20250707_214550_629736.csv,True,False,False,1751925379.8232613,658802.9637336731
3279,1751924721.0205257,1751924746.8828676,batch_consumer-sts-0_20250707_214550_629736.csv,True,False,False,1751925379.8232613,658802.7355670929
3289,1751924721.0207994,1751924746.910696,batch_consumer-sts-0_20250707_214550_629736.csv,True,False,False,1751925379.8232613,658802.4618625641
3299,1751924721.0210278,1751924746.939816,batch_consumer-sts-0_20250707_214550_629736.csv,True,False,False,1751925379.8232613,658802.2334575653
3309,1751924721.0212493,1751924746.9679334,batch_consumer-sts-0_20250707_214550_629736.csv,True,False,False,1751925379.8232613,658802.0119667053
3319,1751924721.0214696,1751924746.995608,batch_consumer-sts-0_20250707_214550_629736.csv,True,False,False,1751925379.8232613,658801.7916679382
3329,1751924721.0216925,1751924747.02344,batch_consumer-sts-0_20250707_214550_629736.csv,True,False,False,1751925379.8232613,658801.5687465668
3339,1751924721.021924,1751924747.0512435,batch_consumer-sts-0_20250707_214550_629736.csv,True,False,False,1751925379.8232613,658801.3372421265
3349,1751924721.022158,1751924747.0777848,batch_consumer-sts-0_20250707_214550_629736.csv,True,False,False,1751925379.8232613,658801.1033535004
3359,1751924721.0223904,1751924747.1054466,batch_consumer-sts-0_20250707_214550_629736.csv,True,False,False,1751925379.8232613,658800.8708953857
3369,1751924721.0226152,1751924747.1333487,batch_consumer-sts-0_20250707_214550_629736.csv,True,False,False,1751925379.8232613,658800.6460666656
3379,1751924721.022838,1751924747.1598346,batch_consumer-sts-0_20250707_214550_629736.csv,True,False,False,1751925379.8232613,658800.4231452942
3389,1751924721.0230627,1751924747.1878135,batch_consumer-sts-0_20250707_214550_629736.csv,True,False,False,1751925379.8232613,658800.1985549927
3399,1751924721.023286,1751924747.2152166,batch_consumer-sts-0_20250707_214550_629736.csv,True,False,False,1751925379.8232613,658799.975156784
3409,1751924721.0235066,1751924747.243005,batch_consumer-sts-0_20250707_214550_629736.csv,True,False,False,1751925379.8232613,658799.7546195984
3419,1751924721.023741,1751924747.2711158,batch_consumer-sts-0_20250707_214550_629736.csv,True,False,False,1751925379.8232613,658799.5202541351
3429,1751924721.0239675,1751924747.2989726,batch_consumer-sts-0_20250707_214550_629736.csv,True,False,False,1751925379.8232613,658799.293756485
3439,1751924721.02419,1751924748.3289056,batch_consumer-sts-0_20250707_214550_629736.csv,True,False,False,1751925379.8232613,658799.0713119507
3449,1751924721.0244086,1751924748.35895,batch_consumer-sts-0_20250707_214550_629736.csv,True,False,False,1751925379.8232613,658798.8526821136
3459,1751924721.0246294,1751924748.3868513,batch_consumer-sts-0_20250707_214550_629736.csv,True,False,False,1751925379.8232613,658798.6319065094
3469,1751924721.0248563,1751924748.414025,batch_consumer-sts-0_20250707_214550_629736.csv,True,False,False,1751925379.8232613,658798.4049320221
3479,1751924721.025077,1751924748.444416,batch_consumer-sts-0_20250707_214550_629736.csv,True,False,False,1751925379.8232613,658798.1841564178
3489,1751924721.025298,1751924748.4720328,batch_consumer-sts-0_20250707_214550_629736.csv,True,False,False,1751925379.8232613,658797.963142395
3499,1751924721.025524,1751924748.4994397,batch_consumer-sts-0_20250707_214550_629736.csv,True,False,False,1751925379.8232613,658797.7373600006
3509,1751924721.0257466,1751924748.527051,batch_consumer-sts-0_20250707_214550_629736.csv,True,False,False,1751925379.8232613,658797.5146770477
3519,1751924721.0259688,1751924748.5552006,batch_consumer-sts-0_20250707_214550_629736.csv,True,False,False,1751925379.8232613,658797.292470932
3529,1751924721.0262003,1751924748.5829537,batch_consumer-sts-0_20250707_214550_629736.csv,True,False,False,1751925379.8232613,658797.0609664917
3539,1751924721.026415,1751924748.61103,batch_consumer-sts-0_20250707_214550_629736.csv,True,False,False,1751925379.8232613,658796.8461513519
3549,1751924721.0266418,1751924748.6386094,batch_consumer-sts-0_20250707_214550_629736.csv,True,False,False,1751925379.8232613,658796.6194152832
3559,1751924721.026868,1751924748.6664715,batch_consumer-sts-0_20250707_214550_629736.csv,True,False,False,1751925379.8232613,658796.3931560516
3569,1751924721.0270922,1751924748.6941838,batch_consumer-sts-0_20250707_214550_629736.csv,True,False,False,1751925379.8232613,658796.1690425873
3579,1751924721.0273175,1751924748.7211497,batch_consumer-sts-0_20250707_214550_629736.csv,True,False,False,1751925379.8232613,658795.94373703
3589,1751924721.0275433,1751924748.748589,batch_consumer-sts-0_20250707_214550_629736.csv,True,False,False,1751925379.8232613,658795.7179546356
3599,1751924721.0277765,1751924748.7760594,batch_consumer-sts-0_20250707_214550_629736.csv,True,False,False,1751925379.8232613,658795.4847812653
3609,1751924721.028003,1751924748.8040504,batch_consumer-sts-0_20250707_214550_629736.csv,True,False,False,1751925379.8232613,658795.2582836151
3619,1751924721.028228,1751924748.8319266,batch_consumer-sts-0_20250707_214550_629736.csv,True,False,False,1751925379.8232613,658795.0332164764
3629,1751924721.02845,1751924748.8596098,batch_consumer-sts-0_20250707_214550_629736.csv,True,False,False,1751925379.8232613,658794.8112487793
3639,1751924721.0286715,1751924748.8875916,batch_consumer-sts-0_20250707_214550_629736.csv,True,False,False,1751925379.8232613,658794.5897579193
3649,1751924721.0288987,1751924748.9168673,batch_consumer-sts-0_20250707_214550_629736.csv,True,False,False,1751925379.8232613,658794.3625450134
3659,1751924721.0291278,1751924748.945171,batch_consumer-sts-0_20250707_214550_629736.csv,True,False,False,1751925379.8232613,658794.1334247589
3669,1751924721.0293458,1751924748.9737344,batch_consumer-sts-0_20250707_214550_629736.csv,True,False,False,1751925379.8232613,658793.9155101776
3679,1751924721.0295677,1751924749.0019484,batch_consumer-sts-0_20250707_214550_629736.csv,True,False,False,1751925379.8232613,658793.6935424805
3689,1751924721.0297534,1751924749.0365143,batch_consumer-sts-0_20250707_214550_629736.csv,True,False,False,1751925379.8232613,658793.5078144073
3699,1751924721.0299408,1751924749.067695,batch_consumer-sts-0_20250707_214550_629736.csv,True,False,False,1751925379.8232613,658793.3204174042
3709,1751924721.030123,1751924749.0953689,batch_consumer-sts-0_20250707_214550_629736.csv,True,False,False,1751925379.8232613,658793.1382656097
3719,1751924721.0303617,1751924749.1223092,batch_consumer-sts-0_20250707_214550_629736.csv,True,False,False,1751925379.8232613,658792.8996086121
3729,1751924721.030578,1751924749.1489248,batch_consumer-sts-0_20250707_214550_629736.csv,True,False,False,1751925379.8232613,658792.6833629608
3739,1751924721.030805,1751924749.1769564,batch_consumer-sts-0_20250707_214550_629736.csv,True,False,False,1751925379.8232613,658792.4561500549
3749,1751924721.0310233,1751924749.2053792,batch_consumer-sts-0_20250707_214550_629736.csv,True,False,False,1751925379.8232613,658792.237997055
3759,1751924721.031249,1751924749.2344942,batch_consumer-sts-0_20250707_214550_629736.csv,True,False,False,1751925379.8232613,658792.0122146606
3769,1751924721.031469,1751924749.2627835,batch_consumer-sts-0_20250707_214550_629736.csv,True,False,False,1751925379.8232613,658791.7921543121
3779,1751924721.0318055,1751924749.2909946,batch_consumer-sts-0_20250707_214550_629736.csv,True,False,False,1751925379.8232613,658791.455745697
3789,1751924721.0320334,1751924749.3182306,batch_consumer-sts-0_20250707_214550_629736.csv,True,False,False,1751925379.8232613,658791.2278175354
3799,1751924721.032296,1751924749.346648,batch_consumer-sts-0_20250707_214550_629736.csv,True,False,False,1751925379.8232613,658790.9653186798
3809,1751924721.0325248,1751924749.3743153,batch_consumer-sts-0_20250707_214550_629736.csv,True,False,False,1751925379.8232613,658790.7364368439
3819,1751924721.0327551,1751924749.402022,batch_consumer-sts-0_20250707_214550_629736.csv,True,False,False,1751925379.8232613,658790.5061244965
3829,1751924721.032981,1751924749.42983,batch_consumer-sts-0_20250707_214550_629736.csv,True,False,False,1751925379.8232613,658790.280342102
3839,1751924721.033205,1751924749.4581945,batch_consumer-sts-0_20250707_214550_629736.csv,True,False,False,1751925379.8232613,658790.0562286377
3849,1751924721.0334368,1751924749.4850333,batch_consumer-sts-0_20250707_214550_629736.csv,True,False,False,1751925379.8232613,658789.8244857788
3859,1751924721.0336714,1751924749.511963,batch_consumer-sts-0_20250707_214550_629736.csv,True,False,False,1751925379.8232613,658789.589881897
3869,1751924721.033898,1751924750.1520534,batch_consumer-sts-0_20250707_214550_629736.csv,True,False,False,1751925379.8232613,658789.3631458282
3879,1751924721.0341208,1751924750.1791024,batch_consumer-sts-0_20250707_214550_629736.csv,True,False,False,1751925379.8232613,658789.1404628754
3889,1751924721.0343623,1751924750.2067735,batch_consumer-sts-0_20250707_214550_629736.csv,True,False,False,1751925379.8232613,658788.8989448547
3899,1751924721.0345848,1751924750.2347436,batch_consumer-sts-0_20250707_214550_629736.csv,True,False,False,1751925379.8232613,658788.6765003204
3909,1751924721.03482,1751924750.2643926,batch_consumer-sts-0_20250707_214550_629736.csv,True,False,False,1751925379.8232613,658788.4411811829
3919,1751924721.0350456,1751924750.2927182,batch_consumer-sts-0_20250707_214550_629736.csv,True,False,False,1751925379.8232613,658788.215637207
3929,1751924721.0352802,1751924750.3199022,batch_consumer-sts-0_20250707_214550_629736.csv,True,False,False,1751925379.8232613,658787.9810333252
3939,1751924721.0355084,1751924750.3479917,batch_consumer-sts-0_20250707_214550_629736.csv,True,False,False,1751925379.8232613,658787.752866745
3949,1751924721.0357409,1751924750.3760662,batch_consumer-sts-0_20250707_214550_629736.csv,True,False,False,1751925379.8232613,658787.5204086304
3959,1751924721.035961,1751924750.4037957,batch_consumer-sts-0_20250707_214550_629736.csv,True,False,False,1751925379.8232613,658787.3003482819
3969,1751924721.036197,1751924750.4317234,batch_consumer-sts-0_20250707_214550_629736.csv,True,False,False,1751925379.8232613,658787.0643138885
3979,1751924721.0364456,1751924750.4598591,batch_consumer-sts-0_20250707_214550_629736.csv,True,False,False,1751925379.8232613,658786.8156433105
3989,1751924721.036667,1751924750.4881876,batch_consumer-sts-0_20250707_214550_629736.csv,True,False,False,1751925379.8232613,658786.5941524506
3999,1751924721.0368905,1751924750.5153563,batch_consumer-sts-0_20250707_214550_629736.csv,True,False,False,1751925379.8232613,658786.370754242
4009,1751924721.0371175,1751924750.5434809,batch_consumer-sts-0_20250707_214550_629736.csv,True,False,False,1751925379.8232613,658786.1437797546
4019,1751924721.0373456,1751924750.573565,batch_consumer-sts-0_20250707_214550_629736.csv,True,False,False,1751925379.8232613,658785.9156131744
4029,1751924721.037577,1751924750.6014974,batch_consumer-sts-0_20250707_214550_629736.csv,True,False,False,1751925379.8232613,658785.6843471527
4039,1751924721.0378058,1751924750.8687563,batch_consumer-sts-0_20250707_214555_845608.csv,True,False,False,1751925379.8232613,658785.4554653168
4049,1751924721.038033,1751924750.8971555,batch_consumer-sts-0_20250707_214555_845608.csv,True,False,False,1751925379.8232613,658785.2282524109
4059,1751924721.0382676,1751924750.9260032,batch_consumer-sts-0_20250707_214555_845608.csv,True,False,False,1751925379.8232613,658784.993648529
4069,1751924721.0384843,1751924750.9540975,batch_consumer-sts-0_20250707_214555_845608.csv,True,False,False,1751925379.8232613,658784.7769260406
4079,1751924721.0387084,1751924750.98237,batch_consumer-sts-0_20250707_214555_845608.csv,True,False,False,1751925379.8232613,658784.5528125763
4089,1751924721.0389345,1751924751.0098293,batch_consumer-sts-0_20250707_214555_845608.csv,True,False,False,1751925379.8232613,658784.3267917633
4099,1751924721.0391686,1751924751.037431,batch_consumer-sts-0_20250707_214555_845608.csv,True,False,False,1751925379.8232613,658784.0926647186
4109,1751924721.0393991,1751924751.0653255,batch_consumer-sts-0_20250707_214555_845608.csv,True,False,False,1751925379.8232613,658783.8621139526
4119,1751924721.0396273,1751924751.0922096,batch_consumer-sts-0_20250707_214555_845608.csv,True,False,False,1751925379.8232613,658783.6339473724
4129,1751924721.0398495,1751924751.119853,batch_consumer-sts-0_20250707_214555_845608.csv,True,False,False,1751925379.8232613,658783.4117412567
4139,1751924721.0400927,1751924751.147514,batch_consumer-sts-0_20250707_214555_845608.csv,True,False,False,1751925379.8232613,658783.168554306
4149,1751924721.040335,1751924751.1754444,batch_consumer-sts-0_20250707_214555_845608.csv,True,False,False,1751925379.8232613,658782.9263210297
4159,1751924721.040578,1751924751.203873,batch_consumer-sts-0_20250707_214555_845608.csv,True,False,False,1751925379.8232613,658782.6833724976
4169,1751924721.0408068,1751924751.236729,batch_consumer-sts-0_20250707_214555_845608.csv,True,False,False,1751925379.8232613,658782.4544906616
4179,1751924721.0410347,1751924751.264439,batch_consumer-sts-0_20250707_214555_845608.csv,True,False,False,1751925379.8232613,658782.2265625
4189,1751924721.04126,1751924751.292406,batch_consumer-sts-0_20250707_214555_845608.csv,True,False,False,1751925379.8232613,658782.0012569427
4199,1751924721.0414832,1751924751.3194823,batch_consumer-sts-0_20250707_214555_845608.csv,True,False,False,1751925379.8232613,658781.7780971527
4209,1751924721.0417116,1751924751.347119,batch_consumer-sts-0_20250707_214555_845608.csv,True,False,False,1751925379.8232613,658781.5496921539
4219,1751924721.0419323,1751924751.3741152,batch_consumer-sts-0_20250707_214555_845608.csv,True,False,False,1751925379.8232613,658781.3289165497
4229,1751924721.0421636,1751924751.400981,batch_consumer-sts-0_20250707_214555_845608.csv,True,False,False,1751925379.8232613,658781.097650528
4239,1751924721.0423863,1751924751.429284,batch_consumer-sts-0_20250707_214555_845608.csv,True,False,False,1751925379.8232613,658780.8749675751
4249,1751924721.0426145,1751924751.4576943,batch_consumer-sts-0_20250707_214555_845608.csv,True,False,False,1751925379.8232613,658780.6468009949
4259,1751924721.0428448,1751924751.48586,batch_consumer-sts-0_20250707_214555_845608.csv,True,False,False,1751925379.8232613,658780.4164886475
4269,1751924721.0430777,1751924751.5134034,batch_consumer-sts-0_20250707_214555_845608.csv,True,False,False,1751925379.8232613,658780.1835536957
4279,1751924721.0433018,1751924751.541814,batch_consumer-sts-0_20250707_214555_845608.csv,True,False,False,1751925379.8232613,658779.9594402313
4289,1751924721.043526,1751924751.7465842,batch_consumer-sts-0_20250707_214555_845608.csv,True,False,False,1751925379.8232613,658779.735326767
4299,1751924721.0437517,1751924751.775133,batch_consumer-sts-0_20250707_214555_845608.csv,True,False,False,1751925379.8232613,658779.5095443726
4309,1751924721.0439782,1751924751.8029113,batch_consumer-sts-0_20250707_214555_845608.csv,True,False,False,1751925379.8232613,658779.2830467224
4319,1751924721.0441637,1751924752.2608092,batch_consumer-sts-0_20250707_214555_845608.csv,True,False,False,1751925379.8232613,658779.0975570679
4329,1751924721.04435,1751924752.2888532,batch_consumer-sts-0_20250707_214555_845608.csv,True,False,False,1751925379.8232613,658778.9113521576
4339,1751924721.0445328,1751924752.315988,batch_consumer-sts-0_20250707_214555_845608.csv,True,False,False,1751925379.8232613,658778.7284851074
4349,1751924721.0447197,1751924752.344626,batch_consumer-sts-0_20250707_214555_845608.csv,True,False,False,1751925379.8232613,658778.5415649414
4359,1751924721.0449092,1751924752.372174,batch_consumer-sts-0_20250707_214555_845608.csv,True,False,False,1751925379.8232613,658778.352022171
4369,1751924721.0450978,1751924752.4000905,batch_consumer-sts-0_20250707_214555_845608.csv,True,False,False,1751925379.8232613,658778.163433075
4379,1751924721.045286,1751924752.4278674,batch_consumer-sts-0_20250707_214555_845608.csv,True,False,False,1751925379.8232613,658777.975320816
4389,1751924721.0454671,1751924752.4587831,batch_consumer-sts-0_20250707_214555_845608.csv,True,False,False,1751925379.8232613,658777.7941226959
4399,1751924721.0456512,1751924752.4868238,batch_consumer-sts-0_20250707_214555_845608.csv,True,False,False,1751925379.8232613,658777.6100635529
4409,1751924721.0458312,1751924752.5140758,batch_consumer-sts-0_20250707_214555_845608.csv,True,False,False,1751925379.8232613,658777.4300575256
4419,1751924721.0460207,1751924752.5418892,batch_consumer-sts-0_20250707_214555_845608.csv,True,False,False,1751925379.8232613,658777.2405147552
4429,1751924721.046237,1751924752.5700753,batch_consumer-sts-0_20250707_214555_845608.csv,True,False,False,1751925379.8232613,658777.024269104
4439,1751924721.046463,1751924753.5996103,batch_consumer-sts-0_20250707_214555_845608.csv,True,False,False,1751925379.8232613,658776.798248291
4449,1751924721.0466857,1751924753.6277106,batch_consumer-sts-0_20250707_214555_845608.csv,True,False,False,1751925379.8232613,658776.5755653381
4459,1751924721.046913,1751924753.655662,batch_consumer-sts-0_20250707_214555_845608.csv,True,False,False,1751925379.8232613,658776.3483524323
4469,1751924721.047133,1751924753.6834989,batch_consumer-sts-0_20250707_214555_845608.csv,True,False,False,1751925379.8232613,658776.1282920837
4479,1751924721.0473557,1751924753.710838,batch_consumer-sts-0_20250707_214555_845608.csv,True,False,False,1751925379.8232613,658775.9056091309
4489,1751924721.0475824,1751924753.738064,batch_consumer-sts-0_20250707_214555_845608.csv,True,False,False,1751925379.8232613,658775.6788730621
4499,1751924721.0478077,1751924753.7665794,batch_consumer-sts-0_20250707_214555_845608.csv,True,False,False,1751925379.8232613,658775.4535675049
4509,1751924721.0480332,1751924753.793732,batch_consumer-sts-0_20250707_214555_845608.csv,True,False,False,1751925379.8232613,658775.228023529
4519,1751924721.0482602,1751924753.8204298,batch_consumer-sts-0_20250707_214555_845608.csv,True,False,False,1751925379.8232613,658775.0010490417
4529,1751924721.0484796,1751924753.8477676,batch_consumer-sts-0_20250707_214555_845608.csv,True,False,False,1751925379.8232613,658774.781703949
4539,1751924721.0486956,1751924753.8749611,batch_consumer-sts-0_20250707_214555_845608.csv,True,False,False,1751925379.8232613,658774.5656967163
4549,1751924721.0489192,1751924753.9023273,batch_consumer-sts-0_20250707_214555_845608.csv,True,False,False,1751925379.8232613,658774.3420600891
4559,1751924721.04915,1751924753.9296024,batch_consumer-sts-0_20250707_214555_845608.csv,True,False,False,1751925379.8232613,658774.1112709045
4569,1751924721.0493815,1751924753.9571288,batch_consumer-sts-0_20250707_214555_845608.csv,True,False,False,1751925379.8232613,658773.8797664642
4579,1751924721.0496018,1751924753.9845722,batch_consumer-sts-0_20250707_214555_845608.csv,True,False,False,1751925379.8232613,658773.6594676971
4589,1751924721.0498278,1751924754.0113857,batch_consumer-sts-0_20250707_214555_845608.csv,True,False,False,1751925379.8232613,658773.4334468842
4599,1751924721.0500553,1751924754.03911,batch_consumer-sts-0_20250707_214555_845608.csv,True,False,False,1751925379.8232613,658773.2059955597
4609,1751924721.0503004,1751924754.0665574,batch_consumer-sts-0_20250707_214555_845608.csv,True,False,False,1751925379.8232613,658772.9609012604
4619,1751924721.050532,1751924754.095812,batch_consumer-sts-0_20250707_214555_845608.csv,True,False,False,1751925379.8232613,658772.7291584015
4629,1751924721.0507593,1751924754.1228623,batch_consumer-sts-0_20250707_214555_845608.csv,True,False,False,1751925379.8232613,658772.5019454956
4639,1751924721.050979,1751924754.150371,batch_consumer-sts-0_20250707_214555_845608.csv,True,False,False,1751925379.8232613,658772.2823619843
4649,1751924721.0511985,1751924754.178025,batch_consumer-sts-0_20250707_214555_845608.csv,True,False,False,1751925379.8232613,658772.0627784729
4659,1751924721.0514233,1751924754.2051828,batch_consumer-sts-0_20250707_214555_845608.csv,True,False,False,1751925379.8232613,658771.8379497528
4669,1751924721.051648,1751924754.2326307,batch_consumer-sts-0_20250707_214555_845608.csv,True,False,False,1751925379.8232613,658771.6133594513
4679,1751924721.0518942,1751924754.2604403,batch_consumer-sts-0_20250707_214555_845608.csv,True,False,False,1751925379.8232613,658771.3670730591
4689,1751924721.0521264,1751924754.2887304,batch_consumer-sts-0_20250707_214555_845608.csv,True,False,False,1751925379.8232613,658771.134853363
4699,1751924721.052349,1751924754.316162,batch_consumer-sts-0_20250707_214555_845608.csv,True,False,False,1751925379.8232613,658770.9121704102
4709,1751924721.0525768,1751924754.3442929,batch_consumer-sts-0_20250707_214555_845608.csv,True,False,False,1751925379.8232613,658770.6844806671
4719,1751924721.0527923,1751924754.370893,batch_consumer-sts-0_20250707_214555_845608.csv,True,False,False,1751925379.8232613,658770.4689502716
4729,1751924721.0530157,1751924754.3985217,batch_consumer-sts-0_20250707_214555_845608.csv,True,False,False,1751925379.8232613,658770.245552063
4739,1751924721.053247,1751924754.4258604,batch_consumer-sts-0_20250707_214555_845608.csv,True,False,False,1751925379.8232613,658770.0142860413
4749,1751924721.0534651,1751924754.4550192,batch_consumer-sts-0_20250707_214555_845608.csv,True,False,False,1751925379.8232613,658769.7961330414
4759,1751924721.053692,1751924754.4830132,batch_consumer-sts-0_20250707_214555_845608.csv,True,False,False,1751925379.8232613,658769.5691585541
4769,1751924721.053917,1751924754.51053,batch_consumer-sts-0_20250707_214555_845608.csv,True,False,False,1751925379.8232613,658769.344329834
4779,1751924721.0541434,1751924754.5383823,batch_consumer-sts-0_20250707_214555_845608.csv,True,False,False,1751925379.8232613,658769.1178321838
4789,1751924721.054383,1751924754.5663092,batch_consumer-sts-0_20250707_214555_845608.csv,True,False,False,1751925379.8232613,658768.8782215118
4799,1751924721.0546117,1751924754.5939553,batch_consumer-sts-0_20250707_214555_845608.csv,True,False,False,1751925379.8232613,658768.6495780945
4809,1751924721.0548334,1751924754.6211374,batch_consumer-sts-0_20250707_214555_845608.csv,True,False,False,1751925379.8232613,658768.4278488159
4819,1751924721.0550575,1751924755.2229395,batch_consumer-sts-0_20250707_214555_845608.csv,True,False,False,1751925379.8232613,658768.2037353516
4829,1751924721.0552852,1751924755.2511587,batch_consumer-sts-0_20250707_214555_845608.csv,True,False,False,1751925379.8232613,658767.9760456085
4839,1751924721.055513,1751924755.279116,batch_consumer-sts-0_20250707_214555_845608.csv,True,False,False,1751925379.8232613,658767.7483558655
4849,1751924721.0557315,1751924755.3075397,batch_consumer-sts-0_20250707_214555_845608.csv,True,False,False,1751925379.8232613,658767.5297260284
4859,1751924721.0559776,1751924755.3363006,batch_consumer-sts-0_20250707_214555_845608.csv,True,False,False,1751925379.8232613,658767.2836780548
4869,1751924721.0562072,1751924755.3626409,batch_consumer-sts-0_20250707_214555_845608.csv,True,False,False,1751925379.8232613,658767.0540809631
4879,1751924721.0564332,1751924755.3908908,batch_consumer-sts-0_20250707_214555_845608.csv,True,False,False,1751925379.8232613,658766.8280601501
4889,1751924721.0566533,1751924755.4184444,batch_consumer-sts-0_20250707_214555_845608.csv,True,False,False,1751925379.8232613,658766.6079998016
4899,1751924721.056882,1751924755.446665,batch_consumer-sts-0_20250707_214555_845608.csv,True,False,False,1751925379.8232613,658766.3793563843
4909,1751924721.0571113,1751924755.4771168,batch_consumer-sts-0_20250707_214555_845608.csv,True,False,False,1751925379.8232613,658766.1499977112
4919,1751924721.0573332,1751924755.5045707,batch_consumer-sts-0_20250707_214555_845608.csv,True,False,False,1751925379.8232613,658765.928030014
4929,1751924721.0575612,1751924755.5323565,batch_consumer-sts-0_20250707_214555_845608.csv,True,False,False,1751925379.8232613,658765.7001018524
4939,1751924721.0577843,1751924755.5647266,batch_consumer-sts-0_20250707_214555_845608.csv,True,False,False,1751925379.8232613,658765.4769420624
4949,1751924721.058009,1751924755.593204,batch_consumer-sts-0_20250707_214555_845608.csv,True,False,False,1751925379.8232613,658765.2523517609
4959,1751924721.058238,1751924755.6193318,batch_consumer-sts-0_20250707_214555_845608.csv,True,False,False,1751925379.8232613,658765.0232315063
4969,1751924721.0584607,1751924755.6474998,batch_consumer-sts-0_20250707_214555_845608.csv,True,False,False,1751925379.8232613,658764.8005485535
4979,1751924721.0586913,1751924755.6793132,batch_consumer-sts-0_20250707_214555_845608.csv,True,False,False,1751925379.8232613,658764.5699977875
4989,1751924721.0589168,1751924755.7075262,batch_consumer-sts-0_20250707_214555_845608.csv,True,False,False,1751925379.8232613,658764.3444538116
4999,1751924721.0591457,1751924755.7352536,batch_consumer-sts-0_20250707_214555_845608.csv,True,False,False,1751925379.8232613,658764.1155719757
5009,1751924721.0593686,1751924755.7629106,batch_consumer-sts-0_20250707_214555_845608.csv,True,False,False,1751925379.8232613,658763.8926506042
5019,1751924721.0595975,1751924755.7909274,batch_consumer-sts-0_20250707_214555_845608.csv,True,False,False,1751925379.8232613,658763.6637687683
5029,1751924721.0597785,1751924755.8181922,batch_consumer-sts-0_20250707_214555_845608.csv,True,False,False,1751925379.8232613,658763.4828090668
5039,1751924721.0599575,1751924756.107902,batch_consumer-sts-0_20250707_214601_189466.csv,True,False,False,1751925379.8232613,658763.3037567139
5049,1751924721.060142,1751924756.1358483,batch_consumer-sts-0_20250707_214601_189466.csv,True,False,False,1751925379.8232613,658763.1192207336
5059,1751924721.0603287,1751924756.163622,batch_consumer-sts-0_20250707_214601_189466.csv,True,False,False,1751925379.8232613,658762.9325389862
5069,1751924721.060512,1751924756.191571,batch_consumer-sts-0_20250707_214601_189466.csv,True,False,False,1751925379.8232613,658762.7491950989
5079,1751924721.0606928,1751924756.2186377,batch_consumer-sts-0_20250707_214601_189466.csv,True,False,False,1751925379.8232613,658762.5684738159
5089,1751924721.060872,1751924756.247965,batch_consumer-sts-0_20250707_214601_189466.csv,True,False,False,1751925379.8232613,658762.3891830444
5099,1751924721.0610807,1751924756.2763171,batch_consumer-sts-0_20250707_214601_189466.csv,True,False,False,1751925379.8232613,658762.1805667877
5109,1751924721.0612876,1751924756.3041048,batch_consumer-sts-0_20250707_214601_189466.csv,True,False,False,1751925379.8232613,658761.9736194611
5119,1751924721.0615368,1751924756.3319116,batch_consumer-sts-0_20250707_214601_189466.csv,True,False,False,1751925379.8232613,658761.7244720459
5129,1751924721.061771,1751924756.359713,batch_consumer-sts-0_20250707_214601_189466.csv,True,False,False,1751925379.8232613,658761.4903450012
5139,1751924721.061998,1751924756.387854,batch_consumer-sts-0_20250707_214601_189466.csv,True,False,False,1751925379.8232613,658761.2633705139
5149,1751924721.062235,1751924756.4153252,batch_consumer-sts-0_20250707_214601_189466.csv,True,False,False,1751925379.8232613,658761.0261440277
5159,1751924721.062456,1751924756.443242,batch_consumer-sts-0_20250707_214601_189466.csv,True,False,False,1751925379.8232613,658760.8053684235
5169,1751924721.062672,1751924756.4709349,batch_consumer-sts-0_20250707_214601_189466.csv,True,False,False,1751925379.8232613,658760.5893611908
5179,1751924721.0628903,1751924756.4983406,batch_consumer-sts-0_20250707_214601_189466.csv,True,False,False,1751925379.8232613,658760.3709697723
5189,1751924721.0631094,1751924756.525907,batch_consumer-sts-0_20250707_214601_189466.csv,True,False,False,1751925379.8232613,658760.1518630981
5199,1751924721.063334,1751924756.5535305,batch_consumer-sts-0_20250707_214601_189466.csv,True,False,False,1751925379.8232613,658759.9272727966
5209,1751924721.063553,1751924756.5808809,batch_consumer-sts-0_20250707_214601_189466.csv,True,False,False,1751925379.8232613,658759.7081661224
5219,1751924721.0637777,1751924756.6075804,batch_consumer-sts-0_20250707_214601_189466.csv,True,False,False,1751925379.8232613,658759.4835758209
5229,1751924721.0640016,1751924756.634831,batch_consumer-sts-0_20250707_214601_189466.csv,True,False,False,1751925379.8232613,658759.2597007751
5239,1751924721.064223,1751924756.6626828,batch_consumer-sts-0_20250707_214601_189466.csv,True,False,False,1751925379.8232613,658759.0382099152
5249,1751924721.064444,1751924756.9877834,batch_consumer-sts-0_20250707_214601_189466.csv,True,False,False,1751925379.8232613,658758.8171958923
5259,1751924721.0646665,1751924757.015074,batch_consumer-sts-0_20250707_214601_189466.csv,True,False,False,1751925379.8232613,658758.594751358
5269,1751924721.0648956,1751924757.3342264,batch_consumer-sts-0_20250707_214601_189466.csv,True,False,False,1751925379.8232613,658758.3656311035
5279,1751924721.0651162,1751924757.363163,batch_consumer-sts-0_20250707_214601_189466.csv,True,False,False,1751925379.8232613,658758.1450939178
5289,1751924721.065339,1751924757.3915749,batch_consumer-sts-0_20250707_214601_189466.csv,True,False,False,1751925379.8232613,658757.9221725464
5299,1751924721.0655684,1751924757.4191694,batch_consumer-sts-0_20250707_214601_189466.csv,True,False,False,1751925379.8232613,658757.6928138733
5309,1751924721.0657868,1751924757.4472752,batch_consumer-sts-0_20250707_214601_189466.csv,True,False,False,1751925379.8232613,658757.4744224548
5319,1751924721.066012,1751924757.4760897,batch_consumer-sts-0_20250707_214601_189466.csv,True,False,False,1751925379.8232613,658757.2493553162
5329,1751924721.0662389,1751924757.5037763,batch_consumer-sts-0_20250707_214601_189466.csv,True,False,False,1751925379.8232613,658757.0223808289
5339,1751924721.0664506,1751924757.5316565,batch_consumer-sts-0_20250707_214601_189466.csv,True,False,False,1751925379.8232613,658756.8106651306
5349,1751924721.0666678,1751924757.5594776,batch_consumer-sts-0_20250707_214601_189466.csv,True,False,False,1751925379.8232613,658756.593465805
5359,1751924721.0668893,1751924757.5879147,batch_consumer-sts-0_20250707_214601_189466.csv,True,False,False,1751925379.8232613,658756.3719749451
5369,1751924721.0671089,1751924757.6165075,batch_consumer-sts-0_20250707_214601_189466.csv,True,False,False,1751925379.8232613,658756.1523914337
5379,1751924721.0673552,1751924757.6442547,batch_consumer-sts-0_20250707_214601_189466.csv,True,False,False,1751925379.8232613,658755.9061050415
5389,1751924721.067572,1751924757.6731105,batch_consumer-sts-0_20250707_214601_189466.csv,True,False,False,1751925379.8232613,658755.6891441345
5399,1751924721.0677922,1751924757.700844,batch_consumer-sts-0_20250707_214601_189466.csv,True,False,False,1751925379.8232613,658755.469083786
5409,1751924721.0680113,1751924757.7285707,batch_consumer-sts-0_20250707_214601_189466.csv,True,False,False,1751925379.8232613,658755.2499771118
5419,1751924721.0682364,1751924757.75637,batch_consumer-sts-0_20250707_214601_189466.csv,True,False,False,1751925379.8232613,658755.0249099731
5429,1751924721.068455,1751924757.7849312,batch_consumer-sts-0_20250707_214601_189466.csv,True,False,False,1751925379.8232613,658754.8062801361
5439,1751924721.0686777,1751924758.814631,batch_consumer-sts-0_20250707_214601_189466.csv,True,False,False,1751925379.8232613,658754.5835971832
5449,1751924721.0689042,1751924758.8708851,batch_consumer-sts-0_20250707_214601_189466.csv,True,False,False,1751925379.8232613,658754.3570995331
5459,1751924721.0691214,1751924758.8998022,batch_consumer-sts-0_20250707_214601_189466.csv,True,False,False,1751925379.8232613,658754.1399002075
5469,1751924721.069347,1751924758.9280949,batch_consumer-sts-0_20250707_214601_189466.csv,True,False,False,1751925379.8232613,658753.9143562317
5479,1751924721.0695655,1751924758.9564617,batch_consumer-sts-0_20250707_214601_189466.csv,True,False,False,1751925379.8232613,658753.6957263947
5489,1751924721.0697894,1751924758.9848487,batch_consumer-sts-0_20250707_214601_189466.csv,True,False,False,1751925379.8232613,658753.4718513489
5499,1751924721.0700138,1751924759.0123515,batch_consumer-sts-0_20250707_214601_189466.csv,True,False,False,1751925379.8232613,658753.247499466
5509,1751924721.0702417,1751924759.043348,batch_consumer-sts-0_20250707_214601_189466.csv,True,False,False,1751925379.8232613,658753.0195713043
5519,1751924721.070461,1751924759.0714748,batch_consumer-sts-0_20250707_214601_189466.csv,True,False,False,1751925379.8232613,658752.8002262115
5529,1751924721.0706773,1751924759.0994267,batch_consumer-sts-0_20250707_214601_189466.csv,True,False,False,1751925379.8232613,658752.5839805603
5539,1751924721.0708983,1751924759.127172,batch_consumer-sts-0_20250707_214601_189466.csv,True,False,False,1751925379.8232613,658752.3629665375
5549,1751924721.0711243,1751924759.1552217,batch_consumer-sts-0_20250707_214601_189466.csv,True,False,False,1751925379.8232613,658752.1369457245
5559,1751924721.0713503,1751924759.187709,batch_consumer-sts-0_20250707_214601_189466.csv,True,False,False,1751925379.8232613,658751.9109249115
5569,1751924721.0715816,1751924759.2148778,batch_consumer-sts-0_20250707_214601_189466.csv,True,False,False,1751925379.8232613,658751.6796588898
5579,1751924721.071844,1751924759.242868,batch_consumer-sts-0_20250707_214601_189466.csv,True,False,False,1751925379.8232613,658751.4171600342
5589,1751924721.0720654,1751924759.2705588,batch_consumer-sts-0_20250707_214601_189466.csv,True,False,False,1751925379.8232613,658751.1959075928
5599,1751924721.0722935,1751924759.2982278,batch_consumer-sts-0_20250707_214601_189466.csv,True,False,False,1751925379.8232613,658750.9677410126
5609,1751924721.0725336,1751924759.4611778,batch_consumer-sts-0_20250707_214601_189466.csv,True,False,False,1751925379.8232613,658750.7276535034
5619,1751924721.0727806,1751924759.4890597,batch_consumer-sts-0_20250707_214601_189466.csv,True,False,False,1751925379.8232613,658750.4806518555
5629,1751924721.0730257,1751924759.5165205,batch_consumer-sts-0_20250707_214601_189466.csv,True,False,False,1751925379.8232613,658750.2355575562
5639,1751924721.073266,1751924759.544567,batch_consumer-sts-0_20250707_214601_189466.csv,True,False,False,1751925379.8232613,658749.9952316284
5649,1751924721.0735085,1751924759.5725317,batch_consumer-sts-0_20250707_214601_189466.csv,True,False,False,1751925379.8232613,658749.7527599335
5659,1751924721.073741,1751924759.600499,batch_consumer-sts-0_20250707_214601_189466.csv,True,False,False,1751925379.8232613,658749.5203018188
5669,1751924721.0739925,1751924759.6283767,batch_consumer-sts-0_20250707_214601_189466.csv,True,False,False,1751925379.8232613,658749.2687702179
5679,1751924721.0742123,1751924759.656249,batch_consumer-sts-0_20250707_214601_189466.csv,True,False,False,1751925379.8232613,658749.048948288
5689,1751924721.07445,1751924759.6860292,batch_consumer-sts-0_20250707_214601_189466.csv,True,False,False,1751925379.8232613,658748.8112449646
5699,1751924721.0746903,1751924759.7131884,batch_consumer-sts-0_20250707_214601_189466.csv,True,False,False,1751925379.8232613,658748.5709190369
5709,1751924721.074913,1751924759.7416358,batch_consumer-sts-0_20250707_214601_189466.csv,True,False,False,1751925379.8232613,658748.348236084
5719,1751924721.075148,1751924760.2859936,batch_consumer-sts-0_20250707_214601_189466.csv,True,False,False,1751925379.8232613,658748.113155365
5729,1751924721.0754066,1751924760.3133714,batch_consumer-sts-0_20250707_214601_189466.csv,True,False,False,1751925379.8232613,658747.8547096252
5739,1751924721.0756128,1751924760.3419316,batch_consumer-sts-0_20250707_214601_189466.csv,True,False,False,1751925379.8232613,658747.6484775543
5749,1751924721.0758169,1751924760.3701413,batch_consumer-sts-0_20250707_214601_189466.csv,True,False,False,1751925379.8232613,658747.4443912506
5759,1751924721.0760078,1751924760.3974853,batch_consumer-sts-0_20250707_214601_189466.csv,True,False,False,1751925379.8232613,658747.2534179688
5769,1751924721.076229,1751924760.4258373,batch_consumer-sts-0_20250707_214601_189466.csv,True,False,False,1751925379.8232613,658747.0321655273
5779,1751924721.076474,1751924760.454786,batch_consumer-sts-0_20250707_214601_189466.csv,True,False,False,1751925379.8232613,658746.7873096466
5789,1751924721.076701,1751924760.4834156,batch_consumer-sts-0_20250707_214601_189466.csv,True,False,False,1751925379.8232613,658746.5603351593
5799,1751924721.0769398,1751924760.5112803,batch_consumer-sts-0_20250707_214601_189466.csv,True,False,False,1751925379.8232613,658746.321439743
5809,1751924721.0771716,1751924760.5393865,batch_consumer-sts-0_20250707_214601_189466.csv,True,False,False,1751925379.8232613,658746.0896968842
5819,1751924721.0774107,1751924760.567757,batch_consumer-sts-0_20250707_214601_189466.csv,True,False,False,1751925379.8232613,658745.8505630493
5829,1751924721.077655,1751924760.596277,batch_consumer-sts-0_20250707_214601_189466.csv,True,False,False,1751925379.8232613,658745.6061840057
5839,1751924721.077894,1751924760.6246028,batch_consumer-sts-0_20250707_214601_189466.csv,True,False,False,1751925379.8232613,658745.3672885895
5849,1751924721.0781312,1751924760.6521451,batch_consumer-sts-0_20250707_214601_189466.csv,True,False,False,1751925379.8232613,658745.1300621033
5859,1751924721.0783908,1751924760.6800723,batch_consumer-sts-0_20250707_214601_189466.csv,True,False,False,1751925379.8232613,658744.8704242706
5869,1751924721.0786211,1751924760.707852,batch_consumer-sts-0_20250707_214601_189466.csv,True,False,False,1751925379.8232613,658744.6401119232
5879,1751924721.0788548,1751924760.7361135,batch_consumer-sts-0_20250707_214601_189466.csv,True,False,False,1751925379.8232613,658744.4064617157
5889,1751924721.0790904,1751924760.7640283,batch_consumer-sts-0_20250707_214601_189466.csv,True,False,False,1751925379.8232613,658744.1709041595
5899,1751924721.0793216,1751924760.7917137,batch_consumer-sts-0_20250707_214601_189466.csv,True,False,False,1751925379.8232613,658743.9396381378
5909,1751924721.0795436,1751924760.818617,batch_consumer-sts-0_20250707_214601_189466.csv,True,False,False,1751925379.8232613,658743.7176704407
5919,1751924721.079769,1751924760.8472028,batch_consumer-sts-0_20250707_214601_189466.csv,True,False,False,1751925379.8232613,658743.4923648834
5929,1751924721.079995,1751924760.8750184,batch_consumer-sts-0_20250707_214601_189466.csv,True,False,False,1751925379.8232613,658743.2663440704
5939,1751924721.080221,1751924760.9032478,batch_consumer-sts-0_20250707_214601_189466.csv,True,False,False,1751925379.8232613,658743.0403232574
5949,1751924721.0804577,1751924760.9306335,batch_consumer-sts-0_20250707_214601_189466.csv,True,False,False,1751925379.8232613,658742.8035736084
5959,1751924721.0806854,1751924760.966491,batch_consumer-sts-0_20250707_214601_189466.csv,True,False,False,1751925379.8232613,658742.5758838654
5969,1751924721.0809083,1751924760.9941857,batch_consumer-sts-0_20250707_214601_189466.csv,True,False,False,1751925379.8232613,658742.3529624939
5979,1751924721.0811338,1751924761.0211396,batch_consumer-sts-0_20250707_214601_189466.csv,True,False,False,1751925379.8232613,658742.1274185181
5989,1751924721.0813568,1751924761.0499697,batch_consumer-sts-0_20250707_214601_189466.csv,True,False,False,1751925379.8232613,658741.9044971466
5999,1751924721.081584,1751924761.0775106,batch_consumer-sts-0_20250707_214601_189466.csv,True,False,False,1751925379.8232613,658741.6772842407
6009,1751924721.0818126,1751924761.105333,batch_consumer-sts-0_20250707_214601_189466.csv,True,False,False,1751925379.8232613,658741.4486408234
6019,1751924721.08204,1751924761.1330302,batch_consumer-sts-0_20250707_214601_189466.csv,True,False,False,1751925379.8232613,658741.2211894989
6029,1751924721.0822835,1751924761.1606157,batch_consumer-sts-0_20250707_214601_189466.csv,True,False,False,1751925379.8232613,658740.9777641296
6039,1751924721.0825088,1751924761.4388268,batch_consumer-sts-0_20250707_214605_663215.csv,True,False,False,1751925379.8232613,658740.7524585724
6049,1751924721.0827413,1751924761.4676704,batch_consumer-sts-0_20250707_214605_663215.csv,True,False,False,1751925379.8232613,658740.5200004578
6059,1751924721.082972,1751924761.4954364,batch_consumer-sts-0_20250707_214605_663215.csv,True,False,False,1751925379.8232613,658740.2892112732
6069,1751924721.083215,1751924761.523169,batch_consumer-sts-0_20250707_214605_663215.csv,True,False,False,1751925379.8232613,658740.0462627411
6079,1751924721.0834382,1751924761.5511324,batch_consumer-sts-0_20250707_214605_663215.csv,True,False,False,1751925379.8232613,658739.823102951
6089,1751924721.0836654,1751924761.5779562,batch_consumer-sts-0_20250707_214605_663215.csv,True,False,False,1751925379.8232613,658739.5958900452
6099,1751924721.0838945,1751924761.6060967,batch_consumer-sts-0_20250707_214605_663215.csv,True,False,False,1751925379.8232613,658739.3667697906
6109,1751924721.084123,1751924761.6342185,batch_consumer-sts-0_20250707_214605_663215.csv,True,False,False,1751925379.8232613,658739.1383647919
6119,1751924721.0843492,1751924761.6626737,batch_consumer-sts-0_20250707_214605_663215.csv,True,False,False,1751925379.8232613,658738.9121055603
6129,1751924721.0845742,1751924761.6908882,batch_consumer-sts-0_20250707_214605_663215.csv,True,False,False,1751925379.8232613,658738.6870384216
6139,1751924721.0848093,1751924761.7183263,batch_consumer-sts-0_20250707_214605_663215.csv,True,False,False,1751925379.8232613,658738.4519577026
6149,1751924721.0850406,1751924761.7466617,batch_consumer-sts-0_20250707_214605_663215.csv,True,False,False,1751925379.8232613,658738.2206916809
6159,1751924721.0852642,1751924761.7746265,batch_consumer-sts-0_20250707_214605_663215.csv,True,False,False,1751925379.8232613,658737.9970550537
6169,1751924721.085492,1751924761.8022163,batch_consumer-sts-0_20250707_214605_663215.csv,True,False,False,1751925379.8232613,658737.7693653107
6179,1751924721.0857153,1751924761.9072402,batch_consumer-sts-0_20250707_214605_663215.csv,True,False,False,1751925379.8232613,658737.545967102
6189,1751924721.0859468,1751924761.933939,batch_consumer-sts-0_20250707_214605_663215.csv,True,False,False,1751925379.8232613,658737.3144626617
6199,1751924721.0861804,1751924761.9617534,batch_consumer-sts-0_20250707_214605_663215.csv,True,False,False,1751925379.8232613,658737.0808124542
6209,1751924721.0864155,1751924761.9900427,batch_consumer-sts-0_20250707_214605_663215.csv,True,False,False,1751925379.8232613,658736.8457317352
6219,1751924721.0866404,1751924762.0173357,batch_consumer-sts-0_20250707_214605_663215.csv,True,False,False,1751925379.8232613,658736.6209030151
6229,1751924721.086869,1751924762.0455356,batch_consumer-sts-0_20250707_214605_663215.csv,True,False,False,1751925379.8232613,658736.3922595978
6239,1751924721.0870934,1751924762.0728674,batch_consumer-sts-0_20250707_214605_663215.csv,True,False,False,1751925379.8232613,658736.1679077148
6249,1751924721.0873206,1751924762.100282,batch_consumer-sts-0_20250707_214605_663215.csv,True,False,False,1751925379.8232613,658735.940694809
6259,1751924721.0875404,1751924762.1277275,batch_consumer-sts-0_20250707_214605_663215.csv,True,False,False,1751925379.8232613,658735.720872879
6269,1751924721.0877714,1751924762.1630716,batch_consumer-sts-0_20250707_214605_663215.csv,True,False,False,1751925379.8232613,658735.4898452759
6279,1751924721.0879996,1751924762.1996794,batch_consumer-sts-0_20250707_214605_663215.csv,True,False,False,1751925379.8232613,658735.2616786957
6289,1751924721.0882246,1751924762.2269711,batch_consumer-sts-0_20250707_214605_663215.csv,True,False,False,1751925379.8232613,658735.036611557
6299,1751924721.088448,1751924762.255396,batch_consumer-sts-0_20250707_214605_663215.csv,True,False,False,1751925379.8232613,658734.8132133484
6309,1751924721.088683,1751924762.2831168,batch_consumer-sts-0_20250707_214605_663215.csv,True,False,False,1751925379.8232613,658734.578371048
6319,1751924721.088905,1751924762.310387,batch_consumer-sts-0_20250707_214605_663215.csv,True,False,False,1751925379.8232613,658734.3561649323
6329,1751924721.0891304,1751924762.3381624,batch_consumer-sts-0_20250707_214605_663215.csv,True,False,False,1751925379.8232613,658734.130859375
6339,1751924721.089358,1751924762.3648934,batch_consumer-sts-0_20250707_214605_663215.csv,True,False,False,1751925379.8232613,658733.903169632
6349,1751924721.0895824,1751924762.392831,batch_consumer-sts-0_20250707_214605_663215.csv,True,False,False,1751925379.8232613,658733.678817749
6359,1751924721.0898302,1751924762.420122,batch_consumer-sts-0_20250707_214605_663215.csv,True,False,False,1751925379.8232613,658733.4311008453
6369,1751924721.090026,1751924762.4479222,batch_consumer-sts-0_20250707_214605_663215.csv,True,False,False,1751925379.8232613,658733.2353591919
6379,1751924721.0902402,1751924762.475805,batch_consumer-sts-0_20250707_214605_663215.csv,True,False,False,1751925379.8232613,658733.0210208893
6389,1751924721.0904713,1751924762.5039945,batch_consumer-sts-0_20250707_214605_663215.csv,True,False,False,1751925379.8232613,658732.7899932861
6399,1751924721.0907054,1751924762.5327978,batch_consumer-sts-0_20250707_214605_663215.csv,True,False,False,1751925379.8232613,658732.5558662415
6409,1751924721.090945,1751924762.5605838,batch_consumer-sts-0_20250707_214605_663215.csv,True,False,False,1751925379.8232613,658732.3162555695
6419,1751924721.091174,1751924762.5891943,batch_consumer-sts-0_20250707_214605_663215.csv,True,False,False,1751925379.8232613,658732.0873737335
6429,1751924721.091406,1751924762.6167858,batch_consumer-sts-0_20250707_214605_663215.csv,True,False,False,1751925379.8232613,658731.8551540375
6439,1751924721.091661,1751924762.645033,batch_consumer-sts-0_20250707_214605_663215.csv,True,False,False,1751925379.8232613,658731.6002845764
6449,1751924721.0918818,1751924762.6736038,batch_consumer-sts-0_20250707_214605_663215.csv,True,False,False,1751925379.8232613,658731.3795089722
6459,1751924721.092112,1751924762.7017703,batch_consumer-sts-0_20250707_214605_663215.csv,True,False,False,1751925379.8232613,658731.1491966248
6469,1751924721.092344,1751924762.729946,batch_consumer-sts-0_20250707_214605_663215.csv,True,False,False,1751925379.8232613,658730.9172153473
6479,1751924721.0925665,1751924762.75843,batch_consumer-sts-0_20250707_214605_663215.csv,True,False,False,1751925379.8232613,658730.694770813
6489,1751924721.0927937,1751924762.7872496,batch_consumer-sts-0_20250707_214605_663215.csv,True,False,False,1751925379.8232613,658730.4675579071
6499,1751924721.0930264,1751924762.8146544,batch_consumer-sts-0_20250707_214605_663215.csv,True,False,False,1751925379.8232613,658730.2348613739
6509,1751924721.0932522,1751924762.8425894,batch_consumer-sts-0_20250707_214605_663215.csv,True,False,False,1751925379.8232613,658730.0090789795
6519,1751924721.0934763,1751924762.870596,batch_consumer-sts-0_20250707_214605_663215.csv,True,False,False,1751925379.8232613,658729.7849655151
6529,1751924721.0937011,1751924762.898393,batch_consumer-sts-0_20250707_214605_663215.csv,True,False,False,1751925379.8232613,658729.560136795
6539,1751924721.093924,1751924762.925944,batch_consumer-sts-0_20250707_214605_663215.csv,True,False,False,1751925379.8232613,658729.3372154236
6549,1751924721.0941603,1751924762.9537067,batch_consumer-sts-0_20250707_214605_663215.csv,True,False,False,1751925379.8232613,658729.1009426117
6559,1751924721.0943902,1751924762.9816148,batch_consumer-sts-0_20250707_214605_663215.csv,True,False,False,1751925379.8232613,658728.8711071014
6569,1751924721.0946138,1751924763.0322466,batch_consumer-sts-0_20250707_214605_663215.csv,True,False,False,1751925379.8232613,658728.6474704742
6579,1751924721.0948417,1751924763.0599618,batch_consumer-sts-0_20250707_214605_663215.csv,True,False,False,1751925379.8232613,658728.4195423126
6589,1751924721.095076,1751924763.0879314,batch_consumer-sts-0_20250707_214605_663215.csv,True,False,False,1751925379.8232613,658728.1851768494
6599,1751924721.0952992,1751924763.1149714,batch_consumer-sts-0_20250707_214605_663215.csv,True,False,False,1751925379.8232613,658727.9620170593
6609,1751924721.095523,1751924763.142005,batch_consumer-sts-0_20250707_214605_663215.csv,True,False,False,1751925379.8232613,658727.7381420135
6619,1751924721.0957484,1751924763.169697,batch_consumer-sts-0_20250707_214605_663215.csv,True,False,False,1751925379.8232613,658727.5128364563
6629,1751924721.0959716,1751924763.197858,batch_consumer-sts-0_20250707_214605_663215.csv,True,False,False,1751925379.8232613,658727.2896766663
6639,1751924721.0961998,1751924764.2279196,batch_consumer-sts-0_20250707_214605_663215.csv,True,False,False,1751925379.8232613,658727.0615100861
6649,1751924721.0964508,1751924764.2558668,batch_consumer-sts-0_20250707_214605_663215.csv,True,False,False,1751925379.8232613,658726.8104553223
6659,1751924721.0966802,1751924764.2835784,batch_consumer-sts-0_20250707_214605_663215.csv,True,False,False,1751925379.8232613,658726.5810966492
6669,1751924721.096907,1751924764.3113203,batch_consumer-sts-0_20250707_214605_663215.csv,True,False,False,1751925379.8232613,658726.3543605804
6679,1751924721.097128,1751924764.338273,batch_consumer-sts-0_20250707_214605_663215.csv,True,False,False,1751925379.8232613,658726.1333465576
6689,1751924721.0973518,1751924764.366338,batch_consumer-sts-0_20250707_214605_663215.csv,True,False,False,1751925379.8232613,658725.9094715118
6699,1751924721.0975728,1751924764.394312,batch_consumer-sts-0_20250707_214605_663215.csv,True,False,False,1751925379.8232613,658725.688457489
6709,1751924721.0977974,1751924764.4217968,batch_consumer-sts-0_20250707_214605_663215.csv,True,False,False,1751925379.8232613,658725.4638671875
6719,1751924721.098027,1751924764.450021,batch_consumer-sts-0_20250707_214605_663215.csv,True,False,False,1751925379.8232613,658725.2342700958
6729,1751924721.0982614,1751924764.478071,batch_consumer-sts-0_20250707_214605_663215.csv,True,False,False,1751925379.8232613,658724.9999046326
6739,1751924721.0984848,1751924764.5062346,batch_consumer-sts-0_20250707_214605_663215.csv,True,False,False,1751925379.8232613,658724.776506424
6749,1751924721.0987082,1751924764.533366,batch_consumer-sts-0_20250707_214605_663215.csv,True,False,False,1751925379.8232613,658724.5531082153
6759,1751924721.098935,1751924764.561239,batch_consumer-sts-0_20250707_214605_663215.csv,True,False,False,1751925379.8232613,658724.3263721466
6769,1751924721.0996652,1751924764.5885224,batch_consumer-sts-0_20250707_214605_663215.csv,True,False,False,1751925379.8232613,658723.5960960388
6779,1751924721.0999024,1751924764.6159306,batch_consumer-sts-0_20250707_214605_663215.csv,True,False,False,1751925379.8232613,658723.3588695526
6789,1751924721.100127,1751924764.6437602,batch_consumer-sts-0_20250707_214605_663215.csv,True,False,False,1751925379.8232613,658723.1342792511
6799,1751924721.1003747,1751924764.6723669,batch_consumer-sts-0_20250707_214605_663215.csv,True,False,False,1751925379.8232613,658722.8865623474
6809,1751924721.1006043,1751924764.700574,batch_consumer-sts-0_20250707_214605_663215.csv,True,False,False,1751925379.8232613,658722.6569652557
6819,1751924721.100842,1751924764.7282689,batch_consumer-sts-0_20250707_214605_663215.csv,True,False,False,1751925379.8232613,658722.4192619324
6829,1751924721.1010714,1751924764.7557957,batch_consumer-sts-0_20250707_214605_663215.csv,True,False,False,1751925379.8232613,658722.1899032593
6839,1751924721.1013074,1751924764.785329,batch_consumer-sts-0_20250707_214605_663215.csv,True,False,False,1751925379.8232613,658721.953868866
6849,1751924721.1015377,1751924764.8125978,batch_consumer-sts-0_20250707_214605_663215.csv,True,False,False,1751925379.8232613,658721.7235565186
6859,1751924721.1017678,1751924764.8401475,batch_consumer-sts-0_20250707_214605_663215.csv,True,False,False,1751925379.8232613,658721.4934825897
6869,1751924721.1020038,1751924764.867993,batch_consumer-sts-0_20250707_214605_663215.csv,True,False,False,1751925379.8232613,658721.2574481964
6879,1751924721.102249,1751924765.216383,batch_consumer-sts-0_20250707_214605_663215.csv,True,False,False,1751925379.8232613,658721.0123538971
6889,1751924721.1024818,1751924765.244363,batch_consumer-sts-0_20250707_214605_663215.csv,True,False,False,1751925379.8232613,658720.7794189453
6899,1751924721.102721,1751924765.2720432,batch_consumer-sts-0_20250707_214605_663215.csv,True,False,False,1751925379.8232613,658720.5402851105
6909,1751924721.1029544,1751924765.2997637,batch_consumer-sts-0_20250707_214605_663215.csv,True,False,False,1751925379.8232613,658720.3068733215
6919,1751924721.1031806,1751924765.3276644,batch_consumer-sts-0_20250707_214605_663215.csv,True,False,False,1751925379.8232613,658720.08061409
6929,1751924721.1034088,1751924765.355498,batch_consumer-sts-0_20250707_214605_663215.csv,True,False,False,1751925379.8232613,658719.8524475098
6939,1751924721.1036372,1751924765.3837953,batch_consumer-sts-0_20250707_214605_663215.csv,True,False,False,1751925379.8232613,658719.624042511
6949,1751924721.103865,1751924765.411325,batch_consumer-sts-0_20250707_214605_663215.csv,True,False,False,1751925379.8232613,658719.396352768
6959,1751924721.1040912,1751924765.439692,batch_consumer-sts-0_20250707_214605_663215.csv,True,False,False,1751925379.8232613,658719.1700935364
6969,1751924721.1043231,1751924765.4676342,batch_consumer-sts-0_20250707_214605_663215.csv,True,False,False,1751925379.8232613,658718.9381122589
6979,1751924721.1045468,1751924765.4953132,batch_consumer-sts-0_20250707_214605_663215.csv,True,False,False,1751925379.8232613,658718.7144756317
6989,1751924721.1047814,1751924765.5234685,batch_consumer-sts-0_20250707_214605_663215.csv,True,False,False,1751925379.8232613,658718.4798717499
6999,1751924721.1050143,1751924765.5515213,batch_consumer-sts-0_20250707_214605_663215.csv,True,False,False,1751925379.8232613,658718.2469367981
7009,1751924721.1052065,1751924765.57945,batch_consumer-sts-0_20250707_214605_663215.csv,True,False,False,1751925379.8232613,658718.0547714233
7019,1751924721.1053922,1751924765.6066396,batch_consumer-sts-0_20250707_214605_663215.csv,True,False,False,1751925379.8232613,658717.8690433502
7029,1751924721.105578,1751924765.6345994,batch_consumer-sts-0_20250707_214605_663215.csv,True,False,False,1751925379.8232613,658717.6833152771
7039,1751924721.105762,1751924765.9026885,batch_consumer-sts-0_20250707_214610_931586.csv,True,False,False,1751925379.8232613,658717.499256134
7049,1751924721.10596,1751924765.9307086,batch_consumer-sts-0_20250707_214610_931586.csv,True,False,False,1751925379.8232613,658717.3013687134
7059,1751924721.1061487,1751924765.9679751,batch_consumer-sts-0_20250707_214610_931586.csv,True,False,False,1751925379.8232613,658717.1125411987
7069,1751924721.106389,1751924765.9966855,batch_consumer-sts-0_20250707_214610_931586.csv,True,False,False,1751925379.8232613,658716.872215271
7079,1751924721.1066098,1751924766.0245245,batch_consumer-sts-0_20250707_214610_931586.csv,True,False,False,1751925379.8232613,658716.6514396667
7089,1751924721.1068363,1751924766.052547,batch_consumer-sts-0_20250707_214610_931586.csv,True,False,False,1751925379.8232613,658716.4249420166
7099,1751924721.1070735,1751924766.0802984,batch_consumer-sts-0_20250707_214610_931586.csv,True,False,False,1751925379.8232613,658716.1877155304
7109,1751924721.1073031,1751924766.1077423,batch_consumer-sts-0_20250707_214610_931586.csv,True,False,False,1751925379.8232613,658715.9581184387
7119,1751924721.107533,1751924766.135735,batch_consumer-sts-0_20250707_214610_931586.csv,True,False,False,1751925379.8232613,658715.7282829285
7129,1751924721.107761,1751924766.1639926,batch_consumer-sts-0_20250707_214610_931586.csv,True,False,False,1751925379.8232613,658715.5003547668
7139,1751924721.107986,1751924766.1919782,batch_consumer-sts-0_20250707_214610_931586.csv,True,False,False,1751925379.8232613,658715.2752876282
7149,1751924721.1082156,1751924766.2192042,batch_consumer-sts-0_20250707_214610_931586.csv,True,False,False,1751925379.8232613,658715.0456905365
7159,1751924721.1084464,1751924766.2476754,batch_consumer-sts-0_20250707_214610_931586.csv,True,False,False,1751925379.8232613,658714.8149013519
7169,1751924721.108673,1751924766.2754364,batch_consumer-sts-0_20250707_214610_931586.csv,True,False,False,1751925379.8232613,658714.5881652832
7179,1751924721.108904,1751924766.3029668,batch_consumer-sts-0_20250707_214610_931586.csv,True,False,False,1751925379.8232613,658714.3573760986
7189,1751924721.109172,1751924766.3332424,batch_consumer-sts-0_20250707_214610_931586.csv,True,False,False,1751925379.8232613,658714.0891551971
7199,1751924721.1094162,1751924766.360801,batch_consumer-sts-0_20250707_214610_931586.csv,True,False,False,1751925379.8232613,658713.8450145721
7209,1751924721.1096616,1751924766.3884523,batch_consumer-sts-0_20250707_214610_931586.csv,True,False,False,1751925379.8232613,658713.5996818542
7219,1751924721.1098907,1751924766.4158351,batch_consumer-sts-0_20250707_214610_931586.csv,True,False,False,1751925379.8232613,658713.3705615997
7229,1751924721.1101303,1751924766.443791,batch_consumer-sts-0_20250707_214610_931586.csv,True,False,False,1751925379.8232613,658713.1309509277
7239,1751924721.1104002,1751924766.4724832,batch_consumer-sts-0_20250707_214610_931586.csv,True,False,False,1751925379.8232613,658712.8610610962
7249,1751924721.1106277,1751924766.5002851,batch_consumer-sts-0_20250707_214610_931586.csv,True,False,False,1751925379.8232613,658712.6336097717
7259,1751924721.1108496,1751924766.5279958,batch_consumer-sts-0_20250707_214610_931586.csv,True,False,False,1751925379.8232613,658712.4116420746
7269,1751924721.1110797,1751924766.5550976,batch_consumer-sts-0_20250707_214610_931586.csv,True,False,False,1751925379.8232613,658712.1815681458
7279,1751924721.1113122,1751924766.5824687,batch_consumer-sts-0_20250707_214610_931586.csv,True,False,False,1751925379.8232613,658711.9491100311
7289,1751924721.1115437,1751924766.6097236,batch_consumer-sts-0_20250707_214610_931586.csv,True,False,False,1751925379.8232613,658711.7176055908
7299,1751924721.1117744,1751924766.6375842,batch_consumer-sts-0_20250707_214610_931586.csv,True,False,False,1751925379.8232613,658711.4868164062
7309,1751924721.112003,1751924766.665482,batch_consumer-sts-0_20250707_214610_931586.csv,True,False,False,1751925379.8232613,658711.2581729889
7319,1751924721.1122289,1751924766.693637,batch_consumer-sts-0_20250707_214610_931586.csv,True,False,False,1751925379.8232613,658711.0323905945
7329,1751924721.1124575,1751924766.7209303,batch_consumer-sts-0_20250707_214610_931586.csv,True,False,False,1751925379.8232613,658710.8037471771
7339,1751924721.1126838,1751924766.7499104,batch_consumer-sts-0_20250707_214610_931586.csv,True,False,False,1751925379.8232613,658710.5774879456
7349,1751924721.112909,1751924766.7776806,batch_consumer-sts-0_20250707_214610_931586.csv,True,False,False,1751925379.8232613,658710.3521823883
7359,1751924721.1131408,1751924766.8050568,batch_consumer-sts-0_20250707_214610_931586.csv,True,False,False,1751925379.8232613,658710.1204395294
7369,1751924721.1133714,1751924766.832693,batch_consumer-sts-0_20250707_214610_931586.csv,True,False,False,1751925379.8232613,658709.8898887634
7379,1751924721.113591,1751924766.8605022,batch_consumer-sts-0_20250707_214610_931586.csv,True,False,False,1751925379.8232613,658709.6703052521
7389,1751924721.1138144,1751924766.8885405,batch_consumer-sts-0_20250707_214610_931586.csv,True,False,False,1751925379.8232613,658709.4469070435
7399,1751924721.1140454,1751924766.9158163,batch_consumer-sts-0_20250707_214610_931586.csv,True,False,False,1751925379.8232613,658709.2158794403
7409,1751924721.1144905,1751924767.408244,batch_consumer-sts-0_20250707_214610_931586.csv,True,False,False,1751925379.8232613,658708.7707519531
7419,1751924721.1147285,1751924767.4360914,batch_consumer-sts-0_20250707_214610_931586.csv,True,False,False,1751925379.8232613,658708.5328102112
7429,1751924721.1149566,1751924767.4638643,batch_consumer-sts-0_20250707_214610_931586.csv,True,False,False,1751925379.8232613,658708.304643631
7439,1751924721.1151805,1751924767.492028,batch_consumer-sts-0_20250707_214610_931586.csv,True,False,False,1751925379.8232613,658708.0807685852
7449,1751924721.115412,1751924767.5191271,batch_consumer-sts-0_20250707_214610_931586.csv,True,False,False,1751925379.8232613,658707.8492641449
7459,1751924721.1156662,1751924767.546822,batch_consumer-sts-0_20250707_214610_931586.csv,True,False,False,1751925379.8232613,658707.5951099396
7469,1751924721.115896,1751924767.575883,batch_consumer-sts-0_20250707_214610_931586.csv,True,False,False,1751925379.8232613,658707.3652744293
7479,1751924721.1161325,1751924767.6050196,batch_consumer-sts-0_20250707_214610_931586.csv,True,False,False,1751925379.8232613,658707.1287631989
7489,1751924721.116357,1751924767.636355,batch_consumer-sts-0_20250707_214610_931586.csv,True,False,False,1751925379.8232613,658706.9041728973
7499,1751924721.1165826,1751924767.664314,batch_consumer-sts-0_20250707_214610_931586.csv,True,False,False,1751925379.8232613,658706.6786289215
7509,1751924721.1168067,1751924767.6946447,batch_consumer-sts-0_20250707_214610_931586.csv,True,False,False,1751925379.8232613,658706.4545154572
7519,1751924721.1170316,1751924767.7770996,batch_consumer-sts-0_20250707_214610_931586.csv,True,False,False,1751925379.8232613,658706.2296867371
7529,1751924721.1172664,1751924767.805391,batch_consumer-sts-0_20250707_214610_931586.csv,True,False,False,1751925379.8232613,658705.9948444366
7539,1751924721.1174955,1751924767.8362155,batch_consumer-sts-0_20250707_214610_931586.csv,True,False,False,1751925379.8232613,658705.7657241821
7549,1751924721.1177237,1751924767.864358,batch_consumer-sts-0_20250707_214610_931586.csv,True,False,False,1751925379.8232613,658705.5375576019
7559,1751924721.1179495,1751924767.8918731,batch_consumer-sts-0_20250707_214610_931586.csv,True,False,False,1751925379.8232613,658705.3117752075
7569,1751924721.118183,1751924767.9192123,batch_consumer-sts-0_20250707_214610_931586.csv,True,False,False,1751925379.8232613,658705.0783634186
7579,1751924721.1184142,1751924767.9468286,batch_consumer-sts-0_20250707_214610_931586.csv,True,False,False,1751925379.8232613,658704.8470973969
7589,1751924721.1186483,1751924767.9748096,batch_consumer-sts-0_20250707_214610_931586.csv,True,False,False,1751925379.8232613,658704.6129703522
7599,1751924721.1188743,1751924768.0028627,batch_consumer-sts-0_20250707_214610_931586.csv,True,False,False,1751925379.8232613,658704.3869495392
7609,1751924721.119105,1751924768.0306249,batch_consumer-sts-0_20250707_214610_931586.csv,True,False,False,1751925379.8232613,658704.1561603546
7619,1751924721.119335,1751924768.058654,batch_consumer-sts-0_20250707_214610_931586.csv,True,False,False,1751925379.8232613,658703.9263248444
7629,1751924721.1195605,1751924768.0865586,batch_consumer-sts-0_20250707_214610_931586.csv,True,False,False,1751925379.8232613,658703.7007808685
7639,1751924721.11981,1751924768.1139984,batch_consumer-sts-0_20250707_214610_931586.csv,True,False,False,1751925379.8232613,658703.4511566162
7649,1751924721.1199818,1751924768.1428592,batch_consumer-sts-0_20250707_214610_931586.csv,True,False,False,1751925379.8232613,658703.2794952393
7659,1751924721.1201582,1751924768.170745,batch_consumer-sts-0_20250707_214610_931586.csv,True,False,False,1751925379.8232613,658703.1030654907
7669,1751924721.120354,1751924768.1984513,batch_consumer-sts-0_20250707_214610_931586.csv,True,False,False,1751925379.8232613,658702.9073238373
7679,1751924721.1205535,1751924768.2261624,batch_consumer-sts-0_20250707_214610_931586.csv,True,False,False,1751925379.8232613,658702.7077674866
7689,1751924721.1207314,1751924768.2542193,batch_consumer-sts-0_20250707_214610_931586.csv,True,False,False,1751925379.8232613,658702.5299072266
7699,1751924721.1209111,1751924768.2830317,batch_consumer-sts-0_20250707_214610_931586.csv,True,False,False,1751925379.8232613,658702.3501396179
7709,1751924721.121117,1751924768.3103604,batch_consumer-sts-0_20250707_214610_931586.csv,True,False,False,1751925379.8232613,658702.1441459656
7719,1751924721.12131,1751924768.338177,batch_consumer-sts-0_20250707_214610_931586.csv,True,False,False,1751925379.8232613,658701.9512653351
7729,1751924721.1214926,1751924768.366324,batch_consumer-sts-0_20250707_214610_931586.csv,True,False,False,1751925379.8232613,658701.7686367035
7739,1751924721.12168,1751924768.3940918,batch_consumer-sts-0_20250707_214610_931586.csv,True,False,False,1751925379.8232613,658701.5812397003
7749,1751924721.1219008,1751924768.4230423,batch_consumer-sts-0_20250707_214610_931586.csv,True,False,False,1751925379.8232613,658701.3604640961
7759,1751924721.1221452,1751924768.450659,batch_consumer-sts-0_20250707_214610_931586.csv,True,False,False,1751925379.8232613,658701.1160850525
7769,1751924721.1223817,1751924768.4781592,batch_consumer-sts-0_20250707_214610_931586.csv,True,False,False,1751925379.8232613,658700.879573822
7779,1751924721.1226082,1751924768.505208,batch_consumer-sts-0_20250707_214610_931586.csv,True,False,False,1751925379.8232613,658700.6530761719
7789,1751924721.122833,1751924768.5319557,batch_consumer-sts-0_20250707_214610_931586.csv,True,False,False,1751925379.8232613,658700.4282474518
7799,1751924721.1230664,1751924768.560017,batch_consumer-sts-0_20250707_214610_931586.csv,True,False,False,1751925379.8232613,658700.1948356628
7809,1751924721.1232872,1751924768.5879753,batch_consumer-sts-0_20250707_214610_931586.csv,True,False,False,1751925379.8232613,658699.9740600586
7819,1751924721.1235228,1751924768.6154668,batch_consumer-sts-0_20250707_214610_931586.csv,True,False,False,1751925379.8232613,658699.7385025024
7829,1751924721.1237514,1751924768.643293,batch_consumer-sts-0_20250707_214610_931586.csv,True,False,False,1751925379.8232613,658699.5098590851
7839,1751924721.1239824,1751924769.6739223,batch_consumer-sts-0_20250707_214610_931586.csv,True,False,False,1751925379.8232613,658699.2788314819
7849,1751924721.1242046,1751924769.702051,batch_consumer-sts-0_20250707_214610_931586.csv,True,False,False,1751925379.8232613,658699.0566253662
7859,1751924721.124437,1751924769.7398012,batch_consumer-sts-0_20250707_214610_931586.csv,True,False,False,1751925379.8232613,658698.8241672516
7869,1751924721.124662,1751924769.7674568,batch_consumer-sts-0_20250707_214610_931586.csv,True,False,False,1751925379.8232613,658698.5993385315
7879,1751924721.1248882,1751924769.7950048,batch_consumer-sts-0_20250707_214610_931586.csv,True,False,False,1751925379.8232613,658698.3730792999
7889,1751924721.1251216,1751924769.822292,batch_consumer-sts-0_20250707_214610_931586.csv,True,False,False,1751925379.8232613,658698.139667511
7899,1751924721.125352,1751924769.8510394,batch_consumer-sts-0_20250707_214610_931586.csv,True,False,False,1751925379.8232613,658697.9093551636
7909,1751924721.125577,1751924769.8790357,batch_consumer-sts-0_20250707_214610_931586.csv,True,False,False,1751925379.8232613,658697.6842880249
7919,1751924721.1258004,1751924769.9058475,batch_consumer-sts-0_20250707_214610_931586.csv,True,False,False,1751925379.8232613,658697.4608898163
7929,1751924721.126035,1751924769.9332995,batch_consumer-sts-0_20250707_214610_931586.csv,True,False,False,1751925379.8232613,658697.2262859344
7939,1751924721.1262674,1751924769.960868,batch_consumer-sts-0_20250707_214610_931586.csv,True,False,False,1751925379.8232613,658696.9938278198
7949,1751924721.1264925,1751924769.989756,batch_consumer-sts-0_20250707_214610_931586.csv,True,False,False,1751925379.8232613,658696.7687606812
7959,1751924721.1267216,1751924770.7095456,batch_consumer-sts-0_20250707_214610_931586.csv,True,False,False,1751925379.8232613,658696.5396404266
7969,1751924721.1269472,1751924770.7372963,batch_consumer-sts-0_20250707_214610_931586.csv,True,False,False,1751925379.8232613,658696.3140964508
7979,1751924721.1271656,1751924770.7642574,batch_consumer-sts-0_20250707_214610_931586.csv,True,False,False,1751925379.8232613,658696.0957050323
7989,1751924721.127396,1751924770.7920628,batch_consumer-sts-0_20250707_214610_931586.csv,True,False,False,1751925379.8232613,658695.8651542664
7999,1751924721.1276257,1751924770.8195016,batch_consumer-sts-0_20250707_214610_931586.csv,True,False,False,1751925379.8232613,658695.6355571747
8009,1751924721.1278515,1751924770.8471842,batch_consumer-sts-0_20250707_214610_931586.csv,True,False,False,1751925379.8232613,658695.4097747803
8019,1751924721.1280844,1751924770.8762732,batch_consumer-sts-0_20250707_214610_931586.csv,True,False,False,1751925379.8232613,658695.1768398285
8029,1751924721.1283104,1751924770.9030852,batch_consumer-sts-0_20250707_214610_931586.csv,True,False,False,1751925379.8232613,658694.9508190155
8039,1751924721.1285448,1751924771.140561,batch_consumer-sts-0_20250707_214614_023826.csv,True,False,False,1751925379.8232613,658694.7164535522
8049,1751924721.1287713,1751924771.1682837,batch_consumer-sts-0_20250707_214614_023826.csv,True,False,False,1751925379.8232613,658694.4899559021
8059,1751924721.1290004,1751924771.194944,batch_consumer-sts-0_20250707_214614_023826.csv,True,False,False,1751925379.8232613,658694.2608356476
8069,1751924721.129228,1751924771.222104,batch_consumer-sts-0_20250707_214614_023826.csv,True,False,False,1751925379.8232613,658694.0331459045
8079,1751924721.1294525,1751924771.2499657,batch_consumer-sts-0_20250707_214614_023826.csv,True,False,False,1751925379.8232613,658693.8087940216
8089,1751924721.1296773,1751924771.2779572,batch_consumer-sts-0_20250707_214614_023826.csv,True,False,False,1751925379.8232613,658693.5839653015
8099,1751924721.129902,1751924771.306199,batch_consumer-sts-0_20250707_214614_023826.csv,True,False,False,1751925379.8232613,658693.359375
8109,1751924721.1301332,1751924771.3375306,batch_consumer-sts-0_20250707_214614_023826.csv,True,False,False,1751925379.8232613,658693.1281089783
8119,1751924721.1303768,1751924771.3654006,batch_consumer-sts-0_20250707_214614_023826.csv,True,False,False,1751925379.8232613,658692.8844451904
8129,1751924721.1306028,1751924771.39325,batch_consumer-sts-0_20250707_214614_023826.csv,True,False,False,1751925379.8232613,658692.6584243774
8139,1751924721.1308358,1751924771.4202373,batch_consumer-sts-0_20250707_214614_023826.csv,True,False,False,1751925379.8232613,658692.4254894257
8149,1751924721.1310568,1751924771.448115,batch_consumer-sts-0_20250707_214614_023826.csv,True,False,False,1751925379.8232613,658692.2044754028
8159,1751924721.1313012,1751924771.475783,batch_consumer-sts-0_20250707_214614_023826.csv,True,False,False,1751925379.8232613,658691.9600963593
8169,1751924721.131528,1751924771.50352,batch_consumer-sts-0_20250707_214614_023826.csv,True,False,False,1751925379.8232613,658691.7333602905
8179,1751924721.131758,1751924771.5387044,batch_consumer-sts-0_20250707_214614_023826.csv,True,False,False,1751925379.8232613,658691.5032863617
8189,1751924721.1319814,1751924771.568064,batch_consumer-sts-0_20250707_214614_023826.csv,True,False,False,1751925379.8232613,658691.2798881531
8199,1751924721.1322112,1751924771.5964217,batch_consumer-sts-0_20250707_214614_023826.csv,True,False,False,1751925379.8232613,658691.0500526428
8209,1751924721.132437,1751924771.6237934,batch_consumer-sts-0_20250707_214614_023826.csv,True,False,False,1751925379.8232613,658690.8242702484
8219,1751924721.132666,1751924771.651906,batch_consumer-sts-0_20250707_214614_023826.csv,True,False,False,1751925379.8232613,658690.5951499939
8229,1751924721.1328945,1751924771.679953,batch_consumer-sts-0_20250707_214614_023826.csv,True,False,False,1751925379.8232613,658690.3667449951
8239,1751924721.13312,1751924771.7076092,batch_consumer-sts-0_20250707_214614_023826.csv,True,False,False,1751925379.8232613,658690.1412010193
8249,1751924721.133352,1751924771.738519,batch_consumer-sts-0_20250707_214614_023826.csv,True,False,False,1751925379.8232613,658689.9092197418
8259,1751924721.1335776,1751924771.7661605,batch_consumer-sts-0_20250707_214614_023826.csv,True,False,False,1751925379.8232613,658689.683675766
8269,1751924721.1338043,1751924771.7943137,batch_consumer-sts-0_20250707_214614_023826.csv,True,False,False,1751925379.8232613,658689.4569396973
8279,1751924721.1340263,1751924771.8202186,batch_consumer-sts-0_20250707_214614_023826.csv,True,False,False,1751925379.8232613,658689.2349720001
8289,1751924721.1342585,1751924771.8503742,batch_consumer-sts-0_20250707_214614_023826.csv,True,False,False,1751925379.8232613,658689.0027523041
8299,1751924721.1344793,1751924771.8782496,batch_consumer-sts-0_20250707_214614_023826.csv,True,False,False,1751925379.8232613,658688.7819766998
8309,1751924721.134706,1751924771.9056892,batch_consumer-sts-0_20250707_214614_023826.csv,True,False,False,1751925379.8232613,658688.5552406311
8319,1751924721.134941,1751924771.9330404,batch_consumer-sts-0_20250707_214614_023826.csv,True,False,False,1751925379.8232613,658688.3201599121
8329,1751924721.1351736,1751924771.9609215,batch_consumer-sts-0_20250707_214614_023826.csv,True,False,False,1751925379.8232613,658688.0877017975
8339,1751924721.1353984,1751924771.98915,batch_consumer-sts-0_20250707_214614_023826.csv,True,False,False,1751925379.8232613,658687.8628730774
8349,1751924721.1355965,1751924772.016173,batch_consumer-sts-0_20250707_214614_023826.csv,True,False,False,1751925379.8232613,658687.6647472382
8359,1751924721.1357756,1751924772.0440502,batch_consumer-sts-0_20250707_214614_023826.csv,True,False,False,1751925379.8232613,658687.4856948853
8369,1751924721.1359525,1751924772.1125329,batch_consumer-sts-0_20250707_214614_023826.csv,True,False,False,1751925379.8232613,658687.3087882996
8379,1751924721.1361585,1751924772.1406968,batch_consumer-sts-0_20250707_214614_023826.csv,True,False,False,1751925379.8232613,658687.1027946472
8389,1751924721.136344,1751924772.1822598,batch_consumer-sts-0_20250707_214614_023826.csv,True,False,False,1751925379.8232613,658686.9173049927
8399,1751924721.1365292,1751924772.2095573,batch_consumer-sts-0_20250707_214614_023826.csv,True,False,False,1751925379.8232613,658686.7320537567
8409,1751924721.136715,1751924772.2374854,batch_consumer-sts-0_20250707_214614_023826.csv,True,False,False,1751925379.8232613,658686.5463256836
8419,1751924721.136914,1751924772.2657256,batch_consumer-sts-0_20250707_214614_023826.csv,True,False,False,1751925379.8232613,658686.34724617
8429,1751924721.1371384,1751924772.2943835,batch_consumer-sts-0_20250707_214614_023826.csv,True,False,False,1751925379.8232613,658686.1228942871
8439,1751924721.1373725,1751924772.3216562,batch_consumer-sts-0_20250707_214614_023826.csv,True,False,False,1751925379.8232613,658685.8887672424
8449,1751924721.137597,1751924772.3500395,batch_consumer-sts-0_20250707_214614_023826.csv,True,False,False,1751925379.8232613,658685.6641769409
8459,1751924721.1378176,1751924772.3783307,batch_consumer-sts-0_20250707_214614_023826.csv,True,False,False,1751925379.8232613,658685.4436397552
8469,1751924721.1380455,1751924772.4084845,batch_consumer-sts-0_20250707_214614_023826.csv,True,False,False,1751925379.8232613,658685.2157115936
8479,1751924721.1382806,1751924772.4361825,batch_consumer-sts-0_20250707_214614_023826.csv,True,False,False,1751925379.8232613,658684.9806308746
8489,1751924721.1385157,1751924772.4637542,batch_consumer-sts-0_20250707_214614_023826.csv,True,False,False,1751925379.8232613,658684.7455501556
8499,1751924721.1387424,1751924772.4916172,batch_consumer-sts-0_20250707_214614_023826.csv,True,False,False,1751925379.8232613,658684.5188140869
8509,1751924721.1389678,1751924772.5186317,batch_consumer-sts-0_20250707_214614_023826.csv,True,False,False,1751925379.8232613,658684.2935085297
8519,1751924721.1391988,1751924772.5465815,batch_consumer-sts-0_20250707_214614_023826.csv,True,False,False,1751925379.8232613,658684.0624809265
8529,1751924721.1394224,1751924772.5740008,batch_consumer-sts-0_20250707_214614_023826.csv,True,False,False,1751925379.8232613,658683.8388442993
8539,1751924721.1396475,1751924772.6047676,batch_consumer-sts-0_20250707_214614_023826.csv,True,False,False,1751925379.8232613,658683.6137771606
8549,1751924721.1398754,1751924772.6513677,batch_consumer-sts-0_20250707_214614_023826.csv,True,False,False,1751925379.8232613,658683.385848999
8559,1751924721.1401024,1751924772.679616,batch_consumer-sts-0_20250707_214614_023826.csv,True,False,False,1751925379.8232613,658683.1588745117
8569,1751924721.1403244,1751924772.7073853,batch_consumer-sts-0_20250707_214614_023826.csv,True,False,False,1751925379.8232613,658682.9369068146
8579,1751924721.1405542,1751924772.7356856,batch_consumer-sts-0_20250707_214614_023826.csv,True,False,False,1751925379.8232613,658682.7070713043
8589,1751924721.1407802,1751924772.763049,batch_consumer-sts-0_20250707_214614_023826.csv,True,False,False,1751925379.8232613,658682.4810504913
8599,1751924721.141008,1751924772.7914631,batch_consumer-sts-0_20250707_214614_023826.csv,True,False,False,1751925379.8232613,658682.2533607483
8609,1751924721.141235,1751924772.8186903,batch_consumer-sts-0_20250707_214614_023826.csv,True,False,False,1751925379.8232613,658682.0261478424
8619,1751924721.1414597,1751924772.846154,batch_consumer-sts-0_20250707_214614_023826.csv,True,False,False,1751925379.8232613,658681.8015575409
8629,1751924721.1417005,1751924772.8735256,batch_consumer-sts-0_20250707_214614_023826.csv,True,False,False,1751925379.8232613,658681.560754776
8639,1751924721.1419263,1751924772.9012375,batch_consumer-sts-0_20250707_214614_023826.csv,True,False,False,1751925379.8232613,658681.3349723816
8649,1751924721.1421628,1751924772.933467,batch_consumer-sts-0_20250707_214614_023826.csv,True,False,False,1751925379.8232613,658681.0984611511
8659,1751924721.142388,1751924772.9609227,batch_consumer-sts-0_20250707_214614_023826.csv,True,False,False,1751925379.8232613,658680.8731555939
8669,1751924721.1426167,1751924772.9885552,batch_consumer-sts-0_20250707_214614_023826.csv,True,False,False,1751925379.8232613,658680.6445121765
8679,1751924721.1428418,1751924773.0155344,batch_consumer-sts-0_20250707_214614_023826.csv,True,False,False,1751925379.8232613,658680.4194450378
8689,1751924721.1430676,1751924773.043532,batch_consumer-sts-0_20250707_214614_023826.csv,True,False,False,1751925379.8232613,658680.1936626434
8699,1751924721.1433034,1751924773.0713782,batch_consumer-sts-0_20250707_214614_023826.csv,True,False,False,1751925379.8232613,658679.9578666687
8709,1751924721.143532,1751924773.0989442,batch_consumer-sts-0_20250707_214614_023826.csv,True,False,False,1751925379.8232613,658679.7292232513
8719,1751924721.1437616,1751924773.1305184,batch_consumer-sts-0_20250707_214614_023826.csv,True,False,False,1751925379.8232613,658679.4996261597
8729,1751924721.1439888,1751924773.1578026,batch_consumer-sts-0_20250707_214614_023826.csv,True,False,False,1751925379.8232613,658679.2724132538
8739,1751924721.1442611,1751924773.1850295,batch_consumer-sts-0_20250707_214614_023826.csv,True,False,False,1751925379.8232613,658679.0001392365
8749,1751924721.1444857,1751924773.212318,batch_consumer-sts-0_20250707_214614_023826.csv,True,False,False,1751925379.8232613,658678.7755489349
8759,1751924721.1447113,1751924773.2416131,batch_consumer-sts-0_20250707_214614_023826.csv,True,False,False,1751925379.8232613,658678.5500049591
8769,1751924721.144938,1751924773.2692957,batch_consumer-sts-0_20250707_214614_023826.csv,True,False,False,1751925379.8232613,658678.3232688904
8779,1751924721.1451666,1751924773.2968109,batch_consumer-sts-0_20250707_214614_023826.csv,True,False,False,1751925379.8232613,658678.094625473
8789,1751924721.145393,1751924773.3245058,batch_consumer-sts-0_20250707_214614_023826.csv,True,False,False,1751925379.8232613,658677.8683662415
8799,1751924721.1456206,1751924773.352632,batch_consumer-sts-0_20250707_214614_023826.csv,True,False,False,1751925379.8232613,658677.6406764984
8809,1751924721.1458468,1751924773.3801758,batch_consumer-sts-0_20250707_214614_023826.csv,True,False,False,1751925379.8232613,658677.4144172668
8819,1751924721.1460729,1751924773.408745,batch_consumer-sts-0_20250707_214614_023826.csv,True,False,False,1751925379.8232613,658677.1883964539
8829,1751924721.1463034,1751924773.4402862,batch_consumer-sts-0_20250707_214614_023826.csv,True,False,False,1751925379.8232613,658676.9578456879
8839,1751924721.1465266,1751924773.4685464,batch_consumer-sts-0_20250707_214614_023826.csv,True,False,False,1751925379.8232613,658676.7346858978
8849,1751924721.146756,1751924773.4965172,batch_consumer-sts-0_20250707_214614_023826.csv,True,False,False,1751925379.8232613,658676.5053272247
8859,1751924721.1470065,1751924773.5242035,batch_consumer-sts-0_20250707_214614_023826.csv,True,False,False,1751925379.8232613,658676.2547492981
8869,1751924721.1472402,1751924773.5517256,batch_consumer-sts-0_20250707_214614_023826.csv,True,False,False,1751925379.8232613,658676.0210990906
8879,1751924721.1474624,1751924773.579699,batch_consumer-sts-0_20250707_214614_023826.csv,True,False,False,1751925379.8232613,658675.7988929749
8889,1751924721.147695,1751924773.607587,batch_consumer-sts-0_20250707_214614_023826.csv,True,False,False,1751925379.8232613,658675.5661964417
8899,1751924721.147916,1751924773.634981,batch_consumer-sts-0_20250707_214614_023826.csv,True,False,False,1751925379.8232613,658675.3451824188
8909,1751924721.148143,1751924773.6624177,batch_consumer-sts-0_20250707_214614_023826.csv,True,False,False,1751925379.8232613,658675.1182079315
8919,1751924721.148367,1751924773.69011,batch_consumer-sts-0_20250707_214614_023826.csv,True,False,False,1751925379.8232613,658674.8943328857
8929,1751924721.148605,1751924773.7172627,batch_consumer-sts-0_20250707_214614_023826.csv,True,False,False,1751925379.8232613,658674.6561527252
8939,1751924721.1488342,1751924773.7451203,batch_consumer-sts-0_20250707_214614_023826.csv,True,False,False,1751925379.8232613,658674.4270324707
8949,1751924721.1490755,1751924773.772385,batch_consumer-sts-0_20250707_214614_023826.csv,True,False,False,1751925379.8232613,658674.1857528687
8959,1751924721.1493084,1751924773.7996068,batch_consumer-sts-0_20250707_214614_023826.csv,True,False,False,1751925379.8232613,658673.9528179169
8969,1751924721.1495523,1751924773.827989,batch_consumer-sts-0_20250707_214614_023826.csv,True,False,False,1751925379.8232613,658673.7089157104
8979,1751924721.1497858,1751924773.8554423,batch_consumer-sts-0_20250707_214614_023826.csv,True,False,False,1751925379.8232613,658673.4755039215
8989,1751924721.1500285,1751924773.8835971,batch_consumer-sts-0_20250707_214614_023826.csv,True,False,False,1751925379.8232613,658673.232793808
8999,1751924721.1503298,1751924773.9106967,batch_consumer-sts-0_20250707_214614_023826.csv,True,False,False,1751925379.8232613,658672.931432724
9009,1751924721.1505623,1751924773.9385157,batch_consumer-sts-0_20250707_214614_023826.csv,True,False,False,1751925379.8232613,658672.6989746094
9019,1751924721.150808,1751924773.9677217,batch_consumer-sts-0_20250707_214614_023826.csv,True,False,False,1751925379.8232613,658672.4531650543
9029,1751924721.1511211,1751924773.9957602,batch_consumer-sts-0_20250707_214614_023826.csv,True,False,False,1751925379.8232613,658672.14012146
9039,1751924721.1513984,1751924775.2696686,batch_consumer-sts-0_20250707_214618_368510.csv,True,False,False,1751925379.8232613,658671.8628406525
9049,1751924721.151696,1751924775.3742106,batch_consumer-sts-0_20250707_214618_368510.csv,True,False,False,1751925379.8232613,658671.5652942657
9059,1751924721.1519513,1751924775.4018283,batch_consumer-sts-0_20250707_214618_368510.csv,True,False,False,1751925379.8232613,658671.3099479675
9069,1751924721.1521976,1751924775.4298444,batch_consumer-sts-0_20250707_214618_368510.csv,True,False,False,1751925379.8232613,658671.0636615753
9079,1751924721.1524756,1751924775.4576874,batch_consumer-sts-0_20250707_214618_368510.csv,True,False,False,1751925379.8232613,658670.7856655121
9089,1751924721.1527312,1751924775.4859118,batch_consumer-sts-0_20250707_214618_368510.csv,True,False,False,1751925379.8232613,658670.5300807953
9099,1751924721.152959,1751924775.513682,batch_consumer-sts-0_20250707_214618_368510.csv,True,False,False,1751925379.8232613,658670.3021526337
9109,1751924721.1531909,1751924775.541878,batch_consumer-sts-0_20250707_214618_368510.csv,True,False,False,1751925379.8232613,658670.0704097748
9119,1751924721.15342,1751924775.5701923,batch_consumer-sts-0_20250707_214618_368510.csv,True,False,False,1751925379.8232613,658669.8412895203
9129,1751924721.1536517,1751924775.598418,batch_consumer-sts-0_20250707_214618_368510.csv,True,False,False,1751925379.8232613,658669.6095466614
9139,1751924721.153881,1751924775.6283832,batch_consumer-sts-0_20250707_214618_368510.csv,True,False,False,1751925379.8232613,658669.3801879883
9149,1751924721.1541092,1751924775.656618,batch_consumer-sts-0_20250707_214618_368510.csv,True,False,False,1751925379.8232613,658669.1520214081
9159,1751924721.1543505,1751924775.684455,batch_consumer-sts-0_20250707_214618_368510.csv,True,False,False,1751925379.8232613,658668.910741806
9169,1751924721.1545846,1751924775.711563,batch_consumer-sts-0_20250707_214618_368510.csv,True,False,False,1751925379.8232613,658668.6766147614
9179,1751924721.1549015,1751924775.739711,batch_consumer-sts-0_20250707_214618_368510.csv,True,False,False,1751925379.8232613,658668.3597564697
9189,1751924721.155146,1751924775.7678976,batch_consumer-sts-0_20250707_214618_368510.csv,True,False,False,1751925379.8232613,658668.1153774261
9199,1751924721.155414,1751924775.7954595,batch_consumer-sts-0_20250707_214618_368510.csv,True,False,False,1751925379.8232613,658667.8471565247
9209,1751924721.1556416,1751924775.8221242,batch_consumer-sts-0_20250707_214618_368510.csv,True,False,False,1751925379.8232613,658667.6197052002
9219,1751924721.1559155,1751924775.8497782,batch_consumer-sts-0_20250707_214618_368510.csv,True,False,False,1751925379.8232613,658667.3457622528
9229,1751924721.1562088,1751924775.877011,batch_consumer-sts-0_20250707_214618_368510.csv,True,False,False,1751925379.8232613,658667.0525074005
9239,1751924721.156459,1751924775.9063413,batch_consumer-sts-0_20250707_214618_368510.csv,True,False,False,1751925379.8232613,658666.8021678925
9249,1751924721.156681,1751924775.934501,batch_consumer-sts-0_20250707_214618_368510.csv,True,False,False,1751925379.8232613,658666.5802001953
9259,1751924721.1569092,1751924775.9646297,batch_consumer-sts-0_20250707_214618_368510.csv,True,False,False,1751925379.8232613,658666.3520336151
9269,1751924721.1571455,1751924775.9923673,batch_consumer-sts-0_20250707_214618_368510.csv,True,False,False,1751925379.8232613,658666.1157608032
9279,1751924721.1573792,1751924776.0194006,batch_consumer-sts-0_20250707_214618_368510.csv,True,False,False,1751925379.8232613,658665.8821105957
9289,1751924721.1576097,1751924776.0466912,batch_consumer-sts-0_20250707_214618_368510.csv,True,False,False,1751925379.8232613,658665.6515598297
9299,1751924721.1578884,1751924776.0746214,batch_consumer-sts-0_20250707_214618_368510.csv,True,False,False,1751925379.8232613,658665.3728485107
9309,1751924721.1581511,1751924776.102807,batch_consumer-sts-0_20250707_214618_368510.csv,True,False,False,1751925379.8232613,658665.1101112366
9319,1751924721.1584177,1751924776.1320922,batch_consumer-sts-0_20250707_214618_368510.csv,True,False,False,1751925379.8232613,658664.8435592651
9329,1751924721.1587002,1751924776.1595542,batch_consumer-sts-0_20250707_214618_368510.csv,True,False,False,1751925379.8232613,658664.5610332489
9339,1751924721.1589365,1751924776.1869926,batch_consumer-sts-0_20250707_214618_368510.csv,True,False,False,1751925379.8232613,658664.324760437
9349,1751924721.1591706,1751924776.21426,batch_consumer-sts-0_20250707_214618_368510.csv,True,False,False,1751925379.8232613,658664.0906333923
9359,1751924721.1594,1751924776.2419384,batch_consumer-sts-0_20250707_214618_368510.csv,True,False,False,1751925379.8232613,658663.8612747192
9369,1751924721.1596353,1751924776.2693572,batch_consumer-sts-0_20250707_214618_368510.csv,True,False,False,1751925379.8232613,658663.6259555817
9379,1751924721.159866,1751924776.2969098,batch_consumer-sts-0_20250707_214618_368510.csv,True,False,False,1751925379.8232613,658663.3951663971
9389,1751924721.1601157,1751924776.3239317,batch_consumer-sts-0_20250707_214618_368510.csv,True,False,False,1751925379.8232613,658663.1455421448
9399,1751924721.160439,1751924776.3515975,batch_consumer-sts-0_20250707_214618_368510.csv,True,False,False,1751925379.8232613,658662.8222465515
9409,1751924721.1608076,1751924776.3793466,batch_consumer-sts-0_20250707_214618_368510.csv,True,False,False,1751925379.8232613,658662.4536514282
9419,1751924721.1610923,1751924776.4068244,batch_consumer-sts-0_20250707_214618_368510.csv,True,False,False,1751925379.8232613,658662.1689796448
9429,1751924721.161415,1751924776.4343784,batch_consumer-sts-0_20250707_214618_368510.csv,True,False,False,1751925379.8232613,658661.8461608887
9439,1751924721.161682,1751924776.4636347,batch_consumer-sts-0_20250707_214618_368510.csv,True,False,False,1751925379.8232613,658661.5793704987
9449,1751924721.1619291,1751924776.4913528,batch_consumer-sts-0_20250707_214618_368510.csv,True,False,False,1751925379.8232613,658661.3321304321
9459,1751924721.162181,1751924776.5184584,batch_consumer-sts-0_20250707_214618_368510.csv,True,False,False,1751925379.8232613,658661.0803604126
9469,1751924721.1624098,1751924776.5508442,batch_consumer-sts-0_20250707_214618_368510.csv,True,False,False,1751925379.8232613,658660.8514785767
9479,1751924721.1627252,1751924776.5788696,batch_consumer-sts-0_20250707_214618_368510.csv,True,False,False,1751925379.8232613,658660.5360507965
9489,1751924721.1629577,1751924776.6066222,batch_consumer-sts-0_20250707_214618_368510.csv,True,False,False,1751925379.8232613,658660.3035926819
9499,1751924721.1631894,1751924776.6378555,batch_consumer-sts-0_20250707_214618_368510.csv,True,False,False,1751925379.8232613,658660.071849823
9509,1751924721.1634152,1751924776.6659815,batch_consumer-sts-0_20250707_214618_368510.csv,True,False,False,1751925379.8232613,658659.8460674286
9519,1751924721.163674,1751924776.6944623,batch_consumer-sts-0_20250707_214618_368510.csv,True,False,False,1751925379.8232613,658659.5871448517
9529,1751924721.163918,1751924776.7215724,batch_consumer-sts-0_20250707_214618_368510.csv,True,False,False,1751925379.8232613,658659.3432426453
9539,1751924721.1641755,1751924776.7492628,batch_consumer-sts-0_20250707_214618_368510.csv,True,False,False,1751925379.8232613,658659.0857505798
9549,1751924721.164452,1751924776.7765548,batch_consumer-sts-0_20250707_214618_368510.csv,True,False,False,1751925379.8232613,658658.8091850281
9559,1751924721.1647096,1751924776.8038807,batch_consumer-sts-0_20250707_214618_368510.csv,True,False,False,1751925379.8232613,658658.5516929626
9569,1751924721.164962,1751924776.8317878,batch_consumer-sts-0_20250707_214618_368510.csv,True,False,False,1751925379.8232613,658658.2992076874
9579,1751924721.165192,1751924776.859578,batch_consumer-sts-0_20250707_214618_368510.csv,True,False,False,1751925379.8232613,658658.0693721771
9589,1751924721.1654177,1751924776.8893874,batch_consumer-sts-0_20250707_214618_368510.csv,True,False,False,1751925379.8232613,658657.8435897827
9599,1751924721.1656418,1751924776.9165947,batch_consumer-sts-0_20250707_214618_368510.csv,True,False,False,1751925379.8232613,658657.6194763184
9609,1751924721.165879,1751924776.9442878,batch_consumer-sts-0_20250707_214618_368510.csv,True,False,False,1751925379.8232613,658657.3822498322
9619,1751924721.1661077,1751924776.9714217,batch_consumer-sts-0_20250707_214618_368510.csv,True,False,False,1751925379.8232613,658657.1536064148
9629,1751924721.1663496,1751924776.999346,batch_consumer-sts-0_20250707_214618_368510.csv,True,False,False,1751925379.8232613,658656.911611557
9639,1751924721.1665778,1751924777.0266032,batch_consumer-sts-0_20250707_214618_368510.csv,True,False,False,1751925379.8232613,658656.6834449768
9649,1751924721.166809,1751924777.054361,batch_consumer-sts-0_20250707_214618_368510.csv,True,False,False,1751925379.8232613,658656.4521789551
9659,1751924721.1670349,1751924777.082311,batch_consumer-sts-0_20250707_214618_368510.csv,True,False,False,1751925379.8232613,658656.2263965607
9669,1751924721.1672645,1751924777.1084552,batch_consumer-sts-0_20250707_214618_368510.csv,True,False,False,1751925379.8232613,658655.996799469
9679,1751924721.1674974,1751924777.1363456,batch_consumer-sts-0_20250707_214618_368510.csv,True,False,False,1751925379.8232613,658655.7638645172
9689,1751924721.1677313,1751924777.1638098,batch_consumer-sts-0_20250707_214618_368510.csv,True,False,False,1751925379.8232613,658655.5299758911
9699,1751924721.1679533,1751924777.4172606,batch_consumer-sts-0_20250707_214618_368510.csv,True,False,False,1751925379.8232613,658655.308008194
9709,1751924721.1681871,1751924777.4458344,batch_consumer-sts-0_20250707_214618_368510.csv,True,False,False,1751925379.8232613,658655.0741195679
9719,1751924721.168424,1751924777.4742804,batch_consumer-sts-0_20250707_214618_368510.csv,True,False,False,1751925379.8232613,658654.8373699188
9729,1751924721.168654,1751924777.5026855,batch_consumer-sts-0_20250707_214618_368510.csv,True,False,False,1751925379.8232613,658654.60729599
9739,1751924721.1688805,1751924777.5324354,batch_consumer-sts-0_20250707_214618_368510.csv,True,False,False,1751925379.8232613,658654.3807983398
9749,1751924721.169109,1751924777.5606022,batch_consumer-sts-0_20250707_214618_368510.csv,True,False,False,1751925379.8232613,658654.1521549225
9759,1751924721.1693466,1751924777.5886574,batch_consumer-sts-0_20250707_214618_368510.csv,True,False,False,1751925379.8232613,658653.9146900177
9769,1751924721.1695774,1751924777.6156995,batch_consumer-sts-0_20250707_214618_368510.csv,True,False,False,1751925379.8232613,658653.6839008331
9779,1751924721.1698124,1751924777.644667,batch_consumer-sts-0_20250707_214618_368510.csv,True,False,False,1751925379.8232613,658653.4488201141
9789,1751924721.1700342,1751924777.6726823,batch_consumer-sts-0_20250707_214618_368510.csv,True,False,False,1751925379.8232613,658653.2270908356
9799,1751924721.1702738,1751924777.7004788,batch_consumer-sts-0_20250707_214618_368510.csv,True,False,False,1751925379.8232613,658652.9874801636
9809,1751924721.170497,1751924777.728675,batch_consumer-sts-0_20250707_214618_368510.csv,True,False,False,1751925379.8232613,658652.7643203735
9819,1751924721.1707242,1751924777.7565868,batch_consumer-sts-0_20250707_214618_368510.csv,True,False,False,1751925379.8232613,658652.5371074677
9829,1751924721.1709554,1751924777.7856667,batch_consumer-sts-0_20250707_214618_368510.csv,True,False,False,1751925379.8232613,658652.3058414459
9839,1751924721.1712031,1751924777.813916,batch_consumer-sts-0_20250707_214618_368510.csv,True,False,False,1751925379.8232613,658652.0581245422
9849,1751924721.1714387,1751924777.8416774,batch_consumer-sts-0_20250707_214618_368510.csv,True,False,False,1751925379.8232613,658651.8225669861
9859,1751924721.171661,1751924777.8699076,batch_consumer-sts-0_20250707_214618_368510.csv,True,False,False,1751925379.8232613,658651.6003608704
9869,1751924721.171893,1751924777.8977027,batch_consumer-sts-0_20250707_214618_368510.csv,True,False,False,1751925379.8232613,658651.3683795929
9879,1751924721.1721194,1751924777.9251728,batch_consumer-sts-0_20250707_214618_368510.csv,True,False,False,1751925379.8232613,658651.1418819427
9889,1751924721.1723456,1751924777.952817,batch_consumer-sts-0_20250707_214618_368510.csv,True,False,False,1751925379.8232613,658650.9156227112
9899,1751924721.172581,1751924777.9800484,batch_consumer-sts-0_20250707_214618_368510.csv,True,False,False,1751925379.8232613,658650.6803035736
9909,1751924721.1728091,1751924778.0070777,batch_consumer-sts-0_20250707_214618_368510.csv,True,False,False,1751925379.8232613,658650.4521369934
9919,1751924721.1730402,1751924778.034913,batch_consumer-sts-0_20250707_214618_368510.csv,True,False,False,1751925379.8232613,658650.2211093903
9929,1751924721.1732726,1751924778.0625892,batch_consumer-sts-0_20250707_214618_368510.csv,True,False,False,1751925379.8232613,658649.9886512756
9939,1751924721.1734946,1751924778.0899582,batch_consumer-sts-0_20250707_214618_368510.csv,True,False,False,1751925379.8232613,658649.7666835785
9949,1751924721.1737213,1751924778.1165557,batch_consumer-sts-0_20250707_214618_368510.csv,True,False,False,1751925379.8232613,658649.5399475098
9959,1751924721.173951,1751924778.1445286,batch_consumer-sts-0_20250707_214618_368510.csv,True,False,False,1751925379.8232613,658649.3103504181
9969,1751924721.1741989,1751924778.1732805,batch_consumer-sts-0_20250707_214618_368510.csv,True,False,False,1751925379.8232613,658649.0623950958
9979,1751924721.1744318,1751924778.200782,batch_consumer-sts-0_20250707_214618_368510.csv,True,False,False,1751925379.8232613,658648.829460144
9989,1751924721.174655,1751924778.2281015,batch_consumer-sts-0_20250707_214618_368510.csv,True,False,False,1751925379.8232613,658648.606300354
9999,1751924721.1748838,1751924778.2558343,batch_consumer-sts-0_20250707_214618_368510.csv,True,False,False,1751925379.8232613,658648.3774185181
10009,1751924721.1751122,1751924778.2841182,batch_consumer-sts-0_20250707_214618_368510.csv,True,False,False,1751925379.8232613,658648.1490135193
10019,1751924721.1753397,1751924778.3115053,batch_consumer-sts-0_20250707_214618_368510.csv,True,False,False,1751925379.8232613,658647.9215621948
10029,1751924721.1755707,1751924778.340489,batch_consumer-sts-0_20250707_214618_368510.csv,True,False,False,1751925379.8232613,658647.6905345917
10039,1751924721.175796,1751924778.56204,batch_consumer-sts-0_20250707_214623_458495.csv,True,False,False,1751925379.8232613,658647.4652290344
10049,1751924721.1760256,1751924778.5888548,batch_consumer-sts-0_20250707_214623_458495.csv,True,False,False,1751925379.8232613,658647.2356319427
10059,1751924721.176252,1751924778.6161692,batch_consumer-sts-0_20250707_214623_458495.csv,True,False,False,1751925379.8232613,658647.0093727112
10069,1751924721.1764772,1751924778.6432788,batch_consumer-sts-0_20250707_214623_458495.csv,True,False,False,1751925379.8232613,658646.7840671539
10079,1751924721.1766973,1751924778.6709352,batch_consumer-sts-0_20250707_214623_458495.csv,True,False,False,1751925379.8232613,658646.5640068054
10089,1751924721.176928,1751924778.6984994,batch_consumer-sts-0_20250707_214623_458495.csv,True,False,False,1751925379.8232613,658646.3332176208
10099,1751924721.1771553,1751924778.7295568,batch_consumer-sts-0_20250707_214623_458495.csv,True,False,False,1751925379.8232613,658646.106004715
10109,1751924721.1773777,1751924778.7572565,batch_consumer-sts-0_20250707_214623_458495.csv,True,False,False,1751925379.8232613,658645.8835601807
10119,1751924721.1776023,1751924778.7844903,batch_consumer-sts-0_20250707_214623_458495.csv,True,False,False,1751925379.8232613,658645.6589698792
10129,1751924721.1778336,1751924778.8116772,batch_consumer-sts-0_20250707_214623_458495.csv,True,False,False,1751925379.8232613,658645.4277038574
10139,1751924721.1780686,1751924778.83972,batch_consumer-sts-0_20250707_214623_458495.csv,True,False,False,1751925379.8232613,658645.1926231384
10149,1751924721.1783135,1751924778.8673348,batch_consumer-sts-0_20250707_214623_458495.csv,True,False,False,1751925379.8232613,658644.9477672577
10159,1751924721.1785398,1751924778.8942044,batch_consumer-sts-0_20250707_214623_458495.csv,True,False,False,1751925379.8232613,658644.7215080261
10169,1751924721.178764,1751924778.9214137,batch_consumer-sts-0_20250707_214623_458495.csv,True,False,False,1751925379.8232613,658644.4971561432
10179,1751924721.1789927,1751924778.9492147,batch_consumer-sts-0_20250707_214623_458495.csv,True,False,False,1751925379.8232613,658644.2685127258
10189,1751924721.1792214,1751924778.9760983,batch_consumer-sts-0_20250707_214623_458495.csv,True,False,False,1751925379.8232613,658644.0398693085
10199,1751924721.179457,1751924779.0040488,batch_consumer-sts-0_20250707_214623_458495.csv,True,False,False,1751925379.8232613,658643.8043117523
10209,1751924721.1796882,1751924779.0358603,batch_consumer-sts-0_20250707_214623_458495.csv,True,False,False,1751925379.8232613,658643.5730457306
10219,1751924721.1799176,1751924779.0633757,batch_consumer-sts-0_20250707_214623_458495.csv,True,False,False,1751925379.8232613,658643.3436870575
10229,1751924721.1801493,1751924779.0912774,batch_consumer-sts-0_20250707_214623_458495.csv,True,False,False,1751925379.8232613,658643.1119441986
10239,1751924721.180373,1751924779.1175466,batch_consumer-sts-0_20250707_214623_458495.csv,True,False,False,1751925379.8232613,658642.8883075714
10249,1751924721.1806238,1751924779.145002,batch_consumer-sts-0_20250707_214623_458495.csv,True,False,False,1751925379.8232613,658642.6374912262
10259,1751924721.1808448,1751924779.1728876,batch_consumer-sts-0_20250707_214623_458495.csv,True,False,False,1751925379.8232613,658642.4164772034
10269,1751924721.1810231,1751924779.2005448,batch_consumer-sts-0_20250707_214623_458495.csv,True,False,False,1751925379.8232613,658642.2381401062
10279,1751924721.1812012,1751924779.2284513,batch_consumer-sts-0_20250707_214623_458495.csv,True,False,False,1751925379.8232613,658642.0600414276
10289,1751924721.1813817,1751924779.256182,batch_consumer-sts-0_20250707_214623_458495.csv,True,False,False,1751925379.8232613,658641.8795585632
10299,1751924721.181556,1751924779.2838042,batch_consumer-sts-0_20250707_214623_458495.csv,True,False,False,1751925379.8232613,658641.7052745819
10309,1751924721.1817346,1751924779.3111484,batch_consumer-sts-0_20250707_214623_458495.csv,True,False,False,1751925379.8232613,658641.5266990662
10319,1751924721.181914,1751924779.3398125,batch_consumer-sts-0_20250707_214623_458495.csv,True,False,False,1751925379.8232613,658641.3471698761
10329,1751924721.1821065,1751924779.368606,batch_consumer-sts-0_20250707_214623_458495.csv,True,False,False,1751925379.8232613,658641.1547660828
10339,1751924721.182334,1751924779.396036,batch_consumer-sts-0_20250707_214623_458495.csv,True,False,False,1751925379.8232613,658640.9273147583
10349,1751924721.182562,1751924779.4263475,batch_consumer-sts-0_20250707_214623_458495.csv,True,False,False,1751925379.8232613,658640.6991481781
10359,1751924721.1827917,1751924779.4538937,batch_consumer-sts-0_20250707_214623_458495.csv,True,False,False,1751925379.8232613,658640.4695510864
10369,1751924721.1830244,1751924780.0301645,batch_consumer-sts-0_20250707_214623_458495.csv,True,False,False,1751925379.8232613,658640.2368545532
10379,1751924721.1832447,1751924780.098031,batch_consumer-sts-0_20250707_214623_458495.csv,True,False,False,1751925379.8232613,658640.0165557861
10389,1751924721.183478,1751924780.1257985,batch_consumer-sts-0_20250707_214623_458495.csv,True,False,False,1751925379.8232613,658639.7831439972
10399,1751924721.183707,1751924780.156282,batch_consumer-sts-0_20250707_214623_458495.csv,True,False,False,1751925379.8232613,658639.5542621613
10409,1751924721.1839366,1751924780.1842215,batch_consumer-sts-0_20250707_214623_458495.csv,True,False,False,1751925379.8232613,658639.3246650696
10419,1751924721.184162,1751924780.2116656,batch_consumer-sts-0_20250707_214623_458495.csv,True,False,False,1751925379.8232613,658639.0993595123
10429,1751924721.1843882,1751924780.2395098,batch_consumer-sts-0_20250707_214623_458495.csv,True,False,False,1751925379.8232613,658638.8731002808
10439,1751924721.184618,1751924781.7102091,batch_consumer-sts-0_20250707_214623_458495.csv,True,False,False,1751925379.8232613,658638.6432647705
10449,1751924721.1848562,1751924781.738336,batch_consumer-sts-0_20250707_214623_458495.csv,True,False,False,1751925379.8232613,658638.40508461
10459,1751924721.185078,1751924781.7663004,batch_consumer-sts-0_20250707_214623_458495.csv,True,False,False,1751925379.8232613,658638.1833553314
10469,1751924721.1853027,1751924781.7947683,batch_consumer-sts-0_20250707_214623_458495.csv,True,False,False,1751925379.8232613,658637.9585266113
10479,1751924721.185528,1751924781.8219318,batch_consumer-sts-0_20250707_214623_458495.csv,True,False,False,1751925379.8232613,658637.7332210541
10489,1751924721.185753,1751924781.8497255,batch_consumer-sts-0_20250707_214623_458495.csv,True,False,False,1751925379.8232613,658637.5081539154
10499,1751924721.185981,1751924781.8773825,batch_consumer-sts-0_20250707_214623_458495.csv,True,False,False,1751925379.8232613,658637.2802257538
10509,1751924721.186217,1751924781.9053326,batch_consumer-sts-0_20250707_214623_458495.csv,True,False,False,1751925379.8232613,658637.0441913605
10519,1751924721.1864464,1751924781.9331062,batch_consumer-sts-0_20250707_214623_458495.csv,True,False,False,1751925379.8232613,658636.8148326874
10529,1751924721.1866703,1751924781.9611852,batch_consumer-sts-0_20250707_214623_458495.csv,True,False,False,1751925379.8232613,658636.5909576416
10539,1751924721.1869032,1751924781.989234,batch_consumer-sts-0_20250707_214623_458495.csv,True,False,False,1751925379.8232613,658636.3580226898
10549,1751924721.1872008,1751924782.0162833,batch_consumer-sts-0_20250707_214623_458495.csv,True,False,False,1751925379.8232613,658636.0604763031
10559,1751924721.18743,1751924782.0425472,batch_consumer-sts-0_20250707_214623_458495.csv,True,False,False,1751925379.8232613,658635.8313560486
10569,1751924721.1876583,1751924782.0697975,batch_consumer-sts-0_20250707_214623_458495.csv,True,False,False,1751925379.8232613,658635.6029510498
10579,1751924721.1878862,1751924782.097596,batch_consumer-sts-0_20250707_214623_458495.csv,True,False,False,1751925379.8232613,658635.3750228882
10589,1751924721.1881185,1751924782.1247208,batch_consumer-sts-0_20250707_214623_458495.csv,True,False,False,1751925379.8232613,658635.1428031921
10599,1751924721.188354,1751924782.152037,batch_consumer-sts-0_20250707_214623_458495.csv,True,False,False,1751925379.8232613,658634.907245636
10609,1751924721.188578,1751924782.1826074,batch_consumer-sts-0_20250707_214623_458495.csv,True,False,False,1751925379.8232613,658634.6833705902
10619,1751924721.1888096,1751924782.209927,batch_consumer-sts-0_20250707_214623_458495.csv,True,False,False,1751925379.8232613,658634.4516277313
10629,1751924721.1890376,1751924782.2371974,batch_consumer-sts-0_20250707_214623_458495.csv,True,False,False,1751925379.8232613,658634.2236995697
10639,1751924721.1892617,1751924782.2667892,batch_consumer-sts-0_20250707_214623_458495.csv,True,False,False,1751925379.8232613,658633.9995861053
10649,1751924721.1895514,1751924782.3682952,batch_consumer-sts-0_20250707_214623_458495.csv,True,False,False,1751925379.8232613,658633.7099075317
10659,1751924721.189785,1751924782.3964298,batch_consumer-sts-0_20250707_214623_458495.csv,True,False,False,1751925379.8232613,658633.4762573242
10669,1751924721.190025,1751924782.4246552,batch_consumer-sts-0_20250707_214623_458495.csv,True,False,False,1751925379.8232613,658633.2361698151
10679,1751924721.1916876,1751924782.4528775,batch_consumer-sts-0_20250707_214623_458495.csv,True,False,False,1751925379.8232613,658631.573677063
10689,1751924721.1919298,1751924782.4801772,batch_consumer-sts-0_20250707_214623_458495.csv,True,False,False,1751925379.8232613,658631.3314437866
10699,1751924721.1921637,1751924782.507423,batch_consumer-sts-0_20250707_214623_458495.csv,True,False,False,1751925379.8232613,658631.0975551605
10709,1751924721.1923957,1751924782.5359993,batch_consumer-sts-0_20250707_214623_458495.csv,True,False,False,1751925379.8232613,658630.865573883
10719,1751924721.192644,1751924782.5640478,batch_consumer-sts-0_20250707_214623_458495.csv,True,False,False,1751925379.8232613,658630.6173801422
10729,1751924721.192885,1751924782.591808,batch_consumer-sts-0_20250707_214623_458495.csv,True,False,False,1751925379.8232613,658630.3763389587
10739,1751924721.1931229,1751924782.6189222,batch_consumer-sts-0_20250707_214623_458495.csv,True,False,False,1751925379.8232613,658630.1383972168
10749,1751924721.1933515,1751924782.6466088,batch_consumer-sts-0_20250707_214623_458495.csv,True,False,False,1751925379.8232613,658629.9097537994
10759,1751924721.1935914,1751924782.6740203,batch_consumer-sts-0_20250707_214623_458495.csv,True,False,False,1751925379.8232613,658629.6699047089
10769,1751924721.193825,1751924782.7014444,batch_consumer-sts-0_20250707_214623_458495.csv,True,False,False,1751925379.8232613,658629.4362545013
10779,1751924721.1940534,1751924782.7354724,batch_consumer-sts-0_20250707_214623_458495.csv,True,False,False,1751925379.8232613,658629.2078495026
10789,1751924721.1942897,1751924782.7632918,batch_consumer-sts-0_20250707_214623_458495.csv,True,False,False,1751925379.8232613,658628.9715766907
10799,1751924721.1945224,1751924782.7920914,batch_consumer-sts-0_20250707_214623_458495.csv,True,False,False,1751925379.8232613,658628.7388801575
10809,1751924721.194786,1751924782.8192,batch_consumer-sts-0_20250707_214623_458495.csv,True,False,False,1751925379.8232613,658628.475189209
10819,1751924721.195022,1751924782.8465416,batch_consumer-sts-0_20250707_214623_458495.csv,True,False,False,1751925379.8232613,658628.2391548157
10829,1751924721.1952572,1751924782.8745089,batch_consumer-sts-0_20250707_214623_458495.csv,True,False,False,1751925379.8232613,658628.0040740967
10839,1751924721.1954758,1751924782.902842,batch_consumer-sts-0_20250707_214623_458495.csv,True,False,False,1751925379.8232613,658627.7854442596
10849,1751924721.1956637,1751924782.9312663,batch_consumer-sts-0_20250707_214623_458495.csv,True,False,False,1751925379.8232613,658627.5975704193
10859,1751924721.1958516,1751924782.9583406,batch_consumer-sts-0_20250707_214623_458495.csv,True,False,False,1751925379.8232613,658627.409696579
10869,1751924721.1960435,1751924782.986302,batch_consumer-sts-0_20250707_214623_458495.csv,True,False,False,1751925379.8232613,658627.2177696228
10879,1751924721.1962314,1751924783.0137444,batch_consumer-sts-0_20250707_214623_458495.csv,True,False,False,1751925379.8232613,658627.0298957825
10889,1751924721.1964104,1751924783.0413404,batch_consumer-sts-0_20250707_214623_458495.csv,True,False,False,1751925379.8232613,658626.8508434296
10899,1751924721.1965852,1751924783.0703285,batch_consumer-sts-0_20250707_214623_458495.csv,True,False,False,1751925379.8232613,658626.6760826111
10909,1751924721.1967652,1751924783.0979826,batch_consumer-sts-0_20250707_214623_458495.csv,True,False,False,1751925379.8232613,658626.4960765839
10919,1751924721.1969392,1751924783.1252573,batch_consumer-sts-0_20250707_214623_458495.csv,True,False,False,1751925379.8232613,658626.3220310211
10929,1751924721.1971376,1751924783.1520483,batch_consumer-sts-0_20250707_214623_458495.csv,True,False,False,1751925379.8232613,658626.1236667633
10939,1751924721.1973493,1751924783.1798072,batch_consumer-sts-0_20250707_214623_458495.csv,True,False,False,1751925379.8232613,658625.9119510651
10949,1751924721.1975944,1751924783.2078562,batch_consumer-sts-0_20250707_214623_458495.csv,True,False,False,1751925379.8232613,658625.6668567657
10959,1751924721.1978345,1751924783.2355835,batch_consumer-sts-0_20250707_214623_458495.csv,True,False,False,1751925379.8232613,658625.4267692566
10969,1751924721.198059,1751924783.2633626,batch_consumer-sts-0_20250707_214623_458495.csv,True,False,False,1751925379.8232613,658625.2021789551
10979,1751924721.1982956,1751924783.2913785,batch_consumer-sts-0_20250707_214623_458495.csv,True,False,False,1751925379.8232613,658624.9656677246
10989,1751924721.198536,1751924783.3183875,batch_consumer-sts-0_20250707_214623_458495.csv,True,False,False,1751925379.8232613,658624.7253417969
10999,1751924721.198767,1751924783.3459623,batch_consumer-sts-0_20250707_214623_458495.csv,True,False,False,1751925379.8232613,658624.4943141937
11009,1751924721.1989954,1751924783.3735552,batch_consumer-sts-0_20250707_214623_458495.csv,True,False,False,1751925379.8232613,658624.265909195
11019,1751924721.1992228,1751924783.40131,batch_consumer-sts-0_20250707_214623_458495.csv,True,False,False,1751925379.8232613,658624.0384578705
11029,1751924721.1994543,1751924783.4298766,batch_consumer-sts-0_20250707_214623_458495.csv,True,False,False,1751925379.8232613,658623.8069534302
11039,1751924721.1996837,1751924783.737783,batch_consumer-sts-0_20250707_214627_801581.csv,True,False,False,1751925379.8232613,658623.5775947571
11049,1751924721.19992,1751924783.7661471,batch_consumer-sts-0_20250707_214627_801581.csv,True,False,False,1751925379.8232613,658623.3413219452
11059,1751924721.2001507,1751924783.794852,batch_consumer-sts-0_20250707_214627_801581.csv,True,False,False,1751925379.8232613,658623.1105327606
11069,1751924721.2003784,1751924783.8224564,batch_consumer-sts-0_20250707_214627_801581.csv,True,False,False,1751925379.8232613,658622.8828430176
11079,1751924721.2006063,1751924783.8501103,batch_consumer-sts-0_20250707_214627_801581.csv,True,False,False,1751925379.8232613,658622.654914856
11089,1751924721.2008352,1751924783.8780372,batch_consumer-sts-0_20250707_214627_801581.csv,True,False,False,1751925379.8232613,658622.42603302
11099,1751924721.2010589,1751924783.9044416,batch_consumer-sts-0_20250707_214627_801581.csv,True,False,False,1751925379.8232613,658622.2023963928
11109,1751924721.2012908,1751924783.933034,batch_consumer-sts-0_20250707_214627_801581.csv,True,False,False,1751925379.8232613,658621.9704151154
11119,1751924721.201521,1751924783.9607327,batch_consumer-sts-0_20250707_214627_801581.csv,True,False,False,1751925379.8232613,658621.7403411865
11129,1751924721.2017472,1751924783.9888177,batch_consumer-sts-0_20250707_214627_801581.csv,True,False,False,1751925379.8232613,658621.514081955
11139,1751924721.2019763,1751924784.0160754,batch_consumer-sts-0_20250707_214627_801581.csv,True,False,False,1751925379.8232613,658621.2849617004
11149,1751924721.2022135,1751924784.0441134,batch_consumer-sts-0_20250707_214627_801581.csv,True,False,False,1751925379.8232613,658621.0477352142
11159,1751924721.2024455,1751924784.0720143,batch_consumer-sts-0_20250707_214627_801581.csv,True,False,False,1751925379.8232613,658620.8157539368
11169,1751924721.2026737,1751924784.0997624,batch_consumer-sts-0_20250707_214627_801581.csv,True,False,False,1751925379.8232613,658620.5875873566
11179,1751924721.202907,1751924784.1276696,batch_consumer-sts-0_20250707_214627_801581.csv,True,False,False,1751925379.8232613,658620.3541755676
11189,1751924721.2031395,1751924784.1568987,batch_consumer-sts-0_20250707_214627_801581.csv,True,False,False,1751925379.8232613,658620.121717453
11199,1751924721.2033715,1751924784.1847332,batch_consumer-sts-0_20250707_214627_801581.csv,True,False,False,1751925379.8232613,658619.8897361755
11209,1751924721.2035935,1751924784.2118075,batch_consumer-sts-0_20250707_214627_801581.csv,True,False,False,1751925379.8232613,658619.6677684784
11219,1751924721.2038262,1751924784.239965,batch_consumer-sts-0_20250707_214627_801581.csv,True,False,False,1751925379.8232613,658619.4350719452
11229,1751924721.20406,1751924784.267557,batch_consumer-sts-0_20250707_214627_801581.csv,True,False,False,1751925379.8232613,658619.2011833191
11239,1751924721.204295,1751924784.29531,batch_consumer-sts-0_20250707_214627_801581.csv,True,False,False,1751925379.8232613,658618.9663410187
11249,1751924721.204527,1751924784.3224373,batch_consumer-sts-0_20250707_214627_801581.csv,True,False,False,1751925379.8232613,658618.7343597412
11259,1751924721.2047567,1751924784.3501613,batch_consumer-sts-0_20250707_214627_801581.csv,True,False,False,1751925379.8232613,658618.504524231
11269,1751924721.2049825,1751924784.377489,batch_consumer-sts-0_20250707_214627_801581.csv,True,False,False,1751925379.8232613,658618.2787418365
11279,1751924721.2052088,1751924784.406525,batch_consumer-sts-0_20250707_214627_801581.csv,True,False,False,1751925379.8232613,658618.052482605
11289,1751924721.2054448,1751924784.4339952,batch_consumer-sts-0_20250707_214627_801581.csv,True,False,False,1751925379.8232613,658617.8164482117
11299,1751924721.2056751,1751924784.4617932,batch_consumer-sts-0_20250707_214627_801581.csv,True,False,False,1751925379.8232613,658617.5861358643
11309,1751924721.20591,1751924784.4891942,batch_consumer-sts-0_20250707_214627_801581.csv,True,False,False,1751925379.8232613,658617.3512935638
11319,1751924721.2061772,1751924784.5162818,batch_consumer-sts-0_20250707_214627_801581.csv,True,False,False,1751925379.8232613,658617.0840263367
11329,1751924721.2064106,1751924784.5437946,batch_consumer-sts-0_20250707_214627_801581.csv,True,False,False,1751925379.8232613,658616.8506145477
11339,1751924721.2066364,1751924784.571388,batch_consumer-sts-0_20250707_214627_801581.csv,True,False,False,1751925379.8232613,658616.6248321533
11349,1751924721.2068682,1751924784.679677,batch_consumer-sts-0_20250707_214627_801581.csv,True,False,False,1751925379.8232613,658616.3930892944
11359,1751924721.2070937,1751924784.7085583,batch_consumer-sts-0_20250707_214627_801581.csv,True,False,False,1751925379.8232613,658616.1675453186
11369,1751924721.2073202,1751924784.7356992,batch_consumer-sts-0_20250707_214627_801581.csv,True,False,False,1751925379.8232613,658615.9410476685
11379,1751924721.2075498,1751924784.7631085,batch_consumer-sts-0_20250707_214627_801581.csv,True,False,False,1751925379.8232613,658615.7114505768
11389,1751924721.2077804,1751924784.793259,batch_consumer-sts-0_20250707_214627_801581.csv,True,False,False,1751925379.8232613,658615.4808998108
11399,1751924721.2080026,1751924784.8195288,batch_consumer-sts-0_20250707_214627_801581.csv,True,False,False,1751925379.8232613,658615.2586936951
11409,1751924721.2082293,1751924784.847272,batch_consumer-sts-0_20250707_214627_801581.csv,True,False,False,1751925379.8232613,658615.0319576263
11419,1751924721.208459,1751924784.8749232,batch_consumer-sts-0_20250707_214627_801581.csv,True,False,False,1751925379.8232613,658614.8023605347
11429,1751924721.208689,1751924784.902069,batch_consumer-sts-0_20250707_214627_801581.csv,True,False,False,1751925379.8232613,658614.5722866058
11439,1751924721.20891,1751924784.9296908,batch_consumer-sts-0_20250707_214627_801581.csv,True,False,False,1751925379.8232613,658614.351272583
11449,1751924721.2091353,1751924784.9575543,batch_consumer-sts-0_20250707_214627_801581.csv,True,False,False,1751925379.8232613,658614.1259670258
11459,1751924721.209365,1751924784.9851184,batch_consumer-sts-0_20250707_214627_801581.csv,True,False,False,1751925379.8232613,658613.8963699341
11469,1751924721.2095954,1751924785.011963,batch_consumer-sts-0_20250707_214627_801581.csv,True,False,False,1751925379.8232613,658613.6658191681
11479,1751924721.2098186,1751924785.039691,batch_consumer-sts-0_20250707_214627_801581.csv,True,False,False,1751925379.8232613,658613.442659378
11489,1751924721.210053,1751924785.0677116,batch_consumer-sts-0_20250707_214627_801581.csv,True,False,False,1751925379.8232613,658613.2082939148
11499,1751924721.2102923,1751924785.0955417,batch_consumer-sts-0_20250707_214627_801581.csv,True,False,False,1751925379.8232613,658612.9689216614
11509,1751924721.2105153,1751924785.1227937,batch_consumer-sts-0_20250707_214627_801581.csv,True,False,False,1751925379.8232613,658612.7460002899
11519,1751924721.2107403,1751924785.15096,batch_consumer-sts-0_20250707_214627_801581.csv,True,False,False,1751925379.8232613,658612.5209331512
11529,1751924721.210967,1751924785.1780703,batch_consumer-sts-0_20250707_214627_801581.csv,True,False,False,1751925379.8232613,658612.2941970825
11539,1751924721.211196,1751924785.2056994,batch_consumer-sts-0_20250707_214627_801581.csv,True,False,False,1751925379.8232613,658612.0653152466
11549,1751924721.2114282,1751924785.2335377,batch_consumer-sts-0_20250707_214627_801581.csv,True,False,False,1751925379.8232613,658611.8330955505
11559,1751924721.2116446,1751924785.2615774,batch_consumer-sts-0_20250707_214627_801581.csv,True,False,False,1751925379.8232613,658611.6166114807
11569,1751924721.2118814,1751924785.2889175,batch_consumer-sts-0_20250707_214627_801581.csv,True,False,False,1751925379.8232613,658611.3798618317
11579,1751924721.2121046,1751924785.315945,batch_consumer-sts-0_20250707_214627_801581.csv,True,False,False,1751925379.8232613,658611.1567020416
11589,1751924721.212333,1751924785.343701,batch_consumer-sts-0_20250707_214627_801581.csv,True,False,False,1751925379.8232613,658610.9282970428
11599,1751924721.2125597,1751924785.5030007,batch_consumer-sts-0_20250707_214627_801581.csv,True,False,False,1751925379.8232613,658610.7015609741
11609,1751924721.212785,1751924785.530002,batch_consumer-sts-0_20250707_214627_801581.csv,True,False,False,1751925379.8232613,658610.4762554169
11619,1751924721.2130089,1751924785.557701,batch_consumer-sts-0_20250707_214627_801581.csv,True,False,False,1751925379.8232613,658610.2523803711
11629,1751924721.2132516,1751924785.5855885,batch_consumer-sts-0_20250707_214627_801581.csv,True,False,False,1751925379.8232613,658610.0096702576
11639,1751924721.2134988,1751924785.6128836,batch_consumer-sts-0_20250707_214627_801581.csv,True,False,False,1751925379.8232613,658609.762430191
11649,1751924721.213724,1751924785.6414602,batch_consumer-sts-0_20250707_214627_801581.csv,True,False,False,1751925379.8232613,658609.5373630524
11659,1751924721.2139535,1751924785.6693058,batch_consumer-sts-0_20250707_214627_801581.csv,True,False,False,1751925379.8232613,658609.3077659607
11669,1751924721.214191,1751924785.6969998,batch_consumer-sts-0_20250707_214627_801581.csv,True,False,False,1751925379.8232613,658609.0703010559
11679,1751924721.2144184,1751924785.7242432,batch_consumer-sts-0_20250707_214627_801581.csv,True,False,False,1751925379.8232613,658608.8428497314
11689,1751924721.2146509,1751924785.752104,batch_consumer-sts-0_20250707_214627_801581.csv,True,False,False,1751925379.8232613,658608.6103916168
11699,1751924721.214882,1751924785.7796717,batch_consumer-sts-0_20250707_214627_801581.csv,True,False,False,1751925379.8232613,658608.3793640137
11709,1751924721.215108,1751924785.8070023,batch_consumer-sts-0_20250707_214627_801581.csv,True,False,False,1751925379.8232613,658608.1533432007
11719,1751924721.2153318,1751924785.8349397,batch_consumer-sts-0_20250707_214627_801581.csv,True,False,False,1751925379.8232613,658607.9294681549
11729,1751924721.215557,1751924785.86296,batch_consumer-sts-0_20250707_214627_801581.csv,True,False,False,1751925379.8232613,658607.7041625977
11739,1751924721.2157855,1751924785.8909929,batch_consumer-sts-0_20250707_214627_801581.csv,True,False,False,1751925379.8232613,658607.4757575989
11749,1751924721.216019,1751924785.9181554,batch_consumer-sts-0_20250707_214627_801581.csv,True,False,False,1751925379.8232613,658607.2423458099
11759,1751924721.2162406,1751924785.9443765,batch_consumer-sts-0_20250707_214627_801581.csv,True,False,False,1751925379.8232613,658607.0206165314
11769,1751924721.2164657,1751924785.9716756,batch_consumer-sts-0_20250707_214627_801581.csv,True,False,False,1751925379.8232613,658606.7955493927
11779,1751924721.216691,1751924785.999346,batch_consumer-sts-0_20250707_214627_801581.csv,True,False,False,1751925379.8232613,658606.5702438354
11789,1751924721.2169237,1751924786.0267634,batch_consumer-sts-0_20250707_214627_801581.csv,True,False,False,1751925379.8232613,658606.3375473022
11799,1751924721.2171524,1751924786.0574453,batch_consumer-sts-0_20250707_214627_801581.csv,True,False,False,1751925379.8232613,658606.1089038849
11809,1751924721.2173786,1751924786.0855477,batch_consumer-sts-0_20250707_214627_801581.csv,True,False,False,1751925379.8232613,658605.8826446533
11819,1751924721.2176106,1751924786.1126275,batch_consumer-sts-0_20250707_214627_801581.csv,True,False,False,1751925379.8232613,658605.6506633759
11829,1751924721.2178392,1751924786.1403034,batch_consumer-sts-0_20250707_214627_801581.csv,True,False,False,1751925379.8232613,658605.4220199585
11839,1751924721.2180722,1751924787.1686954,batch_consumer-sts-0_20250707_214627_801581.csv,True,False,False,1751925379.8232613,658605.1890850067
11849,1751924721.2183096,1751924787.1963036,batch_consumer-sts-0_20250707_214627_801581.csv,True,False,False,1751925379.8232613,658604.9516201019
11859,1751924721.218531,1751924787.2240956,batch_consumer-sts-0_20250707_214627_801581.csv,True,False,False,1751925379.8232613,658604.7303676605
11869,1751924721.2187555,1751924787.2519732,batch_consumer-sts-0_20250707_214627_801581.csv,True,False,False,1751925379.8232613,658604.505777359
11879,1751924721.2189832,1751924787.2803278,batch_consumer-sts-0_20250707_214627_801581.csv,True,False,False,1751925379.8232613,658604.278087616
11889,1751924721.21921,1751924787.307787,batch_consumer-sts-0_20250707_214627_801581.csv,True,False,False,1751925379.8232613,658604.0513515472
11899,1751924721.219438,1751924787.3354926,batch_consumer-sts-0_20250707_214627_801581.csv,True,False,False,1751925379.8232613,658603.823184967
11909,1751924721.219668,1751924787.3633058,batch_consumer-sts-0_20250707_214627_801581.csv,True,False,False,1751925379.8232613,658603.5933494568
11919,1751924721.2199025,1751924787.3920696,batch_consumer-sts-0_20250707_214627_801581.csv,True,False,False,1751925379.8232613,658603.358745575
11929,1751924721.2201345,1751924787.4968953,batch_consumer-sts-0_20250707_214627_801581.csv,True,False,False,1751925379.8232613,658603.1267642975
11939,1751924721.2203703,1751924787.5239532,batch_consumer-sts-0_20250707_214627_801581.csv,True,False,False,1751925379.8232613,658602.8909683228
11949,1751924721.2205966,1751924787.5513592,batch_consumer-sts-0_20250707_214627_801581.csv,True,False,False,1751925379.8232613,658602.6647090912
11959,1751924721.2208295,1751924787.5789318,batch_consumer-sts-0_20250707_214627_801581.csv,True,False,False,1751925379.8232613,658602.4317741394
11969,1751924721.2210507,1751924787.608512,batch_consumer-sts-0_20250707_214627_801581.csv,True,False,False,1751925379.8232613,658602.210521698
11979,1751924721.2212818,1751924787.6361272,batch_consumer-sts-0_20250707_214627_801581.csv,True,False,False,1751925379.8232613,658601.9794940948
11989,1751924721.221508,1751924787.6638455,batch_consumer-sts-0_20250707_214627_801581.csv,True,False,False,1751925379.8232613,658601.7532348633
11999,1751924721.2217462,1751924787.6915128,batch_consumer-sts-0_20250707_214627_801581.csv,True,False,False,1751925379.8232613,658601.5150547028
12009,1751924721.222013,1751924787.7185717,batch_consumer-sts-0_20250707_214627_801581.csv,True,False,False,1751925379.8232613,658601.2482643127
12019,1751924721.2222617,1751924787.7460277,batch_consumer-sts-0_20250707_214627_801581.csv,True,False,False,1751925379.8232613,658600.9995937347
12029,1751924721.2224944,1751924787.773439,batch_consumer-sts-0_20250707_214627_801581.csv,True,False,False,1751925379.8232613,658600.7668972015
12039,1751924721.2227218,1751924788.0996883,batch_consumer-sts-0_20250707_214631_439606.csv,True,False,False,1751925379.8232613,658600.5394458771
12049,1751924721.2229528,1751924788.1315484,batch_consumer-sts-0_20250707_214631_439606.csv,True,False,False,1751925379.8232613,658600.3084182739
12059,1751924721.2231808,1751924788.1591868,batch_consumer-sts-0_20250707_214631_439606.csv,True,False,False,1751925379.8232613,658600.0804901123
12069,1751924721.2234106,1751924788.1869774,batch_consumer-sts-0_20250707_214631_439606.csv,True,False,False,1751925379.8232613,658599.850654602
12079,1751924721.2236388,1751924788.2143075,batch_consumer-sts-0_20250707_214631_439606.csv,True,False,False,1751925379.8232613,658599.6224880219
12089,1751924721.2238655,1751924788.2407014,batch_consumer-sts-0_20250707_214631_439606.csv,True,False,False,1751925379.8232613,658599.3957519531
12099,1751924721.2240913,1751924788.2685535,batch_consumer-sts-0_20250707_214631_439606.csv,True,False,False,1751925379.8232613,658599.1699695587
12109,1751924721.2243156,1751924788.296518,batch_consumer-sts-0_20250707_214631_439606.csv,True,False,False,1751925379.8232613,658598.9456176758
12119,1751924721.2245238,1751924788.32365,batch_consumer-sts-0_20250707_214631_439606.csv,True,False,False,1751925379.8232613,658598.7374782562
12129,1751924721.2247093,1751924788.3513958,batch_consumer-sts-0_20250707_214631_439606.csv,True,False,False,1751925379.8232613,658598.5519886017
12139,1751924721.2249403,1751924788.3791978,batch_consumer-sts-0_20250707_214631_439606.csv,True,False,False,1751925379.8232613,658598.3209609985
12149,1751924721.225185,1751924788.4061978,batch_consumer-sts-0_20250707_214631_439606.csv,True,False,False,1751925379.8232613,658598.0763435364
12159,1751924721.2254076,1751924788.433425,batch_consumer-sts-0_20250707_214631_439606.csv,True,False,False,1751925379.8232613,658597.8536605835
12169,1751924721.2256377,1751924788.461094,batch_consumer-sts-0_20250707_214631_439606.csv,True,False,False,1751925379.8232613,658597.6235866547
12179,1751924721.225875,1751924788.4886613,batch_consumer-sts-0_20250707_214631_439606.csv,True,False,False,1751925379.8232613,658597.3863601685
12189,1751924721.2261035,1751924788.515745,batch_consumer-sts-0_20250707_214631_439606.csv,True,False,False,1751925379.8232613,658597.1577167511
12199,1751924721.2263453,1751924788.5445683,batch_consumer-sts-0_20250707_214631_439606.csv,True,False,False,1751925379.8232613,658596.9159603119
12209,1751924721.22657,1751924788.57258,batch_consumer-sts-0_20250707_214631_439606.csv,True,False,False,1751925379.8232613,658596.6913700104
12219,1751924721.226799,1751924788.6005352,batch_consumer-sts-0_20250707_214631_439606.csv,True,False,False,1751925379.8232613,658596.4622497559
12229,1751924721.2270353,1751924788.628473,batch_consumer-sts-0_20250707_214631_439606.csv,True,False,False,1751925379.8232613,658596.225976944
12239,1751924721.2272592,1751924788.6564858,batch_consumer-sts-0_20250707_214631_439606.csv,True,False,False,1751925379.8232613,658596.0021018982
12249,1751924721.2274835,1751924788.683643,batch_consumer-sts-0_20250707_214631_439606.csv,True,False,False,1751925379.8232613,658595.7777500153
12259,1751924721.2277164,1751924788.710538,batch_consumer-sts-0_20250707_214631_439606.csv,True,False,False,1751925379.8232613,658595.5448150635
12269,1751924721.227937,1751924788.7378173,batch_consumer-sts-0_20250707_214631_439606.csv,True,False,False,1751925379.8232613,658595.3242778778
12279,1751924721.2281628,1751924788.7643647,batch_consumer-sts-0_20250707_214631_439606.csv,True,False,False,1751925379.8232613,658595.0984954834
12289,1751924721.2283845,1751924788.7906542,batch_consumer-sts-0_20250707_214631_439606.csv,True,False,False,1751925379.8232613,658594.8767662048
12299,1751924721.2286148,1751924788.8171215,batch_consumer-sts-0_20250707_214631_439606.csv,True,False,False,1751925379.8232613,658594.6464538574
12309,1751924721.228837,1751924788.8447366,batch_consumer-sts-0_20250707_214631_439606.csv,True,False,False,1751925379.8232613,658594.4242477417
12319,1751924721.2290645,1751924788.872396,batch_consumer-sts-0_20250707_214631_439606.csv,True,False,False,1751925379.8232613,658594.1967964172
12329,1751924721.229292,1751924788.8996708,batch_consumer-sts-0_20250707_214631_439606.csv,True,False,False,1751925379.8232613,658593.9693450928
12339,1751924721.229544,1751924788.9267387,batch_consumer-sts-0_20250707_214631_439606.csv,True,False,False,1751925379.8232613,658593.7173366547
12349,1751924721.2297752,1751924788.9538572,batch_consumer-sts-0_20250707_214631_439606.csv,True,False,False,1751925379.8232613,658593.4860706329
12359,1751924721.230004,1751924788.981007,batch_consumer-sts-0_20250707_214631_439606.csv,True,False,False,1751925379.8232613,658593.257188797
12369,1751924721.230245,1751924789.0077813,batch_consumer-sts-0_20250707_214631_439606.csv,True,False,False,1751925379.8232613,658593.0161476135
12379,1751924721.2304742,1751924789.0353005,batch_consumer-sts-0_20250707_214631_439606.csv,True,False,False,1751925379.8232613,658592.787027359
12389,1751924721.2306998,1751924789.0618527,batch_consumer-sts-0_20250707_214631_439606.csv,True,False,False,1751925379.8232613,658592.5614833832
12399,1751924721.230926,1751924789.0894454,batch_consumer-sts-0_20250707_214631_439606.csv,True,False,False,1751925379.8232613,658592.3352241516
12409,1751924721.231151,1751924789.1164677,batch_consumer-sts-0_20250707_214631_439606.csv,True,False,False,1751925379.8232613,658592.1101570129
12419,1751924721.231395,1751924789.1444864,batch_consumer-sts-0_20250707_214631_439606.csv,True,False,False,1751925379.8232613,658591.8662548065
12429,1751924721.2316194,1751924789.1719632,batch_consumer-sts-0_20250707_214631_439606.csv,True,False,False,1751925379.8232613,658591.6419029236
12439,1751924721.231911,1751924789.199427,batch_consumer-sts-0_20250707_214631_439606.csv,True,False,False,1751925379.8232613,658591.3503170013
12449,1751924721.2322795,1751924789.2273023,batch_consumer-sts-0_20250707_214631_439606.csv,True,False,False,1751925379.8232613,658590.981721878
12459,1751924721.2326782,1751924789.255012,batch_consumer-sts-0_20250707_214631_439606.csv,True,False,False,1751925379.8232613,658590.5830860138
12469,1751924721.2330627,1751924789.2828405,batch_consumer-sts-0_20250707_214631_439606.csv,True,False,False,1751925379.8232613,658590.1985168457
12479,1751924721.233523,1751924789.3099704,batch_consumer-sts-0_20250707_214631_439606.csv,True,False,False,1751925379.8232613,658589.738368988
12489,1751924721.2339845,1751924789.338954,batch_consumer-sts-0_20250707_214631_439606.csv,True,False,False,1751925379.8232613,658589.2767906189
12499,1751924721.2344546,1751924789.3670704,batch_consumer-sts-0_20250707_214631_439606.csv,True,False,False,1751925379.8232613,658588.8066291809
12509,1751924721.2348294,1751924789.3948326,batch_consumer-sts-0_20250707_214631_439606.csv,True,False,False,1751925379.8232613,658588.4318351746
12519,1751924721.2350948,1751924789.4218016,batch_consumer-sts-0_20250707_214631_439606.csv,True,False,False,1751925379.8232613,658588.166475296
12529,1751924721.2353392,1751924789.449802,batch_consumer-sts-0_20250707_214631_439606.csv,True,False,False,1751925379.8232613,658587.9220962524
12539,1751924721.2355857,1751924789.4776812,batch_consumer-sts-0_20250707_214631_439606.csv,True,False,False,1751925379.8232613,658587.6755714417
12549,1751924721.235818,1751924789.5062528,batch_consumer-sts-0_20250707_214631_439606.csv,True,False,False,1751925379.8232613,658587.4433517456
12559,1751924721.236051,1751924789.5341651,batch_consumer-sts-0_20250707_214631_439606.csv,True,False,False,1751925379.8232613,658587.2101783752
12569,1751924721.2362795,1751924789.5619037,batch_consumer-sts-0_20250707_214631_439606.csv,True,False,False,1751925379.8232613,658586.9817733765
12579,1751924721.2365167,1751924789.5924363,batch_consumer-sts-0_20250707_214631_439606.csv,True,False,False,1751925379.8232613,658586.7445468903
12589,1751924721.2367463,1751924789.6191146,batch_consumer-sts-0_20250707_214631_439606.csv,True,False,False,1751925379.8232613,658586.5149497986
12599,1751924721.2369742,1751924789.647178,batch_consumer-sts-0_20250707_214631_439606.csv,True,False,False,1751925379.8232613,658586.287021637
12609,1751924721.2372012,1751924789.6743228,batch_consumer-sts-0_20250707_214631_439606.csv,True,False,False,1751925379.8232613,658586.0600471497
12619,1751924721.2374232,1751924789.7010906,batch_consumer-sts-0_20250707_214631_439606.csv,True,False,False,1751925379.8232613,658585.8380794525
12629,1751924721.237646,1751924789.8648386,batch_consumer-sts-0_20250707_214631_439606.csv,True,False,False,1751925379.8232613,658585.615158081
12639,1751924721.237885,1751924789.8922272,batch_consumer-sts-0_20250707_214631_439606.csv,True,False,False,1751925379.8232613,658585.3762626648
12649,1751924721.2380884,1751924789.9186585,batch_consumer-sts-0_20250707_214631_439606.csv,True,False,False,1751925379.8232613,658585.1728916168
12659,1751924721.2383244,1751924789.9459648,batch_consumer-sts-0_20250707_214631_439606.csv,True,False,False,1751925379.8232613,658584.9368572235
12669,1751924721.238588,1751924789.97512,batch_consumer-sts-0_20250707_214631_439606.csv,True,False,False,1751925379.8232613,658584.673166275
12679,1751924721.2388277,1751924790.0024574,batch_consumer-sts-0_20250707_214631_439606.csv,True,False,False,1751925379.8232613,658584.433555603
12689,1751924721.239058,1751924790.0299363,batch_consumer-sts-0_20250707_214631_439606.csv,True,False,False,1751925379.8232613,658584.2032432556
12699,1751924721.2392826,1751924790.057681,batch_consumer-sts-0_20250707_214631_439606.csv,True,False,False,1751925379.8232613,658583.9786529541
12709,1751924721.2395177,1751924790.085294,batch_consumer-sts-0_20250707_214631_439606.csv,True,False,False,1751925379.8232613,658583.7435722351
12719,1751924721.2397532,1751924790.1121051,batch_consumer-sts-0_20250707_214631_439606.csv,True,False,False,1751925379.8232613,658583.508014679
12729,1751924721.2399752,1751924790.139856,batch_consumer-sts-0_20250707_214631_439606.csv,True,False,False,1751925379.8232613,658583.2860469818
12739,1751924721.2402017,1751924790.1673636,batch_consumer-sts-0_20250707_214631_439606.csv,True,False,False,1751925379.8232613,658583.0595493317
12749,1751924721.2404342,1751924790.1948156,batch_consumer-sts-0_20250707_214631_439606.csv,True,False,False,1751925379.8232613,658582.827091217
12759,1751924721.2406664,1751924790.221625,batch_consumer-sts-0_20250707_214631_439606.csv,True,False,False,1751925379.8232613,658582.594871521
12769,1751924721.240904,1751924790.2496524,batch_consumer-sts-0_20250707_214631_439606.csv,True,False,False,1751925379.8232613,658582.3571681976
12779,1751924721.2411294,1751924790.2770972,batch_consumer-sts-0_20250707_214631_439606.csv,True,False,False,1751925379.8232613,658582.1318626404
12789,1751924721.2413688,1751924790.3040757,batch_consumer-sts-0_20250707_214631_439606.csv,True,False,False,1751925379.8232613,658581.892490387
12799,1751924721.2415931,1751924790.331699,batch_consumer-sts-0_20250707_214631_439606.csv,True,False,False,1751925379.8232613,658581.668138504
12809,1751924721.2418218,1751924790.3594866,batch_consumer-sts-0_20250707_214631_439606.csv,True,False,False,1751925379.8232613,658581.4394950867
12819,1751924721.2420492,1751924790.3875637,batch_consumer-sts-0_20250707_214631_439606.csv,True,False,False,1751925379.8232613,658581.2120437622
12829,1751924721.2422955,1751924790.414764,batch_consumer-sts-0_20250707_214631_439606.csv,True,False,False,1751925379.8232613,658580.96575737
12839,1751924721.2425363,1751924790.44272,batch_consumer-sts-0_20250707_214631_439606.csv,True,False,False,1751925379.8232613,658580.7249546051
12849,1751924721.2427616,1751924790.470747,batch_consumer-sts-0_20250707_214631_439606.csv,True,False,False,1751925379.8232613,658580.4996490479
12859,1751924721.2429929,1751924790.9350977,batch_consumer-sts-0_20250707_214631_439606.csv,True,False,False,1751925379.8232613,658580.2683830261
12869,1751924721.243223,1751924790.9683638,batch_consumer-sts-0_20250707_214631_439606.csv,True,False,False,1751925379.8232613,658580.0383090973
12879,1751924721.2434485,1751924790.996269,batch_consumer-sts-0_20250707_214631_439606.csv,True,False,False,1751925379.8232613,658579.8127651215
12889,1751924721.2436693,1751924791.0234363,batch_consumer-sts-0_20250707_214631_439606.csv,True,False,False,1751925379.8232613,658579.5919895172
12899,1751924721.2438955,1751924791.0509608,batch_consumer-sts-0_20250707_214631_439606.csv,True,False,False,1751925379.8232613,658579.3657302856
12909,1751924721.2441282,1751924791.078586,batch_consumer-sts-0_20250707_214631_439606.csv,True,False,False,1751925379.8232613,658579.1330337524
12919,1751924721.2443569,1751924791.1055615,batch_consumer-sts-0_20250707_214631_439606.csv,True,False,False,1751925379.8232613,658578.9043903351
12929,1751924721.2445922,1751924791.1329384,batch_consumer-sts-0_20250707_214631_439606.csv,True,False,False,1751925379.8232613,658578.6690711975
12939,1751924721.244819,1751924791.1606936,batch_consumer-sts-0_20250707_214631_439606.csv,True,False,False,1751925379.8232613,658578.4423351288
12949,1751924721.2450483,1751924791.1887355,batch_consumer-sts-0_20250707_214631_439606.csv,True,False,False,1751925379.8232613,658578.2129764557
12959,1751924721.245273,1751924791.215432,batch_consumer-sts-0_20250707_214631_439606.csv,True,False,False,1751925379.8232613,658577.9881477356
12969,1751924721.245505,1751924791.242846,batch_consumer-sts-0_20250707_214631_439606.csv,True,False,False,1751925379.8232613,658577.7561664581
12979,1751924721.245726,1751924791.2704346,batch_consumer-sts-0_20250707_214631_439606.csv,True,False,False,1751925379.8232613,658577.5351524353
12989,1751924721.2459495,1751924791.2983966,batch_consumer-sts-0_20250707_214631_439606.csv,True,False,False,1751925379.8232613,658577.3117542267
12999,1751924721.2461846,1751924791.3240726,batch_consumer-sts-0_20250707_214631_439606.csv,True,False,False,1751925379.8232613,658577.0766735077
13009,1751924721.2464166,1751924791.3515906,batch_consumer-sts-0_20250707_214631_439606.csv,True,False,False,1751925379.8232613,658576.8446922302
13019,1751924721.2466395,1751924791.384688,batch_consumer-sts-0_20250707_214631_439606.csv,True,False,False,1751925379.8232613,658576.6217708588
13029,1751924721.2469,1751924791.4113584,batch_consumer-sts-0_20250707_214631_439606.csv,True,False,False,1751925379.8232613,658576.3611793518
13039,1751924721.247131,1751924792.6950293,batch_consumer-sts-0_20250707_214635_755380.csv,True,False,False,1751925379.8232613,658576.1301517487
13049,1751924721.247363,1751924792.7681434,batch_consumer-sts-0_20250707_214635_755380.csv,True,False,False,1751925379.8232613,658575.8981704712
13059,1751924721.2475948,1751924792.7957616,batch_consumer-sts-0_20250707_214635_755380.csv,True,False,False,1751925379.8232613,658575.6664276123
13069,1751924721.247816,1751924792.830493,batch_consumer-sts-0_20250707_214635_755380.csv,True,False,False,1751925379.8232613,658575.4451751709
13079,1751924721.2480392,1751924792.858,batch_consumer-sts-0_20250707_214635_755380.csv,True,False,False,1751925379.8232613,658575.2220153809
13089,1751924721.2482696,1751924792.8856907,batch_consumer-sts-0_20250707_214635_755380.csv,True,False,False,1751925379.8232613,658574.9917030334
13099,1751924721.2484956,1751924792.9126348,batch_consumer-sts-0_20250707_214635_755380.csv,True,False,False,1751925379.8232613,658574.7656822205
13109,1751924721.2487233,1751924792.9402652,batch_consumer-sts-0_20250707_214635_755380.csv,True,False,False,1751925379.8232613,658574.5379924774
13119,1751924721.2489548,1751924792.9668996,batch_consumer-sts-0_20250707_214635_755380.csv,True,False,False,1751925379.8232613,658574.3064880371
13129,1751924721.2491777,1751924792.994403,batch_consumer-sts-0_20250707_214635_755380.csv,True,False,False,1751925379.8232613,658574.0835666656
13139,1751924721.2494066,1751924793.0210087,batch_consumer-sts-0_20250707_214635_755380.csv,True,False,False,1751925379.8232613,658573.8546848297
13149,1751924721.2496395,1751924793.048763,batch_consumer-sts-0_20250707_214635_755380.csv,True,False,False,1751925379.8232613,658573.6217498779
13159,1751924721.2498727,1751924793.0764031,batch_consumer-sts-0_20250707_214635_755380.csv,True,False,False,1751925379.8232613,658573.3885765076
13169,1751924721.250098,1751924793.1034403,batch_consumer-sts-0_20250707_214635_755380.csv,True,False,False,1751925379.8232613,658573.1632709503
13179,1751924721.250335,1751924793.132805,batch_consumer-sts-0_20250707_214635_755380.csv,True,False,False,1751925379.8232613,658572.9262828827
13189,1751924721.2505646,1751924793.1604838,batch_consumer-sts-0_20250707_214635_755380.csv,True,False,False,1751925379.8232613,658572.696685791
13199,1751924721.250794,1751924793.188449,batch_consumer-sts-0_20250707_214635_755380.csv,True,False,False,1751925379.8232613,658572.4673271179
13209,1751924721.2510176,1751924793.2152903,batch_consumer-sts-0_20250707_214635_755380.csv,True,False,False,1751925379.8232613,658572.2436904907
13219,1751924721.251245,1751924793.242839,batch_consumer-sts-0_20250707_214635_755380.csv,True,False,False,1751925379.8232613,658572.0162391663
13229,1751924721.2514777,1751924793.2707157,batch_consumer-sts-0_20250707_214635_755380.csv,True,False,False,1751925379.8232613,658571.783542633
13239,1751924721.2517056,1751924793.2986996,batch_consumer-sts-0_20250707_214635_755380.csv,True,False,False,1751925379.8232613,658571.5556144714
13249,1751924721.2519388,1751924793.3254778,batch_consumer-sts-0_20250707_214635_755380.csv,True,False,False,1751925379.8232613,658571.3224411011
13259,1751924721.25217,1751924793.3526847,batch_consumer-sts-0_20250707_214635_755380.csv,True,False,False,1751925379.8232613,658571.0911750793
13269,1751924721.25239,1751924793.3811257,batch_consumer-sts-0_20250707_214635_755380.csv,True,False,False,1751925379.8232613,658570.8713531494
13279,1751924721.2525702,1751924793.408218,batch_consumer-sts-0_20250707_214635_755380.csv,True,False,False,1751925379.8232613,658570.6911087036
13289,1751924721.2527554,1751924793.4346445,batch_consumer-sts-0_20250707_214635_755380.csv,True,False,False,1751925379.8232613,658570.5058574677
13299,1751924721.252925,1751924793.462355,batch_consumer-sts-0_20250707_214635_755380.csv,True,False,False,1751925379.8232613,658570.3363418579
13309,1751924721.253101,1751924793.490405,batch_consumer-sts-0_20250707_214635_755380.csv,True,False,False,1751925379.8232613,658570.160150528
13319,1751924721.253278,1751924793.5175316,batch_consumer-sts-0_20250707_214635_755380.csv,True,False,False,1751925379.8232613,658569.9832439423
13329,1751924721.253455,1751924793.5452466,batch_consumer-sts-0_20250707_214635_755380.csv,True,False,False,1751925379.8232613,658569.8063373566
13339,1751924721.2536256,1751924793.5734024,batch_consumer-sts-0_20250707_214635_755380.csv,True,False,False,1751925379.8232613,658569.6356296539
13349,1751924721.253827,1751924793.6010673,batch_consumer-sts-0_20250707_214635_755380.csv,True,False,False,1751925379.8232613,658569.4341659546
13359,1751924721.25401,1751924793.6288528,batch_consumer-sts-0_20250707_214635_755380.csv,True,False,False,1751925379.8232613,658569.2512989044
13369,1751924721.254228,1751924793.6567168,batch_consumer-sts-0_20250707_214635_755380.csv,True,False,False,1751925379.8232613,658569.0331459045
13379,1751924721.2544615,1751924793.6843565,batch_consumer-sts-0_20250707_214635_755380.csv,True,False,False,1751925379.8232613,658568.7997341156
13389,1751924721.2546873,1751924793.7102966,batch_consumer-sts-0_20250707_214635_755380.csv,True,False,False,1751925379.8232613,658568.5739517212
13399,1751924721.2549138,1751924793.738211,batch_consumer-sts-0_20250707_214635_755380.csv,True,False,False,1751925379.8232613,658568.347454071
13409,1751924721.2551432,1751924793.764923,batch_consumer-sts-0_20250707_214635_755380.csv,True,False,False,1751925379.8232613,658568.118095398
13419,1751924721.255371,1751924793.792318,batch_consumer-sts-0_20250707_214635_755380.csv,True,False,False,1751925379.8232613,658567.8901672363
13429,1751924721.255601,1751924793.818146,batch_consumer-sts-0_20250707_214635_755380.csv,True,False,False,1751925379.8232613,658567.6603317261
13439,1751924721.2558303,1751924793.846077,batch_consumer-sts-0_20250707_214635_755380.csv,True,False,False,1751925379.8232613,658567.430973053
13449,1751924721.2560608,1751924793.8738818,batch_consumer-sts-0_20250707_214635_755380.csv,True,False,False,1751925379.8232613,658567.200422287
13459,1751924721.256305,1751924793.9015875,batch_consumer-sts-0_20250707_214635_755380.csv,True,False,False,1751925379.8232613,658566.956281662
13469,1751924721.2565324,1751924793.9292188,batch_consumer-sts-0_20250707_214635_755380.csv,True,False,False,1751925379.8232613,658566.7288303375
13479,1751924721.25676,1751924793.9573894,batch_consumer-sts-0_20250707_214635_755380.csv,True,False,False,1751925379.8232613,658566.5013790131
13489,1751924721.2569864,1751924793.9852636,batch_consumer-sts-0_20250707_214635_755380.csv,True,False,False,1751925379.8232613,658566.2748813629
13499,1751924721.2572117,1751924794.0115108,batch_consumer-sts-0_20250707_214635_755380.csv,True,False,False,1751925379.8232613,658566.0495758057
13509,1751924721.257435,1751924794.0389516,batch_consumer-sts-0_20250707_214635_755380.csv,True,False,False,1751925379.8232613,658565.826177597
13519,1751924721.2576578,1751924794.0671482,batch_consumer-sts-0_20250707_214635_755380.csv,True,False,False,1751925379.8232613,658565.6034946442
13529,1751924721.257879,1751924794.0949037,batch_consumer-sts-0_20250707_214635_755380.csv,True,False,False,1751925379.8232613,658565.3822422028
13539,1751924721.258114,1751924794.1216784,batch_consumer-sts-0_20250707_214635_755380.csv,True,False,False,1751925379.8232613,658565.1471614838
13549,1751924721.2583582,1751924794.149397,batch_consumer-sts-0_20250707_214635_755380.csv,True,False,False,1751925379.8232613,658564.9030208588
13559,1751924721.258588,1751924794.1768413,batch_consumer-sts-0_20250707_214635_755380.csv,True,False,False,1751925379.8232613,658564.6731853485
13569,1751924721.2588158,1751924794.20402,batch_consumer-sts-0_20250707_214635_755380.csv,True,False,False,1751925379.8232613,658564.4454956055
13579,1751924721.2590368,1751924794.2311869,batch_consumer-sts-0_20250707_214635_755380.csv,True,False,False,1751925379.8232613,658564.2244815826
13589,1751924721.2592669,1751924794.258257,batch_consumer-sts-0_20250707_214635_755380.csv,True,False,False,1751925379.8232613,658563.9944076538
13599,1751924721.259498,1751924794.284567,batch_consumer-sts-0_20250707_214635_755380.csv,True,False,False,1751925379.8232613,658563.7633800507
13609,1751924721.2597263,1751924794.3110068,batch_consumer-sts-0_20250707_214635_755380.csv,True,False,False,1751925379.8232613,658563.5349750519
13619,1751924721.259957,1751924794.3380098,batch_consumer-sts-0_20250707_214635_755380.csv,True,False,False,1751925379.8232613,658563.3041858673
13629,1751924721.2601826,1751924794.365343,batch_consumer-sts-0_20250707_214635_755380.csv,True,False,False,1751925379.8232613,658563.0786418915
13639,1751924721.260405,1751924794.3922763,batch_consumer-sts-0_20250707_214635_755380.csv,True,False,False,1751925379.8232613,658562.8561973572
13649,1751924721.260631,1751924794.418483,batch_consumer-sts-0_20250707_214635_755380.csv,True,False,False,1751925379.8232613,658562.6301765442
13659,1751924721.2608554,1751924794.4459095,batch_consumer-sts-0_20250707_214635_755380.csv,True,False,False,1751925379.8232613,658562.4058246613
13669,1751924721.2610872,1751924794.473824,batch_consumer-sts-0_20250707_214635_755380.csv,True,False,False,1751925379.8232613,658562.1740818024
13679,1751924721.2613106,1751924794.5012867,batch_consumer-sts-0_20250707_214635_755380.csv,True,False,False,1751925379.8232613,658561.9506835938
13689,1751924721.2615428,1751924794.5287402,batch_consumer-sts-0_20250707_214635_755380.csv,True,False,False,1751925379.8232613,658561.7184638977
13699,1751924721.2617755,1751924794.5564778,batch_consumer-sts-0_20250707_214635_755380.csv,True,False,False,1751925379.8232613,658561.4857673645
13709,1751924721.2620025,1751924794.5839193,batch_consumer-sts-0_20250707_214635_755380.csv,True,False,False,1751925379.8232613,658561.2587928772
13719,1751924721.2734056,1751924794.6109755,batch_consumer-sts-0_20250707_214635_755380.csv,True,False,False,1751925379.8232613,658549.8557090759
13729,1751924721.2737932,1751924794.6386728,batch_consumer-sts-0_20250707_214635_755380.csv,True,False,False,1751925379.8232613,658549.4680404663
13739,1751924721.2740724,1751924794.6666305,batch_consumer-sts-0_20250707_214635_755380.csv,True,False,False,1751925379.8232613,658549.1888523102
13749,1751924721.2744148,1751924794.6944036,batch_consumer-sts-0_20250707_214635_755380.csv,True,False,False,1751925379.8232613,658548.8464832306
13759,1751924721.274757,1751924794.7207546,batch_consumer-sts-0_20250707_214635_755380.csv,True,False,False,1751925379.8232613,658548.5043525696
13769,1751924721.2750907,1751924794.748098,batch_consumer-sts-0_20250707_214635_755380.csv,True,False,False,1751925379.8232613,658548.1705665588
13779,1751924721.275324,1751924794.7755177,batch_consumer-sts-0_20250707_214635_755380.csv,True,False,False,1751925379.8232613,658547.9371547699
13789,1751924721.2756107,1751924794.80327,batch_consumer-sts-0_20250707_214635_755380.csv,True,False,False,1751925379.8232613,658547.6505756378
13799,1751924721.2759497,1751924794.8304307,batch_consumer-sts-0_20250707_214635_755380.csv,True,False,False,1751925379.8232613,658547.3115444183
13809,1751924721.2762597,1751924794.9129314,batch_consumer-sts-0_20250707_214635_755380.csv,True,False,False,1751925379.8232613,658547.0016002655
13819,1751924721.2766025,1751924794.9404352,batch_consumer-sts-0_20250707_214635_755380.csv,True,False,False,1751925379.8232613,658546.6587543488
17539,1751924721.421436,1751924794.967962,batch_consumer-sts-0_20250707_214635_755380.csv,True,False,False,1751925379.8232613,658401.8251895905
17549,1751924721.4216676,1751924794.9956765,batch_consumer-sts-0_20250707_214635_755380.csv,True,False,False,1751925379.8232613,658401.5936851501
17559,1751924721.421906,1751924795.022512,batch_consumer-sts-0_20250707_214635_755380.csv,True,False,False,1751925379.8232613,658401.355266571
17569,1751924721.4221442,1751924795.05042,batch_consumer-sts-0_20250707_214635_755380.csv,True,False,False,1751925379.8232613,658401.1170864105
17579,1751924721.4223783,1751924795.0781076,batch_consumer-sts-0_20250707_214635_755380.csv,True,False,False,1751925379.8232613,658400.8829593658
17589,1751924721.4226196,1751924795.1052394,batch_consumer-sts-0_20250707_214635_755380.csv,True,False,False,1751925379.8232613,658400.6416797638
17599,1751924721.42285,1751924795.132857,batch_consumer-sts-0_20250707_214635_755380.csv,True,False,False,1751925379.8232613,658400.4113674164
17609,1751924721.4230738,1751924795.1606898,batch_consumer-sts-0_20250707_214635_755380.csv,True,False,False,1751925379.8232613,658400.1874923706
17619,1751924721.4233067,1751924795.18834,batch_consumer-sts-0_20250707_214635_755380.csv,True,False,False,1751925379.8232613,658399.9545574188
17629,1751924721.4235375,1751924795.2153656,batch_consumer-sts-0_20250707_214635_755380.csv,True,False,False,1751925379.8232613,658399.7237682343
17639,1751924721.423769,1751924795.3090365,batch_consumer-sts-0_20250707_214635_755380.csv,True,False,False,1751925379.8232613,658399.492263794
17649,1751924721.4240005,1751924795.3364367,batch_consumer-sts-0_20250707_214635_755380.csv,True,False,False,1751925379.8232613,658399.2607593536
17659,1751924721.4242363,1751924795.3636,batch_consumer-sts-0_20250707_214635_755380.csv,True,False,False,1751925379.8232613,658399.0249633789
17669,1751924721.4244657,1751924795.3910112,batch_consumer-sts-0_20250707_214635_755380.csv,True,False,False,1751925379.8232613,658398.7956047058
17679,1751924721.4246976,1751924795.417342,batch_consumer-sts-0_20250707_214635_755380.csv,True,False,False,1751925379.8232613,658398.5636234283
17689,1751924721.4249363,1751924795.4448192,batch_consumer-sts-0_20250707_214635_755380.csv,True,False,False,1751925379.8232613,658398.3249664307
17699,1751924721.425173,1751924795.4728355,batch_consumer-sts-0_20250707_214635_755380.csv,True,False,False,1751925379.8232613,658398.0882167816
17709,1751924721.4254053,1751924795.5004816,batch_consumer-sts-0_20250707_214635_755380.csv,True,False,False,1751925379.8232613,658397.8559970856
17719,1751924721.425638,1751924795.527584,batch_consumer-sts-0_20250707_214635_755380.csv,True,False,False,1751925379.8232613,658397.6233005524
17729,1751924721.4258692,1751924795.5549655,batch_consumer-sts-0_20250707_214635_755380.csv,True,False,False,1751925379.8232613,658397.3920345306
17739,1751924721.4260948,1751924795.5825343,batch_consumer-sts-0_20250707_214635_755380.csv,True,False,False,1751925379.8232613,658397.1664905548
17749,1751924721.4263394,1751924795.9957666,batch_consumer-sts-0_20250707_214639_735669.csv,True,False,False,1751925379.8232613,658396.9218730927
17759,1751924721.4265654,1751924796.02321,batch_consumer-sts-0_20250707_214639_735669.csv,True,False,False,1751925379.8232613,658396.6958522797
17769,1751924721.4267983,1751924796.0506742,batch_consumer-sts-0_20250707_214639_735669.csv,True,False,False,1751925379.8232613,658396.4629173279
17779,1751924721.4270315,1751924796.0780742,batch_consumer-sts-0_20250707_214639_735669.csv,True,False,False,1751925379.8232613,658396.2297439575
17789,1751924721.4272652,1751924796.1051004,batch_consumer-sts-0_20250707_214639_735669.csv,True,False,False,1751925379.8232613,658395.99609375
17799,1751924721.427503,1751924796.132537,batch_consumer-sts-0_20250707_214639_735669.csv,True,False,False,1751925379.8232613,658395.758152008
17809,1751924721.4277356,1751924796.159909,batch_consumer-sts-0_20250707_214639_735669.csv,True,False,False,1751925379.8232613,658395.5256938934
17819,1751924721.4279635,1751924796.187498,batch_consumer-sts-0_20250707_214639_735669.csv,True,False,False,1751925379.8232613,658395.2977657318
17829,1751924721.4281995,1751924796.214264,batch_consumer-sts-0_20250707_214639_735669.csv,True,False,False,1751925379.8232613,658395.0617313385
17839,1751924721.4284303,1751924796.2409549,batch_consumer-sts-0_20250707_214639_735669.csv,True,False,False,1751925379.8232613,658394.8309421539
17849,1751924721.4286623,1751924796.2685745,batch_consumer-sts-0_20250707_214639_735669.csv,True,False,False,1751925379.8232613,658394.5989608765
17859,1751924721.4288917,1751924796.2963238,batch_consumer-sts-0_20250707_214639_735669.csv,True,False,False,1751925379.8232613,658394.3696022034
17869,1751924721.4291255,1751924796.3240464,batch_consumer-sts-0_20250707_214639_735669.csv,True,False,False,1751925379.8232613,658394.1357135773
17879,1751924721.4293592,1751924796.3516634,batch_consumer-sts-0_20250707_214639_735669.csv,True,False,False,1751925379.8232613,658393.9020633698
17889,1751924721.4295895,1751924796.379413,batch_consumer-sts-0_20250707_214639_735669.csv,True,False,False,1751925379.8232613,658393.6717510223
17899,1751924721.429844,1751924796.406637,batch_consumer-sts-0_20250707_214639_735669.csv,True,False,False,1751925379.8232613,658393.4173583984
17909,1751924721.4300754,1751924796.433798,batch_consumer-sts-0_20250707_214639_735669.csv,True,False,False,1751925379.8232613,658393.1858539581
17919,1751924721.4303143,1751924796.4613342,batch_consumer-sts-0_20250707_214639_735669.csv,True,False,False,1751925379.8232613,658392.9469585419
17929,1751924721.4305482,1751924796.4879017,batch_consumer-sts-0_20250707_214639_735669.csv,True,False,False,1751925379.8232613,658392.7130699158
17939,1751924721.430787,1751924796.5145514,batch_consumer-sts-0_20250707_214639_735669.csv,True,False,False,1751925379.8232613,658392.4741744995
17949,1751924721.431018,1751924796.542137,batch_consumer-sts-0_20250707_214639_735669.csv,True,False,False,1751925379.8232613,658392.2431468964
17959,1751924721.4312468,1751924796.5697508,batch_consumer-sts-0_20250707_214639_735669.csv,True,False,False,1751925379.8232613,658392.014503479
17969,1751924721.4314723,1751924796.5971107,batch_consumer-sts-0_20250707_214639_735669.csv,True,False,False,1751925379.8232613,658391.7889595032
17979,1751924721.431704,1751924796.6242647,batch_consumer-sts-0_20250707_214639_735669.csv,True,False,False,1751925379.8232613,658391.5572166443
17989,1751924721.431924,1751924796.650577,batch_consumer-sts-0_20250707_214639_735669.csv,True,False,False,1751925379.8232613,658391.3371562958
17999,1751924721.432154,1751924796.677745,batch_consumer-sts-0_20250707_214639_735669.csv,True,False,False,1751925379.8232613,658391.1073207855
18009,1751924721.4323428,1751924796.7043705,batch_consumer-sts-0_20250707_214639_735669.csv,True,False,False,1751925379.8232613,658390.9184932709
18019,1751924721.4325366,1751924796.7324378,batch_consumer-sts-0_20250707_214639_735669.csv,True,False,False,1751925379.8232613,658390.7246589661
18029,1751924721.4327266,1751924796.7635553,batch_consumer-sts-0_20250707_214639_735669.csv,True,False,False,1751925379.8232613,658390.5346393585
18039,1751924721.4329827,1751924796.7910948,batch_consumer-sts-0_20250707_214639_735669.csv,True,False,False,1751925379.8232613,658390.2785778046
18049,1751924721.4331985,1751924796.8181107,batch_consumer-sts-0_20250707_214639_735669.csv,True,False,False,1751925379.8232613,658390.0628089905
18059,1751924721.433391,1751924796.8452916,batch_consumer-sts-0_20250707_214639_735669.csv,True,False,False,1751925379.8232613,658389.8701667786
18069,1751924721.433616,1751924796.8732677,batch_consumer-sts-0_20250707_214639_735669.csv,True,False,False,1751925379.8232613,658389.6453380585
18079,1751924721.4338317,1751924796.8998995,batch_consumer-sts-0_20250707_214639_735669.csv,True,False,False,1751925379.8232613,658389.4295692444
18089,1751924721.4340434,1751924796.9273188,batch_consumer-sts-0_20250707_214639_735669.csv,True,False,False,1751925379.8232613,658389.2178535461
18099,1751924721.4342551,1751924796.954824,batch_consumer-sts-0_20250707_214639_735669.csv,True,False,False,1751925379.8232613,658389.0061378479
18109,1751924721.4344914,1751924796.9826603,batch_consumer-sts-0_20250707_214639_735669.csv,True,False,False,1751925379.8232613,658388.769865036
18119,1751924721.4347234,1751924797.0097158,batch_consumer-sts-0_20250707_214639_735669.csv,True,False,False,1751925379.8232613,658388.5378837585
18129,1751924721.4349637,1751924797.037284,batch_consumer-sts-0_20250707_214639_735669.csv,True,False,False,1751925379.8232613,658388.2975578308
18139,1751924721.435198,1751924797.0636992,batch_consumer-sts-0_20250707_214639_735669.csv,True,False,False,1751925379.8232613,658388.0631923676
18149,1751924721.4354334,1751924798.092944,batch_consumer-sts-0_20250707_214639_735669.csv,True,False,False,1751925379.8232613,658387.82787323
18159,1751924721.4356709,1751924798.1196332,batch_consumer-sts-0_20250707_214639_735669.csv,True,False,False,1751925379.8232613,658387.5904083252
18169,1751924721.4359007,1751924798.1472745,batch_consumer-sts-0_20250707_214639_735669.csv,True,False,False,1751925379.8232613,658387.3605728149
18179,1751924721.4361348,1751924798.1744275,batch_consumer-sts-0_20250707_214639_735669.csv,True,False,False,1751925379.8232613,658387.1264457703
18189,1751924721.4363708,1751924798.2008064,batch_consumer-sts-0_20250707_214639_735669.csv,True,False,False,1751925379.8232613,658386.890411377
18199,1751924721.436601,1751924798.2278302,batch_consumer-sts-0_20250707_214639_735669.csv,True,False,False,1751925379.8232613,658386.6603374481
18209,1751924721.4368303,1751924798.2556372,batch_consumer-sts-0_20250707_214639_735669.csv,True,False,False,1751925379.8232613,658386.430978775
18219,1751924721.4370632,1751924798.2834432,batch_consumer-sts-0_20250707_214639_735669.csv,True,False,False,1751925379.8232613,658386.1980438232
18229,1751924721.4372976,1751924798.3104472,batch_consumer-sts-0_20250707_214639_735669.csv,True,False,False,1751925379.8232613,658385.96367836
18239,1751924721.4375243,1751924798.338101,batch_consumer-sts-0_20250707_214639_735669.csv,True,False,False,1751925379.8232613,658385.7369422913
18249,1751924721.4377513,1751924798.365563,batch_consumer-sts-0_20250707_214639_735669.csv,True,False,False,1751925379.8232613,658385.509967804
18259,1751924721.437983,1751924798.3937535,batch_consumer-sts-0_20250707_214639_735669.csv,True,False,False,1751925379.8232613,658385.2782249451
18269,1751924721.43823,1751924798.420646,batch_consumer-sts-0_20250707_214639_735669.csv,True,False,False,1751925379.8232613,658385.0312232971
18279,1751924721.4384644,1751924798.4484725,batch_consumer-sts-0_20250707_214639_735669.csv,True,False,False,1751925379.8232613,658384.7968578339
18289,1751924721.438692,1751924798.4764884,batch_consumer-sts-0_20250707_214639_735669.csv,True,False,False,1751925379.8232613,658384.5691680908
18299,1751924721.4389253,1751924798.5037646,batch_consumer-sts-0_20250707_214639_735669.csv,True,False,False,1751925379.8232613,658384.3359947205
18309,1751924721.4391563,1751924798.53139,batch_consumer-sts-0_20250707_214639_735669.csv,True,False,False,1751925379.8232613,658384.1049671173
18319,1751924721.439393,1751924798.558756,batch_consumer-sts-0_20250707_214639_735669.csv,True,False,False,1751925379.8232613,658383.8682174683
18329,1751924721.4396253,1751924798.5862768,batch_consumer-sts-0_20250707_214639_735669.csv,True,False,False,1751925379.8232613,658383.6359977722
18339,1751924721.4398522,1751924798.613037,batch_consumer-sts-0_20250707_214639_735669.csv,True,False,False,1751925379.8232613,658383.4090232849
18349,1751924721.4400797,1751924798.6402512,batch_consumer-sts-0_20250707_214639_735669.csv,True,False,False,1751925379.8232613,658383.1815719604
18359,1751924721.4403074,1751924798.666719,batch_consumer-sts-0_20250707_214639_735669.csv,True,False,False,1751925379.8232613,658382.9538822174
18369,1751924721.4405384,1751924798.6945622,batch_consumer-sts-0_20250707_214639_735669.csv,True,False,False,1751925379.8232613,658382.7228546143
18379,1751924721.4407766,1751924798.7213678,batch_consumer-sts-0_20250707_214639_735669.csv,True,False,False,1751925379.8232613,658382.4846744537
18389,1751924721.4410112,1751924798.7485936,batch_consumer-sts-0_20250707_214639_735669.csv,True,False,False,1751925379.8232613,658382.2500705719
18399,1751924721.4412446,1751924798.7763522,batch_consumer-sts-0_20250707_214639_735669.csv,True,False,False,1751925379.8232613,658382.016658783
18409,1751924721.441487,1751924798.803738,batch_consumer-sts-0_20250707_214639_735669.csv,True,False,False,1751925379.8232613,658381.774187088
18419,1751924721.4417272,1751924798.8312438,batch_consumer-sts-0_20250707_214639_735669.csv,True,False,False,1751925379.8232613,658381.5340995789
18429,1751924721.441962,1751924798.8578904,batch_consumer-sts-0_20250707_214639_735669.csv,True,False,False,1751925379.8232613,658381.2992572784
18439,1751924721.44221,1751924798.885764,batch_consumer-sts-0_20250707_214639_735669.csv,True,False,False,1751925379.8232613,658381.0513019562
18449,1751924721.4424438,1751924798.9126723,batch_consumer-sts-0_20250707_214639_735669.csv,True,False,False,1751925379.8232613,658380.8174133301
18459,1751924721.4426713,1751924798.939959,batch_consumer-sts-0_20250707_214639_735669.csv,True,False,False,1751925379.8232613,658380.5899620056
18469,1751924721.4429045,1751924798.9675453,batch_consumer-sts-0_20250707_214639_735669.csv,True,False,False,1751925379.8232613,658380.3567886353
18479,1751924721.4431396,1751924798.9949856,batch_consumer-sts-0_20250707_214639_735669.csv,True,False,False,1751925379.8232613,658380.1217079163
18489,1751924721.4433675,1751924799.0217707,batch_consumer-sts-0_20250707_214639_735669.csv,True,False,False,1751925379.8232613,658379.8937797546
18499,1751924721.4435964,1751924799.0494728,batch_consumer-sts-0_20250707_214639_735669.csv,True,False,False,1751925379.8232613,658379.6648979187
18509,1751924721.443838,1751924799.0769186,batch_consumer-sts-0_20250707_214639_735669.csv,True,False,False,1751925379.8232613,658379.4233798981
18519,1751924721.4440682,1751924799.1042216,batch_consumer-sts-0_20250707_214639_735669.csv,True,False,False,1751925379.8232613,658379.1930675507
18529,1751924721.4442987,1751924799.1313934,batch_consumer-sts-0_20250707_214639_735669.csv,True,False,False,1751925379.8232613,658378.9625167847
18539,1751924721.444528,1751924799.159593,batch_consumer-sts-0_20250707_214639_735669.csv,True,False,False,1751925379.8232613,658378.7331581116
18549,1751924721.4447622,1751924799.1877933,batch_consumer-sts-0_20250707_214639_735669.csv,True,False,False,1751925379.8232613,658378.4990310669
18559,1751924721.4449863,1751924799.2147331,batch_consumer-sts-0_20250707_214639_735669.csv,True,False,False,1751925379.8232613,658378.2749176025
18569,1751924721.4452126,1751924799.2422714,batch_consumer-sts-0_20250707_214639_735669.csv,True,False,False,1751925379.8232613,658378.048658371
18579,1751924721.445442,1751924799.26973,batch_consumer-sts-0_20250707_214639_735669.csv,True,False,False,1751925379.8232613,658377.8192996979
18589,1751924721.4456744,1751924799.2976344,batch_consumer-sts-0_20250707_214639_735669.csv,True,False,False,1751925379.8232613,658377.5868415833
18599,1751924721.4459274,1751924799.3246834,batch_consumer-sts-0_20250707_214639_735669.csv,True,False,False,1751925379.8232613,658377.3338794708
18609,1751924721.446167,1751924799.352369,batch_consumer-sts-0_20250707_214639_735669.csv,True,False,False,1751925379.8232613,658377.0942687988
18619,1751924721.4463992,1751924799.3802102,batch_consumer-sts-0_20250707_214639_735669.csv,True,False,False,1751925379.8232613,658376.8620491028
18629,1751924721.4466257,1751924799.4073384,batch_consumer-sts-0_20250707_214639_735669.csv,True,False,False,1751925379.8232613,658376.6355514526
18639,1751924721.446863,1751924799.435609,batch_consumer-sts-0_20250707_214639_735669.csv,True,False,False,1751925379.8232613,658376.3983249664
18649,1751924721.4470932,1751924799.463735,batch_consumer-sts-0_20250707_214639_735669.csv,True,False,False,1751925379.8232613,658376.168012619
18659,1751924721.447323,1751924799.4913864,batch_consumer-sts-0_20250707_214639_735669.csv,True,False,False,1751925379.8232613,658375.9381771088
18669,1751924721.4475503,1751924799.5181055,batch_consumer-sts-0_20250707_214639_735669.csv,True,False,False,1751925379.8232613,658375.7109642029
18679,1751924721.447795,1751924799.5455844,batch_consumer-sts-0_20250707_214639_735669.csv,True,False,False,1751925379.8232613,658375.4663467407
18689,1751924721.4480162,1751924799.572796,batch_consumer-sts-0_20250707_214639_735669.csv,True,False,False,1751925379.8232613,658375.2450942993
18699,1751924721.448202,1751924799.600055,batch_consumer-sts-0_20250707_214639_735669.csv,True,False,False,1751925379.8232613,658375.0593662262
18709,1751924721.448401,1751924799.62777,batch_consumer-sts-0_20250707_214639_735669.csv,True,False,False,1751925379.8232613,658374.8602867126
18719,1751924721.4485917,1751924799.6554115,batch_consumer-sts-0_20250707_214639_735669.csv,True,False,False,1751925379.8232613,658374.6695518494
18729,1751924721.4487836,1751924799.6814494,batch_consumer-sts-0_20250707_214639_735669.csv,True,False,False,1751925379.8232613,658374.4776248932
18739,1751924721.4489725,1751924799.707985,batch_consumer-sts-0_20250707_214639_735669.csv,True,False,False,1751925379.8232613,658374.2887973785
18749,1751924721.4491656,1751924799.9747548,batch_consumer-sts-0_20250707_214644_128331.csv,True,False,False,1751925379.8232613,658374.0956783295
18759,1751924721.4493582,1751924800.1703494,batch_consumer-sts-0_20250707_214644_128331.csv,True,False,False,1751925379.8232613,658373.9030361176
18769,1751924721.4495835,1751924800.1981523,batch_consumer-sts-0_20250707_214644_128331.csv,True,False,False,1751925379.8232613,658373.6777305603
18779,1751924721.4498346,1751924800.2250676,batch_consumer-sts-0_20250707_214644_128331.csv,True,False,False,1751925379.8232613,658373.4266757965
18789,1751924721.450062,1751924800.252282,batch_consumer-sts-0_20250707_214644_128331.csv,True,False,False,1751925379.8232613,658373.199224472
18799,1751924721.4503014,1751924800.2796106,batch_consumer-sts-0_20250707_214644_128331.csv,True,False,False,1751925379.8232613,658372.9598522186
18809,1751924721.4505262,1751924800.3064432,batch_consumer-sts-0_20250707_214644_128331.csv,True,False,False,1751925379.8232613,658372.7350234985
18819,1751924721.4507608,1751924800.3338082,batch_consumer-sts-0_20250707_214644_128331.csv,True,False,False,1751925379.8232613,658372.5004196167
18829,1751924721.4509878,1751924800.3613584,batch_consumer-sts-0_20250707_214644_128331.csv,True,False,False,1751925379.8232613,658372.2734451294
18839,1751924721.4512231,1751924800.388889,batch_consumer-sts-0_20250707_214644_128331.csv,True,False,False,1751925379.8232613,658372.0381259918
18849,1751924721.451445,1751924800.4157114,batch_consumer-sts-0_20250707_214644_128331.csv,True,False,False,1751925379.8232613,658371.8161582947
18859,1751924721.4516747,1751924800.443296,batch_consumer-sts-0_20250707_214644_128331.csv,True,False,False,1751925379.8232613,658371.586561203
18869,1751924721.4519055,1751924800.4712584,batch_consumer-sts-0_20250707_214644_128331.csv,True,False,False,1751925379.8232613,658371.3557720184
18879,1751924721.4521377,1751924800.499092,batch_consumer-sts-0_20250707_214644_128331.csv,True,False,False,1751925379.8232613,658371.1235523224
18889,1751924721.4523673,1751924800.5268204,batch_consumer-sts-0_20250707_214644_128331.csv,True,False,False,1751925379.8232613,658370.8939552307
18899,1751924721.4526055,1751924800.5546098,batch_consumer-sts-0_20250707_214644_128331.csv,True,False,False,1751925379.8232613,658370.6557750702
18909,1751924721.452839,1751924800.5822282,batch_consumer-sts-0_20250707_214644_128331.csv,True,False,False,1751925379.8232613,658370.4223632812
18919,1751924721.4530735,1751924800.609006,batch_consumer-sts-0_20250707_214644_128331.csv,True,False,False,1751925379.8232613,658370.1877593994
18929,1751924721.4533,1751924800.636624,batch_consumer-sts-0_20250707_214644_128331.csv,True,False,False,1751925379.8232613,658369.9612617493
18939,1751924721.4535272,1751924800.664378,batch_consumer-sts-0_20250707_214644_128331.csv,True,False,False,1751925379.8232613,658369.7340488434
18949,1751924721.4537644,1751924800.6921804,batch_consumer-sts-0_20250707_214644_128331.csv,True,False,False,1751925379.8232613,658369.4968223572
18959,1751924721.4539983,1751924800.719462,batch_consumer-sts-0_20250707_214644_128331.csv,True,False,False,1751925379.8232613,658369.2629337311
18969,1751924721.4542294,1751924800.9719214,batch_consumer-sts-0_20250707_214644_128331.csv,True,False,False,1751925379.8232613,658369.0319061279
18979,1751924721.4544585,1751924800.9995885,batch_consumer-sts-0_20250707_214644_128331.csv,True,False,False,1751925379.8232613,658368.8027858734
18989,1751924721.45469,1751924801.0275156,batch_consumer-sts-0_20250707_214644_128331.csv,True,False,False,1751925379.8232613,658368.5712814331
18999,1751924721.454926,1751924801.0548818,batch_consumer-sts-0_20250707_214644_128331.csv,True,False,False,1751925379.8232613,658368.3352470398
19009,1751924721.4551632,1751924801.0825346,batch_consumer-sts-0_20250707_214644_128331.csv,True,False,False,1751925379.8232613,658368.0980205536
19019,1751924721.4554026,1751924801.1092932,batch_consumer-sts-0_20250707_214644_128331.csv,True,False,False,1751925379.8232613,658367.8586483002
19029,1751924721.4556296,1751924801.136765,batch_consumer-sts-0_20250707_214644_128331.csv,True,False,False,1751925379.8232613,658367.6316738129
19039,1751924721.4558578,1751924801.1644957,batch_consumer-sts-0_20250707_214644_128331.csv,True,False,False,1751925379.8232613,658367.4035072327
19049,1751924721.4561355,1751924801.192514,batch_consumer-sts-0_20250707_214644_128331.csv,True,False,False,1751925379.8232613,658367.125749588
19059,1751924721.456391,1751924801.2194157,batch_consumer-sts-0_20250707_214644_128331.csv,True,False,False,1751925379.8232613,658366.8701648712
19069,1751924721.4566407,1751924801.247439,batch_consumer-sts-0_20250707_214644_128331.csv,True,False,False,1751925379.8232613,658366.6205406189
19079,1751924721.4568748,1751924801.275036,batch_consumer-sts-0_20250707_214644_128331.csv,True,False,False,1751925379.8232613,658366.3864135742
19089,1751924721.4571106,1751924801.3026688,batch_consumer-sts-0_20250707_214644_128331.csv,True,False,False,1751925379.8232613,658366.1506175995
19099,1751924721.4573455,1751924801.3303654,batch_consumer-sts-0_20250707_214644_128331.csv,True,False,False,1751925379.8232613,658365.9157752991
19109,1751924721.4575746,1751924801.3582845,batch_consumer-sts-0_20250707_214644_128331.csv,True,False,False,1751925379.8232613,658365.6866550446
19119,1751924721.4578023,1751924801.3861935,batch_consumer-sts-0_20250707_214644_128331.csv,True,False,False,1751925379.8232613,658365.4589653015
19129,1751924721.458037,1751924801.4134214,batch_consumer-sts-0_20250707_214644_128331.csv,True,False,False,1751925379.8232613,658365.2243614197
19139,1751924721.4582753,1751924801.4417548,batch_consumer-sts-0_20250707_214644_128331.csv,True,False,False,1751925379.8232613,658364.9859428406
19149,1751924721.4585092,1751924801.470384,batch_consumer-sts-0_20250707_214644_128331.csv,True,False,False,1751925379.8232613,658364.7520542145
19159,1751924721.4587495,1751924801.4990048,batch_consumer-sts-0_20250707_214644_128331.csv,True,False,False,1751925379.8232613,658364.5117282867
19169,1751924721.4589736,1751924801.5339596,batch_consumer-sts-0_20250707_214644_128331.csv,True,False,False,1751925379.8232613,658364.2876148224
19179,1751924721.4592066,1751924801.5628965,batch_consumer-sts-0_20250707_214644_128331.csv,True,False,False,1751925379.8232613,658364.0546798706
19189,1751924721.4594393,1751924801.5903242,batch_consumer-sts-0_20250707_214644_128331.csv,True,False,False,1751925379.8232613,658363.8219833374
19199,1751924721.459667,1751924801.616371,batch_consumer-sts-0_20250707_214644_128331.csv,True,False,False,1751925379.8232613,658363.5942935944
19209,1751924721.4598992,1751924801.64446,batch_consumer-sts-0_20250707_214644_128331.csv,True,False,False,1751925379.8232613,658363.3620738983
19219,1751924721.4601338,1751924801.672266,batch_consumer-sts-0_20250707_214644_128331.csv,True,False,False,1751925379.8232613,658363.1274700165
19229,1751924721.460368,1751924801.6998775,batch_consumer-sts-0_20250707_214644_128331.csv,True,False,False,1751925379.8232613,658362.8933429718
19239,1751924721.4605985,1751924801.7277648,batch_consumer-sts-0_20250707_214644_128331.csv,True,False,False,1751925379.8232613,658362.6627922058
19249,1751924721.4608235,1751924801.7552538,batch_consumer-sts-0_20250707_214644_128331.csv,True,False,False,1751925379.8232613,658362.4377250671
19259,1751924721.4610608,1751924801.7831683,batch_consumer-sts-0_20250707_214644_128331.csv,True,False,False,1751925379.8232613,658362.2004985809
19269,1751924721.4612966,1751924801.810113,batch_consumer-sts-0_20250707_214644_128331.csv,True,False,False,1751925379.8232613,658361.9647026062
29539,1751924721.702214,1751924801.8377235,batch_consumer-sts-0_20250707_214644_128331.csv,True,False,False,1751925379.8232613,658121.0472583771
29549,1751924721.7024577,1751924801.865322,batch_consumer-sts-0_20250707_214644_128331.csv,True,False,False,1751925379.8232613,658120.8035945892
29559,1751924721.70269,1751924801.892167,batch_consumer-sts-0_20250707_214644_128331.csv,True,False,False,1751925379.8232613,658120.5713748932
29569,1751924721.7029352,1751924801.919587,batch_consumer-sts-0_20250707_214644_128331.csv,True,False,False,1751925379.8232613,658120.3260421753
29579,1751924721.70317,1751924801.9477572,batch_consumer-sts-0_20250707_214644_128331.csv,True,False,False,1751925379.8232613,658120.0911998749
29589,1751924721.7033954,1751924801.9752464,batch_consumer-sts-0_20250707_214644_128331.csv,True,False,False,1751925379.8232613,658119.8658943176
29599,1751924721.70363,1751924802.0016365,batch_consumer-sts-0_20250707_214644_128331.csv,True,False,False,1751925379.8232613,658119.6312904358
29609,1751924721.703867,1751924802.029084,batch_consumer-sts-0_20250707_214644_128331.csv,True,False,False,1751925379.8232613,658119.3943023682
29619,1751924721.7040997,1751924802.0562956,batch_consumer-sts-0_20250707_214644_128331.csv,True,False,False,1751925379.8232613,658119.161605835
29629,1751924721.7043352,1751924802.0836737,batch_consumer-sts-0_20250707_214644_128331.csv,True,False,False,1751925379.8232613,658118.9260482788
29639,1751924721.7045653,1751924802.1103306,batch_consumer-sts-0_20250707_214644_128331.csv,True,False,False,1751925379.8232613,658118.69597435
29649,1751924721.7047968,1751924802.1377802,batch_consumer-sts-0_20250707_214644_128331.csv,True,False,False,1751925379.8232613,658118.4644699097
29659,1751924721.7050247,1751924802.1712725,batch_consumer-sts-0_20250707_214644_128331.csv,True,False,False,1751925379.8232613,658118.236541748
29669,1751924721.705267,1751924802.1983583,batch_consumer-sts-0_20250707_214644_128331.csv,True,False,False,1751925379.8232613,658117.9943084717
29679,1751924721.7054975,1751924802.2252705,batch_consumer-sts-0_20250707_214644_128331.csv,True,False,False,1751925379.8232613,658117.7637577057
29689,1751924721.7057288,1751924802.2522483,batch_consumer-sts-0_20250707_214644_128331.csv,True,False,False,1751925379.8232613,658117.532491684
29699,1751924721.705963,1751924802.2797844,batch_consumer-sts-0_20250707_214644_128331.csv,True,False,False,1751925379.8232613,658117.2983646393
29709,1751924721.706204,1751924802.3071036,batch_consumer-sts-0_20250707_214644_128331.csv,True,False,False,1751925379.8232613,658117.0573234558
29719,1751924721.7064357,1751924802.334764,batch_consumer-sts-0_20250707_214644_128331.csv,True,False,False,1751925379.8232613,658116.8255805969
29729,1751924721.7066936,1751924802.3623097,batch_consumer-sts-0_20250707_214644_128331.csv,True,False,False,1751925379.8232613,658116.5676116943
29739,1751924721.7069335,1751924802.389387,batch_consumer-sts-0_20250707_214644_128331.csv,True,False,False,1751925379.8232613,658116.3277626038
29749,1751924721.707164,1751924802.4165337,batch_consumer-sts-0_20250707_214644_128331.csv,True,False,False,1751925379.8232613,658116.0972118378
29759,1751924721.7073915,1751924802.4440491,batch_consumer-sts-0_20250707_214644_128331.csv,True,False,False,1751925379.8232613,658115.8697605133
29769,1751924721.7076244,1751924802.4716728,batch_consumer-sts-0_20250707_214644_128331.csv,True,False,False,1751925379.8232613,658115.6368255615
29779,1751924721.7078528,1751924802.4993532,batch_consumer-sts-0_20250707_214644_128331.csv,True,False,False,1751925379.8232613,658115.4084205627
29789,1751924721.70809,1751924802.5274622,batch_consumer-sts-0_20250707_214644_128331.csv,True,False,False,1751925379.8232613,658115.1711940765
29799,1751924721.7083218,1751924802.5555356,batch_consumer-sts-0_20250707_214644_128331.csv,True,False,False,1751925379.8232613,658114.9394512177
29809,1751924721.7085454,1751924803.5848176,batch_consumer-sts-0_20250707_214644_128331.csv,True,False,False,1751925379.8232613,658114.7158145905
29819,1751924721.708777,1751924803.6117544,batch_consumer-sts-0_20250707_214644_128331.csv,True,False,False,1751925379.8232613,658114.4843101501
29829,1751924721.7090013,1751924803.6393583,batch_consumer-sts-0_20250707_214644_128331.csv,True,False,False,1751925379.8232613,658114.2599582672
29839,1751924721.7092347,1751924803.6668153,batch_consumer-sts-0_20250707_214644_128331.csv,True,False,False,1751925379.8232613,658114.0265464783
29849,1751924721.7094746,1751924803.694664,batch_consumer-sts-0_20250707_214644_128331.csv,True,False,False,1751925379.8232613,658113.7866973877
29859,1751924721.7097163,1751924803.721223,batch_consumer-sts-0_20250707_214644_128331.csv,True,False,False,1751925379.8232613,658113.5449409485
29869,1751924721.709947,1751924803.7485392,batch_consumer-sts-0_20250707_214644_128331.csv,True,False,False,1751925379.8232613,658113.3141517639
29879,1751924721.710184,1751924803.7759671,batch_consumer-sts-0_20250707_214644_128331.csv,True,False,False,1751925379.8232613,658113.0771636963
29889,1751924721.710418,1751924803.8029287,batch_consumer-sts-0_20250707_214644_128331.csv,True,False,False,1751925379.8232613,658112.8432750702
29899,1751924721.7106514,1751924803.829821,batch_consumer-sts-0_20250707_214644_128331.csv,True,False,False,1751925379.8232613,658112.6098632812
29909,1751924721.710883,1751924803.8572035,batch_consumer-sts-0_20250707_214644_128331.csv,True,False,False,1751925379.8232613,658112.378358841
29919,1751924721.711216,1751924803.8847516,batch_consumer-sts-0_20250707_214644_128331.csv,True,False,False,1751925379.8232613,658112.0452880859
29929,1751924721.71146,1751924803.9115238,batch_consumer-sts-0_20250707_214644_128331.csv,True,False,False,1751925379.8232613,658111.8011474609
29939,1751924721.7116857,1751924803.9386263,batch_consumer-sts-0_20250707_214644_128331.csv,True,False,False,1751925379.8232613,658111.5756034851
29949,1751924721.7119198,1751924803.9662588,batch_consumer-sts-0_20250707_214644_128331.csv,True,False,False,1751925379.8232613,658111.3414764404
29959,1751924721.712149,1751924803.9936357,batch_consumer-sts-0_20250707_214644_128331.csv,True,False,False,1751925379.8232613,658111.1123561859
29969,1751924721.7123754,1751924804.0202725,batch_consumer-sts-0_20250707_214644_128331.csv,True,False,False,1751925379.8232613,658110.8858585358
29979,1751924721.7126026,1751924804.0466034,batch_consumer-sts-0_20250707_214644_128331.csv,True,False,False,1751925379.8232613,658110.6586456299
29989,1751924721.7128365,1751924804.073783,batch_consumer-sts-0_20250707_214644_128331.csv,True,False,False,1751925379.8232613,658110.4247570038
29999,1751924721.7130823,1751924804.1008222,batch_consumer-sts-0_20250707_214644_128331.csv,True,False,False,1751925379.8232613,658110.1789474487
30009,1751924721.7133114,1751924804.3210137,batch_consumer-sts-0_20250707_214647_540084.csv,True,False,False,1751925379.8232613,658109.9498271942
30019,1751924721.713542,1751924804.348284,batch_consumer-sts-0_20250707_214647_540084.csv,True,False,False,1751925379.8232613,658109.7192764282
30029,1751924721.7137747,1751924804.3756769,batch_consumer-sts-0_20250707_214647_540084.csv,True,False,False,1751925379.8232613,658109.486579895
30039,1751924721.7140076,1751924804.4029975,batch_consumer-sts-0_20250707_214647_540084.csv,True,False,False,1751925379.8232613,658109.2536449432
30049,1751924721.7142506,1751924804.4312148,batch_consumer-sts-0_20250707_214647_540084.csv,True,False,False,1751925379.8232613,658109.0106964111
30059,1751924721.7144835,1751924804.4588108,batch_consumer-sts-0_20250707_214647_540084.csv,True,False,False,1751925379.8232613,658108.7777614594
30069,1751924721.7147286,1751924804.4876325,batch_consumer-sts-0_20250707_214647_540084.csv,True,False,False,1751925379.8232613,658108.53266716
30079,1751924721.7149572,1751924804.514781,batch_consumer-sts-0_20250707_214647_540084.csv,True,False,False,1751925379.8232613,658108.3040237427
30089,1751924721.715186,1751924804.5425313,batch_consumer-sts-0_20250707_214647_540084.csv,True,False,False,1751925379.8232613,658108.0751419067
30099,1751924721.71542,1751924804.5702062,batch_consumer-sts-0_20250707_214647_540084.csv,True,False,False,1751925379.8232613,658107.8412532806
30109,1751924721.7156937,1751924804.5981095,batch_consumer-sts-0_20250707_214647_540084.csv,True,False,False,1751925379.8232613,658107.5675487518
30119,1751924721.716118,1751924804.624654,batch_consumer-sts-0_20250707_214647_540084.csv,True,False,False,1751925379.8232613,658107.143163681
30129,1751924721.7165427,1751924804.6524544,batch_consumer-sts-0_20250707_214647_540084.csv,True,False,False,1751925379.8232613,658106.7185401917
30139,1751924721.7169447,1751924804.6803105,batch_consumer-sts-0_20250707_214647_540084.csv,True,False,False,1751925379.8232613,658106.3165664673
30149,1751924721.717303,1751924804.7076766,batch_consumer-sts-0_20250707_214647_540084.csv,True,False,False,1751925379.8232613,658105.9582233429
30159,1751924721.7176647,1751924804.735194,batch_consumer-sts-0_20250707_214647_540084.csv,True,False,False,1751925379.8232613,658105.5965423584
30169,1751924721.718044,1751924804.7631414,batch_consumer-sts-0_20250707_214647_540084.csv,True,False,False,1751925379.8232613,658105.217218399
30179,1751924721.7185245,1751924804.79136,batch_consumer-sts-0_20250707_214647_540084.csv,True,False,False,1751925379.8232613,658104.7368049622
30189,1751924721.7187607,1751924804.818248,batch_consumer-sts-0_20250707_214647_540084.csv,True,False,False,1751925379.8232613,658104.5005321503
30199,1751924721.71901,1751924804.8461564,batch_consumer-sts-0_20250707_214647_540084.csv,True,False,False,1751925379.8232613,658104.2511463165
30209,1751924721.7192478,1751924804.872922,batch_consumer-sts-0_20250707_214647_540084.csv,True,False,False,1751925379.8232613,658104.0134429932
30219,1751924721.7194858,1751924804.9005811,batch_consumer-sts-0_20250707_214647_540084.csv,True,False,False,1751925379.8232613,658103.7755012512
30229,1751924721.71972,1751924804.9283297,batch_consumer-sts-0_20250707_214647_540084.csv,True,False,False,1751925379.8232613,658103.5413742065
30239,1751924721.7199657,1751924804.9557283,batch_consumer-sts-0_20250707_214647_540084.csv,True,False,False,1751925379.8232613,658103.2955646515
30249,1751924721.7201972,1751924804.9834516,batch_consumer-sts-0_20250707_214647_540084.csv,True,False,False,1751925379.8232613,658103.0640602112
30259,1751924721.72043,1751924805.010734,batch_consumer-sts-0_20250707_214647_540084.csv,True,False,False,1751925379.8232613,658102.831363678
30269,1751924721.720661,1751924805.0383587,batch_consumer-sts-0_20250707_214647_540084.csv,True,False,False,1751925379.8232613,658102.6003360748
30279,1751924721.7208898,1751924805.0655518,batch_consumer-sts-0_20250707_214647_540084.csv,True,False,False,1751925379.8232613,658102.3714542389
30289,1751924721.721118,1751924805.27782,batch_consumer-sts-0_20250707_214647_540084.csv,True,False,False,1751925379.8232613,658102.1432876587
30299,1751924721.7213502,1751924805.3055065,batch_consumer-sts-0_20250707_214647_540084.csv,True,False,False,1751925379.8232613,658101.9110679626
30309,1751924721.7215896,1751924805.3331656,batch_consumer-sts-0_20250707_214647_540084.csv,True,False,False,1751925379.8232613,658101.6716957092
30319,1751924721.7218175,1751924805.360577,batch_consumer-sts-0_20250707_214647_540084.csv,True,False,False,1751925379.8232613,658101.4437675476
30329,1751924721.7220497,1751924805.388114,batch_consumer-sts-0_20250707_214647_540084.csv,True,False,False,1751925379.8232613,658101.2115478516
30339,1751924721.7223673,1751924805.4150083,batch_consumer-sts-0_20250707_214647_540084.csv,True,False,False,1751925379.8232613,658100.8939743042
30349,1751924721.7226782,1751924805.4425066,batch_consumer-sts-0_20250707_214647_540084.csv,True,False,False,1751925379.8232613,658100.583076477
30359,1751924721.7229931,1751924805.4702444,batch_consumer-sts-0_20250707_214647_540084.csv,True,False,False,1751925379.8232613,658100.268125534
30369,1751924721.7233362,1751924805.4981923,batch_consumer-sts-0_20250707_214647_540084.csv,True,False,False,1751925379.8232613,658099.9250411987
30379,1751924721.7236865,1751924805.5244672,batch_consumer-sts-0_20250707_214647_540084.csv,True,False,False,1751925379.8232613,658099.574804306
30389,1751924721.7240026,1751924805.55218,batch_consumer-sts-0_20250707_214647_540084.csv,True,False,False,1751925379.8232613,658099.2586612701
30399,1751924721.7243106,1751924805.5797522,batch_consumer-sts-0_20250707_214647_540084.csv,True,False,False,1751925379.8232613,658098.950624466
30409,1751924721.7246697,1751924805.607099,batch_consumer-sts-0_20250707_214647_540084.csv,True,False,False,1751925379.8232613,658098.5915660858
30419,1751924721.7250175,1751924805.633745,batch_consumer-sts-0_20250707_214647_540084.csv,True,False,False,1751925379.8232613,658098.2437133789
30429,1751924721.725387,1751924805.6613884,batch_consumer-sts-0_20250707_214647_540084.csv,True,False,False,1751925379.8232613,658097.8741645813
30439,1751924721.7257235,1751924805.6905909,batch_consumer-sts-0_20250707_214647_540084.csv,True,False,False,1751925379.8232613,658097.5377559662
30449,1751924721.726043,1751924805.7173278,batch_consumer-sts-0_20250707_214647_540084.csv,True,False,False,1751925379.8232613,658097.2182750702
30459,1751924721.726368,1751924805.7450848,batch_consumer-sts-0_20250707_214647_540084.csv,True,False,False,1751925379.8232613,658096.8933105469
30469,1751924721.7266903,1751924805.7728815,batch_consumer-sts-0_20250707_214647_540084.csv,True,False,False,1751925379.8232613,658096.5709686279
30479,1751924721.7270238,1751924805.8005006,batch_consumer-sts-0_20250707_214647_540084.csv,True,False,False,1751925379.8232613,658096.2374210358
30489,1751924721.7273452,1751924805.8288803,batch_consumer-sts-0_20250707_214647_540084.csv,True,False,False,1751925379.8232613,658095.9160327911
30499,1751924721.727677,1751924806.0142562,batch_consumer-sts-0_20250707_214647_540084.csv,True,False,False,1751925379.8232613,658095.584154129
30509,1751924721.7280085,1751924806.0420492,batch_consumer-sts-0_20250707_214647_540084.csv,True,False,False,1751925379.8232613,658095.2527523041
17178,1751924721.413015,1751924806.0697443,batch_consumer-sts-0_20250707_214647_540084.csv,True,True,False,1751925379.8232613,658410.2463722229
17188,1751924721.4132533,1751924806.0977497,batch_consumer-sts-0_20250707_214647_540084.csv,True,False,False,1751925379.8232613,658410.0079536438
17198,1751924721.413483,1751924806.125369,batch_consumer-sts-0_20250707_214647_540084.csv,True,False,False,1751925379.8232613,658409.7783565521
17208,1751924721.4137363,1751924806.1533878,batch_consumer-sts-0_20250707_214647_540084.csv,True,False,False,1751925379.8232613,658409.5249176025
17218,1751924721.4139605,1751924806.181317,batch_consumer-sts-0_20250707_214647_540084.csv,True,False,False,1751925379.8232613,658409.3008041382
17228,1751924721.4141972,1751924806.2088363,batch_consumer-sts-0_20250707_214647_540084.csv,True,False,False,1751925379.8232613,658409.0640544891
17238,1751924721.414435,1751924806.2364955,batch_consumer-sts-0_20250707_214647_540084.csv,True,False,False,1751925379.8232613,658408.8263511658
17248,1751924721.414666,1751924806.2655902,batch_consumer-sts-0_20250707_214647_540084.csv,True,False,False,1751925379.8232613,658408.5953235626
17258,1751924721.414899,1751924806.2935476,batch_consumer-sts-0_20250707_214647_540084.csv,True,False,False,1751925379.8232613,658408.3621501923
17268,1751924721.41513,1751924806.4414165,batch_consumer-sts-0_20250707_214647_540084.csv,True,False,False,1751925379.8232613,658408.1313610077
17278,1751924721.415362,1751924806.4690695,batch_consumer-sts-0_20250707_214647_540084.csv,True,False,False,1751925379.8232613,658407.8993797302
17288,1751924721.4155948,1751924806.496569,batch_consumer-sts-0_20250707_214647_540084.csv,True,False,False,1751925379.8232613,658407.6664447784
17298,1751924721.4158213,1751924806.523738,batch_consumer-sts-0_20250707_214647_540084.csv,True,False,False,1751925379.8232613,658407.4399471283
17308,1751924721.4160514,1751924806.551382,batch_consumer-sts-0_20250707_214647_540084.csv,True,False,False,1751925379.8232613,658407.2098731995
17318,1751924721.416284,1751924806.5790088,batch_consumer-sts-0_20250707_214647_540084.csv,True,False,False,1751925379.8232613,658406.9771766663
17328,1751924721.4165237,1751924806.6062188,batch_consumer-sts-0_20250707_214647_540084.csv,True,False,False,1751925379.8232613,658406.7375659943
17338,1751924721.416758,1751924806.63259,batch_consumer-sts-0_20250707_214647_540084.csv,True,False,False,1751925379.8232613,658406.503200531
17348,1751924721.416983,1751924806.660285,batch_consumer-sts-0_20250707_214647_540084.csv,True,False,False,1751925379.8232613,658406.2783718109
17358,1751924721.4172108,1751924806.6881735,batch_consumer-sts-0_20250707_214647_540084.csv,True,False,False,1751925379.8232613,658406.0504436493
17368,1751924721.4174447,1751924806.715189,batch_consumer-sts-0_20250707_214647_540084.csv,True,False,False,1751925379.8232613,658405.8165550232
17378,1751924721.4176786,1751924806.742582,batch_consumer-sts-0_20250707_214647_540084.csv,True,False,False,1751925379.8232613,658405.5826663971
17388,1751924721.4179146,1751924806.7696562,batch_consumer-sts-0_20250707_214647_540084.csv,True,False,False,1751925379.8232613,658405.3466320038
17398,1751924721.4181406,1751924806.797216,batch_consumer-sts-0_20250707_214647_540084.csv,True,False,False,1751925379.8232613,658405.1206111908
17408,1751924721.418375,1751924806.8242488,batch_consumer-sts-0_20250707_214647_540084.csv,True,False,False,1751925379.8232613,658404.8862457275
17418,1751924721.4186082,1751924806.8515892,batch_consumer-sts-0_20250707_214647_540084.csv,True,False,False,1751925379.8232613,658404.6530723572
17428,1751924721.4188466,1751924806.8788302,batch_consumer-sts-0_20250707_214647_540084.csv,True,False,False,1751925379.8232613,658404.4146537781
17438,1751924721.4190805,1751924806.905911,batch_consumer-sts-0_20250707_214647_540084.csv,True,False,False,1751925379.8232613,658404.180765152
17448,1751924721.4193103,1751924806.9336095,batch_consumer-sts-0_20250707_214647_540084.csv,True,False,False,1751925379.8232613,658403.9509296417
17458,1751924721.4195354,1751924806.9616568,batch_consumer-sts-0_20250707_214647_540084.csv,True,False,False,1751925379.8232613,658403.725862503
17468,1751924721.4197593,1751924806.9895563,batch_consumer-sts-0_20250707_214647_540084.csv,True,False,False,1751925379.8232613,658403.5019874573
17478,1751924721.4199934,1751924807.0164163,batch_consumer-sts-0_20250707_214647_540084.csv,True,False,False,1751925379.8232613,658403.2678604126
17488,1751924721.4202302,1751924807.04423,batch_consumer-sts-0_20250707_214647_540084.csv,True,False,False,1751925379.8232613,658403.0311107635
17498,1751924721.4204657,1751924807.0719545,batch_consumer-sts-0_20250707_214647_540084.csv,True,False,False,1751925379.8232613,658402.7955532074
17508,1751924721.420697,1751924807.0990522,batch_consumer-sts-0_20250707_214647_540084.csv,True,False,False,1751925379.8232613,658402.5642871857
17518,1751924721.420928,1751924807.126502,batch_consumer-sts-0_20250707_214647_540084.csv,True,False,False,1751925379.8232613,658402.3332595825
17528,1751924721.4211695,1751924807.1550975,batch_consumer-sts-0_20250707_214647_540084.csv,True,False,False,1751925379.8232613,658402.0917415619
19278,1751924721.4615157,1751924807.1833618,batch_consumer-sts-0_20250707_214647_540084.csv,True,False,False,1751925379.8232613,658361.745595932
19288,1751924721.4617665,1751924807.210251,batch_consumer-sts-0_20250707_214647_540084.csv,True,False,False,1751925379.8232613,658361.4947795868
19298,1751924721.4620118,1751924807.2382252,batch_consumer-sts-0_20250707_214647_540084.csv,True,False,False,1751925379.8232613,658361.2494468689
19308,1751924721.4622571,1751924807.2663095,batch_consumer-sts-0_20250707_214647_540084.csv,True,False,False,1751925379.8232613,658361.004114151
19318,1751924721.4625,1751924807.2943263,batch_consumer-sts-0_20250707_214647_540084.csv,True,False,False,1751925379.8232613,658360.7611656189
19328,1751924721.462736,1751924807.3212628,batch_consumer-sts-0_20250707_214647_540084.csv,True,False,False,1751925379.8232613,658360.5253696442
19338,1751924721.4629724,1751924807.347443,batch_consumer-sts-0_20250707_214647_540084.csv,True,False,False,1751925379.8232613,658360.2888584137
19348,1751924721.4632206,1751924807.375177,batch_consumer-sts-0_20250707_214647_540084.csv,True,False,False,1751925379.8232613,658360.0406646729
19358,1751924721.4634428,1751924807.4025283,batch_consumer-sts-0_20250707_214647_540084.csv,True,False,False,1751925379.8232613,658359.8184585571
19368,1751924721.4636364,1751924807.4297762,batch_consumer-sts-0_20250707_214647_540084.csv,True,False,False,1751925379.8232613,658359.6248626709
19378,1751924721.46383,1751924807.4577289,batch_consumer-sts-0_20250707_214647_540084.csv,True,False,False,1751925379.8232613,658359.4312667847
19388,1751924721.4640195,1751924807.4857285,batch_consumer-sts-0_20250707_214647_540084.csv,True,False,False,1751925379.8232613,658359.2417240143
19398,1751924721.4642117,1751924807.5125048,batch_consumer-sts-0_20250707_214647_540084.csv,True,False,False,1751925379.8232613,658359.0495586395
19408,1751924721.464434,1751924809.3143778,batch_consumer-sts-0_20250707_214652_351247.csv,True,False,False,1751925379.8232613,658358.8273525238
19418,1751924721.4646814,1751924809.3419857,batch_consumer-sts-0_20250707_214652_351247.csv,True,False,False,1751925379.8232613,658358.5798740387
19428,1751924721.4649155,1751924809.369399,batch_consumer-sts-0_20250707_214652_351247.csv,True,False,False,1751925379.8232613,658358.345746994
19438,1751924721.4651458,1751924809.3967314,batch_consumer-sts-0_20250707_214652_351247.csv,True,False,False,1751925379.8232613,658358.1154346466
19448,1751924721.4653788,1751924809.4301653,batch_consumer-sts-0_20250707_214652_351247.csv,True,False,False,1751925379.8232613,658357.8824996948
19458,1751924721.4656131,1751924809.4580016,batch_consumer-sts-0_20250707_214652_351247.csv,True,False,False,1751925379.8232613,658357.6481342316
19468,1751924721.465845,1751924809.48543,batch_consumer-sts-0_20250707_214652_351247.csv,True,False,False,1751925379.8232613,658357.4161529541
19478,1751924721.4660797,1751924809.511022,batch_consumer-sts-0_20250707_214652_351247.csv,True,False,False,1751925379.8232613,658357.1815490723
19488,1751924721.466315,1751924809.5385385,batch_consumer-sts-0_20250707_214652_351247.csv,True,False,False,1751925379.8232613,658356.9462299347
19498,1751924721.4665406,1751924809.566067,batch_consumer-sts-0_20250707_214652_351247.csv,True,False,False,1751925379.8232613,658356.7206859589
19508,1751924721.466776,1751924809.593608,batch_consumer-sts-0_20250707_214652_351247.csv,True,False,False,1751925379.8232613,658356.4853668213
19518,1751924721.4670095,1751924809.6199782,batch_consumer-sts-0_20250707_214652_351247.csv,True,False,False,1751925379.8232613,658356.2517166138
19528,1751924721.4672391,1751924809.6481109,batch_consumer-sts-0_20250707_214652_351247.csv,True,False,False,1751925379.8232613,658356.0221195221
19538,1751924721.4674678,1751924809.6756625,batch_consumer-sts-0_20250707_214652_351247.csv,True,False,False,1751925379.8232613,658355.7934761047
19548,1751924721.4676976,1751924809.7028654,batch_consumer-sts-0_20250707_214652_351247.csv,True,False,False,1751925379.8232613,658355.5636405945
19558,1751924721.4679322,1751924809.7298698,batch_consumer-sts-0_20250707_214652_351247.csv,True,False,False,1751925379.8232613,658355.3290367126
19568,1751924721.4681673,1751924809.7573695,batch_consumer-sts-0_20250707_214652_351247.csv,True,False,False,1751925379.8232613,658355.0939559937
19578,1751924721.4683957,1751924809.7851715,batch_consumer-sts-0_20250707_214652_351247.csv,True,False,False,1751925379.8232613,658354.8655509949
19588,1751924721.468625,1751924809.8118007,batch_consumer-sts-0_20250707_214652_351247.csv,True,False,False,1751925379.8232613,658354.6361923218
19598,1751924721.4688606,1751924809.8392591,batch_consumer-sts-0_20250707_214652_351247.csv,True,False,False,1751925379.8232613,658354.4006347656
19608,1751924721.4690895,1751924809.8667295,batch_consumer-sts-0_20250707_214652_351247.csv,True,False,False,1751925379.8232613,658354.1717529297
19618,1751924721.4693286,1751924809.8941069,batch_consumer-sts-0_20250707_214652_351247.csv,True,False,False,1751925379.8232613,658353.9326190948
19628,1751924721.4695623,1751924809.920525,batch_consumer-sts-0_20250707_214652_351247.csv,True,False,False,1751925379.8232613,658353.6989688873
19638,1751924721.4697995,1751924809.947882,batch_consumer-sts-0_20250707_214652_351247.csv,True,False,False,1751925379.8232613,658353.4617424011
19648,1751924721.4700303,1751924809.9752407,batch_consumer-sts-0_20250707_214652_351247.csv,True,False,False,1751925379.8232613,658353.2309532166
19658,1751924721.4702723,1751924810.0030031,batch_consumer-sts-0_20250707_214652_351247.csv,True,False,False,1751925379.8232613,658352.9889583588
19668,1751924721.4705057,1751924810.030554,batch_consumer-sts-0_20250707_214652_351247.csv,True,False,False,1751925379.8232613,658352.7555465698
19678,1751924721.470745,1751924810.0579166,batch_consumer-sts-0_20250707_214652_351247.csv,True,False,False,1751925379.8232613,658352.5161743164
19688,1751924721.4709792,1751924810.0851278,batch_consumer-sts-0_20250707_214652_351247.csv,True,False,False,1751925379.8232613,658352.2820472717
19698,1751924721.4712114,1751924810.1119204,batch_consumer-sts-0_20250707_214652_351247.csv,True,False,False,1751925379.8232613,658352.0498275757
19708,1751924721.471446,1751924810.139279,batch_consumer-sts-0_20250707_214652_351247.csv,True,False,False,1751925379.8232613,658351.8152236938
19718,1751924721.471688,1751924810.1673458,batch_consumer-sts-0_20250707_214652_351247.csv,True,False,False,1751925379.8232613,658351.5732288361
19728,1751924721.471918,1751924810.2258956,batch_consumer-sts-0_20250707_214652_351247.csv,True,False,False,1751925379.8232613,658351.3431549072
19738,1751924721.4721498,1751924810.2533956,batch_consumer-sts-0_20250707_214652_351247.csv,True,False,False,1751925379.8232613,658351.1114120483
19748,1751924721.4723833,1751924810.2809908,batch_consumer-sts-0_20250707_214652_351247.csv,True,False,False,1751925379.8232613,658350.8780002594
19758,1751924721.4726124,1751924810.3077662,batch_consumer-sts-0_20250707_214652_351247.csv,True,False,False,1751925379.8232613,658350.6488800049
19768,1751924721.4728415,1751924810.3347008,batch_consumer-sts-0_20250707_214652_351247.csv,True,False,False,1751925379.8232613,658350.4197597504
19778,1751924721.4730685,1751924810.362146,batch_consumer-sts-0_20250707_214652_351247.csv,True,False,False,1751925379.8232613,658350.1927852631
19788,1751924721.473303,1751924810.3895552,batch_consumer-sts-0_20250707_214652_351247.csv,True,False,False,1751925379.8232613,658349.9581813812
19798,1751924721.4735272,1751924810.4161663,batch_consumer-sts-0_20250707_214652_351247.csv,True,False,False,1751925379.8232613,658349.7340679169
19808,1751924721.473761,1751924810.443355,batch_consumer-sts-0_20250707_214652_351247.csv,True,False,False,1751925379.8232613,658349.5001792908
19818,1751924721.4739923,1751924810.4705718,batch_consumer-sts-0_20250707_214652_351247.csv,True,False,False,1751925379.8232613,658349.268913269
19828,1751924721.4742286,1751924810.497756,batch_consumer-sts-0_20250707_214652_351247.csv,True,False,False,1751925379.8232613,658349.0326404572
19838,1751924721.4744616,1751924810.5273523,batch_consumer-sts-0_20250707_214652_351247.csv,True,False,False,1751925379.8232613,658348.7997055054
19848,1751924721.4746993,1751924810.5537698,batch_consumer-sts-0_20250707_214652_351247.csv,True,False,False,1751925379.8232613,658348.562002182
19858,1751924721.4749343,1751924810.5814824,batch_consumer-sts-0_20250707_214652_351247.csv,True,False,False,1751925379.8232613,658348.326921463
19868,1751924721.4751732,1751924810.6082044,batch_consumer-sts-0_20250707_214652_351247.csv,True,False,False,1751925379.8232613,658348.0880260468
19878,1751924721.4754076,1751924810.635911,batch_consumer-sts-0_20250707_214652_351247.csv,True,False,False,1751925379.8232613,658347.8536605835
19888,1751924721.4756355,1751924810.66373,batch_consumer-sts-0_20250707_214652_351247.csv,True,False,False,1751925379.8232613,658347.6257324219
19898,1751924721.475865,1751924810.6915357,batch_consumer-sts-0_20250707_214652_351247.csv,True,False,False,1751925379.8232613,658347.3963737488
19908,1751924721.476102,1751924810.7184224,batch_consumer-sts-0_20250707_214652_351247.csv,True,False,False,1751925379.8232613,658347.1591472626
19918,1751924721.4763455,1751924810.7464998,batch_consumer-sts-0_20250707_214652_351247.csv,True,False,False,1751925379.8232613,658346.9157218933
19928,1751924721.4765997,1751924810.774598,batch_consumer-sts-0_20250707_214652_351247.csv,True,False,False,1751925379.8232613,658346.661567688
19938,1751924721.4768243,1751924810.8022673,batch_consumer-sts-0_20250707_214652_351247.csv,True,False,False,1751925379.8232613,658346.4369773865
19948,1751924721.4770625,1751924810.8297603,batch_consumer-sts-0_20250707_214652_351247.csv,True,False,False,1751925379.8232613,658346.198797226
19958,1751924721.4772966,1751924810.8576438,batch_consumer-sts-0_20250707_214652_351247.csv,True,False,False,1751925379.8232613,658345.9646701813
19968,1751924721.4775305,1751924810.8861532,batch_consumer-sts-0_20250707_214652_351247.csv,True,False,False,1751925379.8232613,658345.7307815552
19978,1751924721.477806,1751924810.9135935,batch_consumer-sts-0_20250707_214652_351247.csv,True,False,False,1751925379.8232613,658345.4551696777
19988,1751924721.4780755,1751924810.9424288,batch_consumer-sts-0_20250707_214652_351247.csv,True,False,False,1751925379.8232613,658345.1857566833
19998,1751924721.4783244,1751924811.160328,batch_consumer-sts-0_20250707_214652_351247.csv,True,False,False,1751925379.8232613,658344.9368476868
20008,1751924721.4785569,1751924811.2401323,batch_consumer-sts-0_20250707_214652_351247.csv,True,False,False,1751925379.8232613,658344.7043895721
20018,1751924721.4787977,1751924811.2667358,batch_consumer-sts-0_20250707_214652_351247.csv,True,False,False,1751925379.8232613,658344.4635868073
20028,1751924721.4790232,1751924811.2948687,batch_consumer-sts-0_20250707_214652_351247.csv,True,False,False,1751925379.8232613,658344.2380428314
20038,1751924721.47926,1751924811.3220353,batch_consumer-sts-0_20250707_214652_351247.csv,True,False,False,1751925379.8232613,658344.0012931824
20048,1751924721.4794989,1751924811.349716,batch_consumer-sts-0_20250707_214652_351247.csv,True,False,False,1751925379.8232613,658343.7623977661
20058,1751924721.4797306,1751924811.3776624,batch_consumer-sts-0_20250707_214652_351247.csv,True,False,False,1751925379.8232613,658343.5306549072
20068,1751924721.479949,1751924811.4053671,batch_consumer-sts-0_20250707_214652_351247.csv,True,False,False,1751925379.8232613,658343.3122634888
20078,1751924721.480145,1751924811.4327822,batch_consumer-sts-0_20250707_214652_351247.csv,True,False,False,1751925379.8232613,658343.1162834167
20088,1751924721.480342,1751924811.4601753,batch_consumer-sts-0_20250707_214652_351247.csv,True,False,False,1751925379.8232613,658342.9193496704
20098,1751924721.4805448,1751924811.4875538,batch_consumer-sts-0_20250707_214652_351247.csv,True,False,False,1751925379.8232613,658342.7164554596
20108,1751924721.4807303,1751924811.5146525,batch_consumer-sts-0_20250707_214652_351247.csv,True,False,False,1751925379.8232613,658342.530965805
20118,1751924721.480905,1751924811.5418956,batch_consumer-sts-0_20250707_214652_351247.csv,True,False,False,1751925379.8232613,658342.3562049866
20128,1751924721.4811032,1751924811.5694246,batch_consumer-sts-0_20250707_214652_351247.csv,True,False,False,1751925379.8232613,658342.1580791473
20138,1751924721.481296,1751924811.597065,batch_consumer-sts-0_20250707_214652_351247.csv,True,False,False,1751925379.8232613,658341.9651985168
20148,1751924721.481496,1751924811.6244564,batch_consumer-sts-0_20250707_214652_351247.csv,True,False,False,1751925379.8232613,658341.765165329
20158,1751924721.481693,1751924811.6517828,batch_consumer-sts-0_20250707_214652_351247.csv,True,False,False,1751925379.8232613,658341.5682315826
20168,1751924721.481891,1751924811.6796262,batch_consumer-sts-0_20250707_214652_351247.csv,True,False,False,1751925379.8232613,658341.370344162
20178,1751924721.482148,1751924811.7073946,batch_consumer-sts-0_20250707_214652_351247.csv,True,False,False,1751925379.8232613,658341.1133289337
20188,1751924721.482391,1751924811.7353685,batch_consumer-sts-0_20250707_214652_351247.csv,True,False,False,1751925379.8232613,658340.870141983
20198,1751924721.4826224,1751924811.7631402,batch_consumer-sts-0_20250707_214652_351247.csv,True,False,False,1751925379.8232613,658340.6388759613
20208,1751924721.4828477,1751924811.7924466,batch_consumer-sts-0_20250707_214652_351247.csv,True,False,False,1751925379.8232613,658340.413570404
20218,1751924721.4830766,1751924811.8205476,batch_consumer-sts-0_20250707_214652_351247.csv,True,False,False,1751925379.8232613,658340.1846885681
20228,1751924721.483306,1751924811.849404,batch_consumer-sts-0_20250707_214652_351247.csv,True,False,False,1751925379.8232613,658339.955329895
20238,1751924721.4835458,1751924811.877967,batch_consumer-sts-0_20250707_214652_351247.csv,True,False,False,1751925379.8232613,658339.7154808044
20248,1751924721.4837809,1751924811.9061842,batch_consumer-sts-0_20250707_214652_351247.csv,True,False,False,1751925379.8232613,658339.4804000854
20258,1751924721.484019,1751924811.9340465,batch_consumer-sts-0_20250707_214652_351247.csv,True,False,False,1751925379.8232613,658339.2422199249
20268,1751924721.4842508,1751924811.9621568,batch_consumer-sts-0_20250707_214652_351247.csv,True,False,False,1751925379.8232613,658339.010477066
20278,1751924721.484479,1751924811.9896405,batch_consumer-sts-0_20250707_214652_351247.csv,True,False,False,1751925379.8232613,658338.7823104858
20288,1751924721.4847076,1751924812.0168402,batch_consumer-sts-0_20250707_214652_351247.csv,True,False,False,1751925379.8232613,658338.5536670685
20298,1751924721.484946,1751924812.045267,batch_consumer-sts-0_20250707_214652_351247.csv,True,False,False,1751925379.8232613,658338.3152484894
20308,1751924721.4851792,1751924812.0718763,batch_consumer-sts-0_20250707_214652_351247.csv,True,False,False,1751925379.8232613,658338.082075119
20318,1751924721.4854198,1751924812.0997128,batch_consumer-sts-0_20250707_214652_351247.csv,True,False,False,1751925379.8232613,658337.8415107727
20328,1751924721.4856458,1751924812.1275833,batch_consumer-sts-0_20250707_214652_351247.csv,True,False,False,1751925379.8232613,658337.6154899597
20338,1751924721.4858716,1751924812.1581173,batch_consumer-sts-0_20250707_214652_351247.csv,True,False,False,1751925379.8232613,658337.3897075653
20348,1751924721.4861047,1751924812.185709,batch_consumer-sts-0_20250707_214652_351247.csv,True,False,False,1751925379.8232613,658337.156534195
20358,1751924721.486338,1751924812.2130284,batch_consumer-sts-0_20250707_214652_351247.csv,True,False,False,1751925379.8232613,658336.9233608246
20368,1751924721.4865682,1751924812.2407038,batch_consumer-sts-0_20250707_214652_351247.csv,True,False,False,1751925379.8232613,658336.6930484772
20378,1751924721.4867945,1751924812.26833,batch_consumer-sts-0_20250707_214652_351247.csv,True,False,False,1751925379.8232613,658336.4667892456
20388,1751924721.4870186,1751924812.2957668,batch_consumer-sts-0_20250707_214652_351247.csv,True,False,False,1751925379.8232613,658336.2426757812
20398,1751924721.487253,1751924812.3229349,batch_consumer-sts-0_20250707_214652_351247.csv,True,False,False,1751925379.8232613,658336.008310318
13829,1751924721.2769318,1751924872.0865047,batch_consumer-sts-0_20250707_214822_658604.csv,True,True,False,1751925379.8232613,658546.329498291
13839,1751924721.2772474,1751924872.1112354,batch_consumer-sts-0_20250707_214822_658604.csv,True,False,False,1751925379.8232613,658546.0138320923
13849,1751924721.277573,1751924872.1359413,batch_consumer-sts-0_20250707_214822_658604.csv,True,False,False,1751925379.8232613,658545.6881523132
13859,1751924721.2778778,1751924872.1639748,batch_consumer-sts-0_20250707_214822_658604.csv,True,False,False,1751925379.8232613,658545.3834533691
13869,1751924721.278226,1751924872.19002,batch_consumer-sts-0_20250707_214822_658604.csv,True,False,False,1751925379.8232613,658545.0353622437
13879,1751924721.2785454,1751924872.2137735,batch_consumer-sts-0_20250707_214822_658604.csv,True,False,False,1751925379.8232613,658544.7158813477
13889,1751924721.2788813,1751924872.2383173,batch_consumer-sts-0_20250707_214822_658604.csv,True,False,False,1751925379.8232613,658544.3799495697
13899,1751924721.279217,1751924872.262241,batch_consumer-sts-0_20250707_214822_658604.csv,True,False,False,1751925379.8232613,658544.0442562103
13909,1751924721.2795131,1751924872.2875805,batch_consumer-sts-0_20250707_214822_658604.csv,True,False,False,1751925379.8232613,658543.7481403351
13919,1751924721.2798698,1751924872.3119588,batch_consumer-sts-0_20250707_214822_658604.csv,True,False,False,1751925379.8232613,658543.3914661407
13929,1751924721.2801957,1751924872.33679,batch_consumer-sts-0_20250707_214822_658604.csv,True,False,False,1751925379.8232613,658543.0655479431
13939,1751924721.2805212,1751924872.3611984,batch_consumer-sts-0_20250707_214822_658604.csv,True,False,False,1751925379.8232613,658542.7401065826
13949,1751924721.2808547,1751924872.3857577,batch_consumer-sts-0_20250707_214822_658604.csv,True,False,False,1751925379.8232613,658542.4065589905
13959,1751924721.281201,1751924872.410171,batch_consumer-sts-0_20250707_214822_658604.csv,True,False,False,1751925379.8232613,658542.0603752136
13969,1751924721.28154,1751924872.436134,batch_consumer-sts-0_20250707_214822_658604.csv,True,False,False,1751925379.8232613,658541.7213439941
13979,1751924721.281836,1751924872.4605982,batch_consumer-sts-0_20250707_214822_658604.csv,True,False,False,1751925379.8232613,658541.4252281189
13989,1751924721.282198,1751924872.4851854,batch_consumer-sts-0_20250707_214822_658604.csv,True,False,False,1751925379.8232613,658541.0633087158
13999,1751924721.282522,1751924872.509699,batch_consumer-sts-0_20250707_214822_658604.csv,True,False,False,1751925379.8232613,658540.7392978668
14009,1751924721.2828336,1751924872.5342216,batch_consumer-sts-0_20250707_214822_658604.csv,True,False,False,1751925379.8232613,658540.4276847839
14019,1751924721.283161,1751924872.5594285,batch_consumer-sts-0_20250707_214822_658604.csv,True,False,False,1751925379.8232613,658540.1003360748
14029,1751924721.2834666,1751924872.5844083,batch_consumer-sts-0_20250707_214822_658604.csv,True,False,False,1751925379.8232613,658539.7946834564
14039,1751924721.283786,1751924872.6092725,batch_consumer-sts-0_20250707_214822_658604.csv,True,False,False,1751925379.8232613,658539.4752025604
14049,1751924721.2841475,1751924872.6355462,batch_consumer-sts-0_20250707_214822_658604.csv,True,False,False,1751925379.8232613,658539.1137599945
14059,1751924721.284475,1751924872.7194543,batch_consumer-sts-0_20250707_214822_658604.csv,True,False,False,1751925379.8232613,658538.7861728668
14069,1751924721.2847924,1751924872.744573,batch_consumer-sts-0_20250707_214822_658604.csv,True,False,False,1751925379.8232613,658538.468837738
14079,1751924721.2850215,1751924872.7691026,batch_consumer-sts-0_20250707_214822_658604.csv,True,False,False,1751925379.8232613,658538.2397174835
14089,1751924721.2852588,1751924872.7939734,batch_consumer-sts-0_20250707_214822_658604.csv,True,False,False,1751925379.8232613,658538.0024909973
14099,1751924721.285488,1751924872.817829,batch_consumer-sts-0_20250707_214822_658604.csv,True,False,False,1751925379.8232613,658537.7733707428
14109,1751924721.2857213,1751924872.8429196,batch_consumer-sts-0_20250707_214822_658604.csv,True,False,False,1751925379.8232613,658537.5399589539
14119,1751924721.285952,1751924872.8679447,batch_consumer-sts-0_20250707_214822_658604.csv,True,False,False,1751925379.8232613,658537.3091697693
14129,1751924721.2861388,1751924872.892985,batch_consumer-sts-0_20250707_214822_658604.csv,True,False,False,1751925379.8232613,658537.1224880219
14139,1751924721.2863889,1751924873.437372,batch_consumer-sts-0_20250707_214822_658604.csv,True,False,False,1751925379.8232613,658536.8723869324
14149,1751924721.2866142,1751924873.4626458,batch_consumer-sts-0_20250707_214822_658604.csv,True,False,False,1751925379.8232613,658536.6470813751
14159,1751924721.2868445,1751924873.4877353,batch_consumer-sts-0_20250707_214822_658604.csv,True,False,False,1751925379.8232613,658536.4167690277
14169,1751924721.2870803,1751924873.5123618,batch_consumer-sts-0_20250707_214822_658604.csv,True,False,False,1751925379.8232613,658536.180973053
14179,1751924721.2873075,1751924873.5381792,batch_consumer-sts-0_20250707_214822_658604.csv,True,False,False,1751925379.8232613,658535.9537601471
14189,1751924721.2875357,1751924873.5630076,batch_consumer-sts-0_20250707_214822_658604.csv,True,False,False,1751925379.8232613,658535.7255935669
14199,1751924721.2877655,1751924873.5877578,batch_consumer-sts-0_20250707_214822_658604.csv,True,False,False,1751925379.8232613,658535.4957580566
14209,1751924721.2879984,1751924873.612372,batch_consumer-sts-0_20250707_214822_658604.csv,True,False,False,1751925379.8232613,658535.2628231049
14219,1751924721.288224,1751924873.6373756,batch_consumer-sts-0_20250707_214822_658604.csv,True,False,False,1751925379.8232613,658535.037279129
14229,1751924721.288455,1751924874.6647234,batch_consumer-sts-0_20250707_214822_658604.csv,True,False,False,1751925379.8232613,658534.8062515259
14239,1751924721.2886937,1751924874.6896715,batch_consumer-sts-0_20250707_214822_658604.csv,True,False,False,1751925379.8232613,658534.5675945282
14249,1751924721.288922,1751924874.7137086,batch_consumer-sts-0_20250707_214822_658604.csv,True,False,False,1751925379.8232613,658534.3391895294
14259,1751924721.2891502,1751924874.7380877,batch_consumer-sts-0_20250707_214822_658604.csv,True,False,False,1751925379.8232613,658534.1110229492
14269,1751924721.289374,1751924874.762907,batch_consumer-sts-0_20250707_214822_658604.csv,True,False,False,1751925379.8232613,658533.8871479034
14279,1751924721.289606,1751924874.7874408,batch_consumer-sts-0_20250707_214822_658604.csv,True,False,False,1751925379.8232613,658533.655166626
14289,1751924721.2898357,1751924874.8119187,batch_consumer-sts-0_20250707_214822_658604.csv,True,False,False,1751925379.8232613,658533.4255695343
14299,1751924721.290069,1751924874.839905,batch_consumer-sts-0_20250707_214822_658604.csv,True,False,False,1751925379.8232613,658533.1921577454
14309,1751924721.290315,1751924874.8664951,batch_consumer-sts-0_20250707_214822_658604.csv,True,False,False,1751925379.8232613,658532.9463481903
14319,1751924721.2905426,1751924874.891458,batch_consumer-sts-0_20250707_214822_658604.csv,True,False,False,1751925379.8232613,658532.7186584473
14329,1751924721.2907786,1751924874.9158044,batch_consumer-sts-0_20250707_214822_658604.csv,True,False,False,1751925379.8232613,658532.482624054
14339,1751924721.2910075,1751924874.940703,batch_consumer-sts-0_20250707_214822_658604.csv,True,False,False,1751925379.8232613,658532.253742218
14349,1751924721.291239,1751924874.967198,batch_consumer-sts-0_20250707_214822_658604.csv,True,False,False,1751925379.8232613,658532.0222377777
14359,1751924721.291474,1751924874.9922934,batch_consumer-sts-0_20250707_214822_658604.csv,True,False,False,1751925379.8232613,658531.7871570587
14369,1751924721.2917078,1751924875.016317,batch_consumer-sts-0_20250707_214822_658604.csv,True,False,False,1751925379.8232613,658531.5535068512
14379,1751924721.2919416,1751924875.039992,batch_consumer-sts-0_20250707_214822_658604.csv,True,False,False,1751925379.8232613,658531.3196182251
14389,1751924721.292169,1751924875.0661514,batch_consumer-sts-0_20250707_214822_658604.csv,True,False,False,1751925379.8232613,658531.0921669006
14399,1751924721.292403,1751924875.093406,batch_consumer-sts-0_20250707_214822_658604.csv,True,False,False,1751925379.8232613,658530.8582782745
14409,1751924721.2926383,1751924875.1173625,batch_consumer-sts-0_20250707_214822_658604.csv,True,False,False,1751925379.8232613,658530.622959137
14419,1751924721.292884,1751924875.142754,batch_consumer-sts-0_20250707_214822_658604.csv,True,False,False,1751925379.8232613,658530.3771495819
14429,1751924721.2931194,1751924875.167818,batch_consumer-sts-0_20250707_214822_658604.csv,True,False,False,1751925379.8232613,658530.1418304443
14439,1751924721.293351,1751924875.1926806,batch_consumer-sts-0_20250707_214822_658604.csv,True,False,False,1751925379.8232613,658529.910326004
14449,1751924721.2935936,1751924875.7443097,batch_consumer-sts-0_20250707_214822_658604.csv,True,False,False,1751925379.8232613,658529.6676158905
14459,1751924721.2938254,1751924875.8096373,batch_consumer-sts-0_20250707_214822_658604.csv,True,False,False,1751925379.8232613,658529.4358730316
14469,1751924721.294062,1751924875.8787827,batch_consumer-sts-0_20250707_214822_658604.csv,True,False,False,1751925379.8232613,658529.1993618011
14479,1751924721.2943065,1751924875.9505205,batch_consumer-sts-0_20250707_214822_658604.csv,True,False,False,1751925379.8232613,658528.954744339
14489,1751924721.2945442,1751924876.0257971,batch_consumer-sts-0_20250707_214822_658604.csv,True,False,False,1751925379.8232613,658528.7170410156
14499,1751924721.294774,1751924876.1054494,batch_consumer-sts-0_20250707_214822_658604.csv,True,False,False,1751925379.8232613,658528.4872055054
14509,1751924721.295009,1751924876.1891596,batch_consumer-sts-0_20250707_214822_658604.csv,True,False,False,1751925379.8232613,658528.252363205
14519,1751924721.2952907,1751924876.2763386,batch_consumer-sts-0_20250707_214822_658604.csv,True,False,False,1751925379.8232613,658527.9705524445
14529,1751924721.2955618,1751924876.367442,batch_consumer-sts-0_20250707_214822_658604.csv,True,False,False,1751925379.8232613,658527.69947052
14539,1751924721.2957923,1751924876.4634058,batch_consumer-sts-0_20250707_214822_658604.csv,True,False,False,1751925379.8232613,658527.468919754
14549,1751924721.2960224,1751924876.5640829,batch_consumer-sts-0_20250707_214822_658604.csv,True,False,False,1751925379.8232613,658527.2388458252
14559,1751924721.2962582,1751924876.6655354,batch_consumer-sts-0_20250707_214822_658604.csv,True,False,False,1751925379.8232613,658527.0030498505
14569,1751924721.2964935,1751924876.7735329,batch_consumer-sts-0_20250707_214822_658604.csv,True,False,False,1751925379.8232613,658526.7677307129
14579,1751924721.296729,1751924876.8899257,batch_consumer-sts-0_20250707_214822_658604.csv,True,False,False,1751925379.8232613,658526.5321731567
14589,1751924721.296959,1751924877.0116715,batch_consumer-sts-0_20250707_214822_658604.csv,True,False,False,1751925379.8232613,658526.3023376465
14599,1751924721.2971878,1751924877.134405,batch_consumer-sts-0_20250707_214822_658604.csv,True,False,False,1751925379.8232613,658526.0734558105
14609,1751924721.2974122,1751924877.2240925,batch_consumer-sts-0_20250707_214822_658604.csv,True,False,False,1751925379.8232613,658525.8491039276
14619,1751924721.2976477,1751924877.3151245,batch_consumer-sts-0_20250707_214822_658604.csv,True,False,False,1751925379.8232613,658525.6135463715
14629,1751924721.297884,1751924877.4077728,batch_consumer-sts-0_20250707_214822_658604.csv,True,False,False,1751925379.8232613,658525.3772735596
14639,1751924721.298117,1751924877.5013428,batch_consumer-sts-0_20250707_214822_658604.csv,True,False,False,1751925379.8232613,658525.1443386078
14649,1751924721.298385,1751924877.5948522,batch_consumer-sts-0_20250707_214822_658604.csv,True,False,False,1751925379.8232613,658524.8763561249
14659,1751924721.2986352,1751924877.690527,batch_consumer-sts-0_20250707_214822_658604.csv,True,False,False,1751925379.8232613,658524.6260166168
14669,1751924721.2988546,1751924878.2556648,batch_consumer-sts-0_20250707_214822_658604.csv,True,False,False,1751925379.8232613,658524.406671524
14679,1751924721.2990885,1751924878.549412,batch_consumer-sts-0_20250707_214822_658604.csv,True,False,False,1751925379.8232613,658524.172782898
14689,1751924721.2993252,1751924878.6476705,batch_consumer-sts-0_20250707_214822_658604.csv,True,False,False,1751925379.8232613,658523.9360332489
14699,1751924721.2995543,1751924878.7474132,batch_consumer-sts-0_20250707_214822_658604.csv,True,False,False,1751925379.8232613,658523.7069129944
14709,1751924721.2997863,1751924878.847065,batch_consumer-sts-0_20250707_214822_658604.csv,True,False,False,1751925379.8232613,658523.4749317169
14719,1751924721.300019,1751924878.9482963,batch_consumer-sts-0_20250707_214822_658604.csv,True,False,False,1751925379.8232613,658523.2422351837
14729,1751924721.3002565,1751924879.0493886,batch_consumer-sts-0_20250707_214822_658604.csv,True,False,False,1751925379.8232613,658523.0047702789
14739,1751924721.3004875,1751924879.150823,batch_consumer-sts-0_20250707_214822_658604.csv,True,False,False,1751925379.8232613,658522.7737426758
14749,1751924721.3007307,1751924879.2522528,batch_consumer-sts-0_20250707_214822_658604.csv,True,False,False,1751925379.8232613,658522.5305557251
14759,1751924721.3009243,1751924879.354203,batch_consumer-sts-0_20250707_214822_658604.csv,True,False,False,1751925379.8232613,658522.3369598389
14769,1751924721.3011055,1751924879.4563067,batch_consumer-sts-0_20250707_214822_658604.csv,True,False,False,1751925379.8232613,658522.1557617188
14779,1751924721.301288,1751924879.5576625,batch_consumer-sts-0_20250707_214822_658604.csv,True,False,False,1751925379.8232613,658521.9733715057
14789,1751924721.30147,1751924879.660742,batch_consumer-sts-0_20250707_214822_658604.csv,True,False,False,1751925379.8232613,658521.7912197113
14799,1751924721.3016589,1751924879.763806,batch_consumer-sts-0_20250707_214822_658604.csv,True,False,False,1751925379.8232613,658521.6023921967
14809,1751924721.301854,1751924879.867251,batch_consumer-sts-0_20250707_214822_658604.csv,True,False,False,1751925379.8232613,658521.407365799
14819,1751924721.30204,1751924879.9715192,batch_consumer-sts-0_20250707_214822_658604.csv,True,False,False,1751925379.8232613,658521.2211608887
14829,1751924721.302258,1751924881.0782125,batch_consumer-sts-0_20250707_214822_658604.csv,True,False,False,1751925379.8232613,658521.0032463074
14839,1751924721.3025055,1751924881.1879165,batch_consumer-sts-0_20250707_214822_658604.csv,True,False,False,1751925379.8232613,658520.7557678223
14849,1751924721.3027358,1751924881.2955265,batch_consumer-sts-0_20250707_214822_658604.csv,True,False,False,1751925379.8232613,658520.5254554749
14859,1751924721.3029642,1751924881.405225,batch_consumer-sts-0_20250707_214822_658604.csv,True,False,False,1751925379.8232613,658520.2970504761
14869,1751924721.303196,1751924881.5138,batch_consumer-sts-0_20250707_214822_658604.csv,True,False,False,1751925379.8232613,658520.0653076172
14879,1751924721.303422,1751924881.6229427,batch_consumer-sts-0_20250707_214822_658604.csv,True,False,False,1751925379.8232613,658519.8392868042
14889,1751924721.3036509,1751924881.732672,batch_consumer-sts-0_20250707_214822_658604.csv,True,False,False,1751925379.8232613,658519.6104049683
14899,1751924721.303878,1751924881.8429732,batch_consumer-sts-0_20250707_214822_658604.csv,True,False,False,1751925379.8232613,658519.3831920624
14909,1751924721.3041036,1751924881.9539614,batch_consumer-sts-0_20250707_214822_658604.csv,True,False,False,1751925379.8232613,658519.1576480865
14919,1751924721.3043256,1751924882.0646868,batch_consumer-sts-0_20250707_214822_658604.csv,True,False,False,1751925379.8232613,658518.9356803894
14929,1751924721.304556,1751924882.1836035,batch_consumer-sts-0_20250707_214822_658604.csv,True,False,False,1751925379.8232613,658518.705368042
14939,1751924721.304787,1751924882.2949977,batch_consumer-sts-0_20250707_214822_658604.csv,True,False,False,1751925379.8232613,658518.4743404388
14949,1751924721.3050172,1751924882.407271,batch_consumer-sts-0_20250707_214822_658604.csv,True,False,False,1751925379.8232613,658518.2440280914
14959,1751924721.305259,1751924882.5187044,batch_consumer-sts-0_20250707_214822_658604.csv,True,False,False,1751925379.8232613,658518.0022716522
14969,1751924721.3054864,1751924882.6313024,batch_consumer-sts-0_20250707_214822_658604.csv,True,False,False,1751925379.8232613,658517.7748203278
14979,1751924721.3057184,1751924882.7434375,batch_consumer-sts-0_20250707_214822_658604.csv,True,False,False,1751925379.8232613,658517.5428390503
14989,1751924721.305946,1751924882.8565414,batch_consumer-sts-0_20250707_214822_658604.csv,True,False,False,1751925379.8232613,658517.3151493073
14999,1751924721.306209,1751924883.0570595,batch_consumer-sts-0_20250707_214822_658604.csv,True,False,False,1751925379.8232613,658517.0521736145
15009,1751924721.3064485,1751924883.341035,batch_consumer-sts-0_20250707_214822_658604.csv,True,False,False,1751925379.8232613,658516.8128013611
15019,1751924721.306682,1751924883.4584482,batch_consumer-sts-0_20250707_214822_658604.csv,True,False,False,1751925379.8232613,658516.5791511536
15029,1751924721.306919,1751924883.573907,batch_consumer-sts-0_20250707_214822_658604.csv,True,False,False,1751925379.8232613,658516.3421630859
15039,1751924721.3071449,1751924883.6887105,batch_consumer-sts-0_20250707_214822_658604.csv,True,False,False,1751925379.8232613,658516.1163806915
15049,1751924721.307375,1751924883.8040967,batch_consumer-sts-0_20250707_214822_658604.csv,True,False,False,1751925379.8232613,658515.8863067627
15059,1751924721.3076062,1751924883.9192204,batch_consumer-sts-0_20250707_214822_658604.csv,True,False,False,1751925379.8232613,658515.655040741
15069,1751924721.3078492,1751924884.034284,batch_consumer-sts-0_20250707_214822_658604.csv,True,False,False,1751925379.8232613,658515.4120922089
15079,1751924721.3080857,1751924884.1510627,batch_consumer-sts-0_20250707_214822_658604.csv,True,False,False,1751925379.8232613,658515.1755809784
15089,1751924721.3083177,1751924884.268017,batch_consumer-sts-0_20250707_214822_658604.csv,True,False,False,1751925379.8232613,658514.9435997009
15099,1751924721.3085508,1751924884.3858695,batch_consumer-sts-0_20250707_214822_658604.csv,True,False,False,1751925379.8232613,658514.7104263306
15109,1751924721.308782,1751924884.503549,batch_consumer-sts-0_20250707_214822_658604.csv,True,False,False,1751925379.8232613,658514.4791603088
15119,1751924721.3093104,1751924884.6206784,batch_consumer-sts-0_20250707_214822_658604.csv,True,False,False,1751925379.8232613,658513.9508247375
15129,1751924721.3095424,1751924884.738147,batch_consumer-sts-0_20250707_214822_658604.csv,True,False,False,1751925379.8232613,658513.7188434601
15139,1751924721.3097851,1751924884.8591182,batch_consumer-sts-0_20250707_214822_658604.csv,True,False,False,1751925379.8232613,658513.4761333466
15149,1751924721.3100097,1751924884.9773026,batch_consumer-sts-0_20250707_214822_658604.csv,True,False,False,1751925379.8232613,658513.251543045
15159,1751924721.3102558,1751924885.0950296,batch_consumer-sts-0_20250707_214822_658604.csv,True,False,False,1751925379.8232613,658513.0054950714
15169,1751924721.3104832,1751924885.2124672,batch_consumer-sts-0_20250707_214822_658604.csv,True,False,False,1751925379.8232613,658512.778043747
48649,1751924722.2642446,1751924885.3302057,batch_consumer-sts-0_20250707_214822_658604.csv,True,False,False,1751925379.8232613,657559.0167045593
48659,1751924722.2644875,1751924885.4494026,batch_consumer-sts-0_20250707_214822_658604.csv,True,False,False,1751925379.8232613,657558.7737560272
48669,1751924722.2647183,1751924885.5687103,batch_consumer-sts-0_20250707_214822_658604.csv,True,False,False,1751925379.8232613,657558.5429668427
48679,1751924722.2649388,1751924885.6873891,batch_consumer-sts-0_20250707_214822_658604.csv,True,False,False,1751925379.8232613,657558.322429657
48689,1751924722.2651646,1751924886.0178983,batch_consumer-sts-0_20250707_214822_658604.csv,True,False,False,1751925379.8232613,657558.0966472626
48699,1751924722.2653935,1751924887.1427057,batch_consumer-sts-0_20250707_214822_658604.csv,True,False,False,1751925379.8232613,657557.8677654266
48709,1751924722.2656193,1751924887.2658467,batch_consumer-sts-0_20250707_214822_658604.csv,True,False,False,1751925379.8232613,657557.6419830322
48719,1751924722.265849,1751924887.3890843,batch_consumer-sts-0_20250707_214822_658604.csv,True,False,False,1751925379.8232613,657557.412147522
48729,1751924722.2660837,1751924887.5107603,batch_consumer-sts-0_20250707_214822_658604.csv,True,False,False,1751925379.8232613,657557.1775436401
48739,1751924722.266324,1751924887.633839,batch_consumer-sts-0_20250707_214822_658604.csv,True,False,False,1751925379.8232613,657556.9372177124
48749,1751924722.2665577,1751924887.761462,batch_consumer-sts-0_20250707_214822_658604.csv,True,False,False,1751925379.8232613,657556.7035675049
48759,1751924722.2667933,1751924887.8846374,batch_consumer-sts-0_20250707_214822_658604.csv,True,False,False,1751925379.8232613,657556.4680099487
48769,1751924722.2670202,1751924887.9717748,batch_consumer-sts-0_20250707_214822_658604.csv,True,False,False,1751925379.8232613,657556.2410354614
48779,1751924722.267255,1751924888.583012,batch_consumer-sts-0_20250707_214822_658604.csv,True,False,False,1751925379.8232613,657556.006193161
48789,1751924722.2674875,1751924888.6490924,batch_consumer-sts-0_20250707_214822_658604.csv,True,False,False,1751925379.8232613,657555.7737350464
48799,1751924722.2677133,1751924888.714251,batch_consumer-sts-0_20250707_214822_658604.csv,True,False,False,1751925379.8232613,657555.547952652
48809,1751924722.2679472,1751924888.7808084,batch_consumer-sts-0_20250707_214822_658604.csv,True,False,False,1751925379.8232613,657555.3140640259
48819,1751924722.2681758,1751924888.8471932,batch_consumer-sts-0_20250707_214822_658604.csv,True,False,False,1751925379.8232613,657555.0854206085
48829,1751924722.268401,1751924888.9134955,batch_consumer-sts-0_20250707_214822_658604.csv,True,False,False,1751925379.8232613,657554.8603534698
48839,1751924722.268629,1751924888.9833884,batch_consumer-sts-0_20250707_214822_658604.csv,True,False,False,1751925379.8232613,657554.6321868896
48849,1751924722.2688558,1751924889.0513945,batch_consumer-sts-0_20250707_214822_658604.csv,True,False,False,1751925379.8232613,657554.4054508209
48859,1751924722.269083,1751924889.1166008,batch_consumer-sts-0_20250707_214822_658604.csv,True,False,False,1751925379.8232613,657554.178237915
48869,1751924722.2693074,1751924889.184175,batch_consumer-sts-0_20250707_214822_658604.csv,True,False,False,1751925379.8232613,657553.9538860321
48879,1751924722.269534,1751924889.2511706,batch_consumer-sts-0_20250707_214822_658604.csv,True,False,False,1751925379.8232613,657553.7271499634
48889,1751924722.2697682,1751924889.3173244,batch_consumer-sts-0_20250707_214822_658604.csv,True,False,False,1751925379.8232613,657553.4930229187
48899,1751924722.269998,1751924889.3826735,batch_consumer-sts-0_20250707_214822_658604.csv,True,False,False,1751925379.8232613,657553.2631874084
48909,1751924722.2702284,1751924889.444373,batch_consumer-sts-0_20250707_214822_658604.csv,True,False,False,1751925379.8232613,657553.032875061
48919,1751924722.2704582,1751924889.49296,batch_consumer-sts-0_20250707_214822_658604.csv,True,False,False,1751925379.8232613,657552.8030395508
48929,1751924722.2706876,1751924889.5448606,batch_consumer-sts-0_20250707_214822_658604.csv,True,False,False,1751925379.8232613,657552.5736808777
48939,1751924722.2709098,1751924889.594989,batch_consumer-sts-0_20250707_214822_658604.csv,True,False,False,1751925379.8232613,657552.351474762
48949,1751924722.2711415,1751924889.6463263,batch_consumer-sts-0_20250707_214822_658604.csv,True,False,False,1751925379.8232613,657552.1197319031
48959,1751924722.2713728,1751924889.696652,batch_consumer-sts-0_20250707_214822_658604.csv,True,False,False,1751925379.8232613,657551.8884658813
48969,1751924722.2716074,1751924889.7470949,batch_consumer-sts-0_20250707_214822_658604.csv,True,False,False,1751925379.8232613,657551.6538619995
48979,1751924722.2718515,1751924889.7979012,batch_consumer-sts-0_20250707_214822_658604.csv,True,False,False,1751925379.8232613,657551.4097213745
48989,1751924722.2720857,1751924889.8484912,batch_consumer-sts-0_20250707_214822_658604.csv,True,False,False,1751925379.8232613,657551.1755943298
48999,1751924722.2723143,1751924889.8986125,batch_consumer-sts-0_20250707_214822_658604.csv,True,False,False,1751925379.8232613,657550.9469509125
49009,1751924722.272544,1751924889.9518626,batch_consumer-sts-0_20250707_214822_658604.csv,True,False,False,1751925379.8232613,657550.7173538208
49019,1751924722.272772,1751924890.0026374,batch_consumer-sts-0_20250707_214822_658604.csv,True,False,False,1751925379.8232613,657550.4891872406
49029,1751924722.2729986,1751924890.053012,batch_consumer-sts-0_20250707_214822_658604.csv,True,False,False,1751925379.8232613,657550.2626895905
49039,1751924722.273225,1751924890.1030908,batch_consumer-sts-0_20250707_214822_658604.csv,True,False,False,1751925379.8232613,657550.0361919403
49049,1751924722.2734623,1751924890.154861,batch_consumer-sts-0_20250707_214822_658604.csv,True,False,False,1751925379.8232613,657549.7989654541
49059,1751924722.2736976,1751924890.2065983,batch_consumer-sts-0_20250707_214822_658604.csv,True,False,False,1751925379.8232613,657549.5636463165
49069,1751924722.2739289,1751924890.251302,batch_consumer-sts-0_20250707_214822_658604.csv,True,False,False,1751925379.8232613,657549.3323802948
49079,1751924722.2741733,1751924890.27825,batch_consumer-sts-0_20250707_214822_658604.csv,True,False,False,1751925379.8232613,657549.0880012512
49089,1751924722.2744012,1751924890.3018248,batch_consumer-sts-0_20250707_214822_658604.csv,True,False,False,1751925379.8232613,657548.8600730896
49099,1751924722.2746294,1751924890.3268368,batch_consumer-sts-0_20250707_214822_658604.csv,True,False,False,1751925379.8232613,657548.6319065094
49109,1751924722.274868,1751924890.3519137,batch_consumer-sts-0_20250707_214822_658604.csv,True,False,False,1751925379.8232613,657548.3932495117
49119,1751924722.2751043,1751924890.3783646,batch_consumer-sts-0_20250707_214822_658604.csv,True,False,False,1751925379.8232613,657548.1569766998
49129,1751924722.2753382,1751924890.4036224,batch_consumer-sts-0_20250707_214822_658604.csv,True,False,False,1751925379.8232613,657547.9230880737
49139,1751924722.2755806,1751924890.429526,batch_consumer-sts-0_20250707_214822_658604.csv,True,False,False,1751925379.8232613,657547.6806163788
49149,1751924722.2758164,1751924890.4549606,batch_consumer-sts-0_20250707_214822_658604.csv,True,False,False,1751925379.8232613,657547.444820404
49159,1751924722.2760444,1751924890.4812682,batch_consumer-sts-0_20250707_214822_658604.csv,True,False,False,1751925379.8232613,657547.2168922424
49169,1751924722.2762957,1751924890.5047483,batch_consumer-sts-0_20250707_214822_658604.csv,True,False,False,1751925379.8232613,657546.9655990601
49179,1751924722.276534,1751924890.5296488,batch_consumer-sts-0_20250707_214822_658604.csv,True,False,False,1751925379.8232613,657546.727180481
49189,1751924722.276766,1751924890.554808,batch_consumer-sts-0_20250707_214822_658604.csv,True,False,False,1751925379.8232613,657546.4951992035
49199,1751924722.2772398,1751924890.5800495,batch_consumer-sts-0_20250707_214822_658604.csv,True,False,False,1751925379.8232613,657546.0214614868
49209,1751924722.2774794,1751924890.6045504,batch_consumer-sts-0_20250707_214822_658604.csv,True,False,False,1751925379.8232613,657545.7818508148
49219,1751924722.2777116,1751924890.6296673,batch_consumer-sts-0_20250707_214822_658604.csv,True,False,False,1751925379.8232613,657545.5496311188
49229,1751924722.2779431,1751924890.6549566,batch_consumer-sts-0_20250707_214822_658604.csv,True,False,False,1751925379.8232613,657545.3181266785
49239,1751924722.2781818,1751924890.680567,batch_consumer-sts-0_20250707_214822_658604.csv,True,False,False,1751925379.8232613,657545.0794696808
49249,1751924722.2784324,1751924890.705175,batch_consumer-sts-0_20250707_214822_658604.csv,True,False,False,1751925379.8232613,657544.8288917542
49259,1751924722.2786603,1751924890.729874,batch_consumer-sts-0_20250707_214822_658604.csv,True,False,False,1751925379.8232613,657544.6009635925
49269,1751924722.2788968,1751924890.7548778,batch_consumer-sts-0_20250707_214822_658604.csv,True,False,False,1751925379.8232613,657544.3644523621
49279,1751924722.2791247,1751924890.7806327,batch_consumer-sts-0_20250707_214822_658604.csv,True,False,False,1751925379.8232613,657544.1365242004
49289,1751924722.2793634,1751924890.805419,batch_consumer-sts-0_20250707_214822_658604.csv,True,False,False,1751925379.8232613,657543.8978672028
49299,1751924722.2795968,1751924891.0249667,batch_consumer-sts-0_20250707_214822_658604.csv,True,False,False,1751925379.8232613,657543.6644554138
49309,1751924722.2798252,1751924891.0491743,batch_consumer-sts-0_20250707_214822_658604.csv,True,False,False,1751925379.8232613,657543.436050415
49319,1751924722.2800589,1751924891.3973873,batch_consumer-sts-0_20250707_214822_658604.csv,True,False,False,1751925379.8232613,657543.2024002075
49329,1751924722.2802875,1751924891.4251914,batch_consumer-sts-0_20250707_214822_658604.csv,True,False,False,1751925379.8232613,657542.9737567902
49339,1751924722.280517,1751924891.4501407,batch_consumer-sts-0_20250707_214822_658604.csv,True,False,False,1751925379.8232613,657542.7441596985
49349,1751924722.2807522,1751924891.4741323,batch_consumer-sts-0_20250707_214822_658604.csv,True,False,False,1751925379.8232613,657542.5090789795
49359,1751924722.2809796,1751924891.4990313,batch_consumer-sts-0_20250707_214822_658604.csv,True,False,False,1751925379.8232613,657542.281627655
49369,1751924722.2812145,1751924891.5291617,batch_consumer-sts-0_20250707_214822_658604.csv,True,False,False,1751925379.8232613,657542.0467853546
49379,1751924722.2814486,1751924891.5539136,batch_consumer-sts-0_20250707_214822_658604.csv,True,False,False,1751925379.8232613,657541.8126583099
49389,1751924722.281679,1751924891.5792742,batch_consumer-sts-0_20250707_214822_658604.csv,True,False,False,1751925379.8232613,657541.5823459625
49399,1751924722.2818992,1751924891.602869,batch_consumer-sts-0_20250707_214822_658604.csv,True,False,False,1751925379.8232613,657541.3620471954
49409,1751924722.2821305,1751924891.6327484,batch_consumer-sts-0_20250707_214822_658604.csv,True,False,False,1751925379.8232613,657541.1307811737
49419,1751924722.2823713,1751924891.6581163,batch_consumer-sts-0_20250707_214822_658604.csv,True,False,False,1751925379.8232613,657540.8899784088
49429,1751924722.2826188,1751924891.6826715,batch_consumer-sts-0_20250707_214822_658604.csv,True,False,False,1751925379.8232613,657540.6424999237
49439,1751924722.2830307,1751924891.7074046,batch_consumer-sts-0_20250707_214822_658604.csv,True,False,False,1751925379.8232613,657540.230512619
49449,1751924722.283433,1751924891.732635,batch_consumer-sts-0_20250707_214822_658604.csv,True,False,False,1751925379.8232613,657539.8283004761
49459,1751924722.283841,1751924891.759634,batch_consumer-sts-0_20250707_214822_658604.csv,True,False,False,1751925379.8232613,657539.4203662872
49469,1751924722.2842767,1751924891.7845528,batch_consumer-sts-0_20250707_214822_658604.csv,True,False,False,1751925379.8232613,657538.9845371246
49479,1751924722.2846737,1751924891.8087234,batch_consumer-sts-0_20250707_214822_658604.csv,True,False,False,1751925379.8232613,657538.5875701904
49489,1751924722.2850845,1751924891.833518,batch_consumer-sts-0_20250707_214822_658604.csv,True,False,False,1751925379.8232613,657538.1767749786
49499,1751924722.2855034,1751924892.8603034,batch_consumer-sts-0_20250707_214822_658604.csv,True,False,False,1751925379.8232613,657537.7578735352
49509,1751924722.285913,1751924892.8914394,batch_consumer-sts-0_20250707_214822_658604.csv,True,False,False,1751925379.8232613,657537.3482704163
49519,1751924722.28634,1751924892.9156237,batch_consumer-sts-0_20250707_214822_658604.csv,True,False,False,1751925379.8232613,657536.9212627411
49529,1751924722.2867522,1751924892.9409995,batch_consumer-sts-0_20250707_214822_658604.csv,True,False,False,1751925379.8232613,657536.5090370178
49539,1751924722.2871592,1751924892.965972,batch_consumer-sts-0_20250707_214822_658604.csv,True,False,False,1751925379.8232613,657536.1020565033
49549,1751924722.2875657,1751924892.99109,batch_consumer-sts-0_20250707_214822_658604.csv,True,False,False,1751925379.8232613,657535.6955528259
49559,1751924722.2879992,1751924893.0154035,batch_consumer-sts-0_20250707_214822_658604.csv,True,False,False,1751925379.8232613,657535.2621078491
49569,1751924722.288422,1751924893.0431418,batch_consumer-sts-0_20250707_214822_658604.csv,True,False,False,1751925379.8232613,657534.8391532898
49579,1751924722.2888317,1751924893.0681102,batch_consumer-sts-0_20250707_214822_658604.csv,True,False,False,1751925379.8232613,657534.4295501709
49589,1751924722.289243,1751924893.0927858,batch_consumer-sts-0_20250707_214822_658604.csv,True,False,False,1751925379.8232613,657534.018278122
49599,1751924722.2896614,1751924893.1168587,batch_consumer-sts-0_20250707_214822_658604.csv,True,False,False,1751925379.8232613,657533.5998535156
49609,1751924722.2900777,1751924893.2489984,batch_consumer-sts-0_20250707_214822_658604.csv,True,False,False,1751925379.8232613,657533.1835746765
49619,1751924722.2905006,1751924893.2751424,batch_consumer-sts-0_20250707_214822_658604.csv,True,False,False,1751925379.8232613,657532.7606201172
49629,1751924722.2909105,1751924893.300798,batch_consumer-sts-0_20250707_214822_658604.csv,True,False,False,1751925379.8232613,657532.3507785797
49639,1751924722.2913263,1751924893.325563,batch_consumer-sts-0_20250707_214822_658604.csv,True,False,False,1751925379.8232613,657531.9349765778
49649,1751924722.2917292,1751924893.5212038,batch_consumer-sts-0_20250707_214822_658604.csv,True,False,False,1751925379.8232613,657531.5320491791
49659,1751924722.2921371,1751924893.546418,batch_consumer-sts-0_20250707_214822_658604.csv,True,False,False,1751925379.8232613,657531.1241149902
49669,1751924722.292562,1751924893.5717747,batch_consumer-sts-0_20250707_214822_658604.csv,True,False,False,1751925379.8232613,657530.6992530823
49679,1751924722.2929423,1751924893.596449,batch_consumer-sts-0_20250707_214822_658604.csv,True,False,False,1751925379.8232613,657530.3189754486
49689,1751924722.2932615,1751924893.620932,batch_consumer-sts-0_20250707_214822_658604.csv,True,False,False,1751925379.8232613,657529.9997329712
49699,1751924722.2935796,1751924894.0528593,batch_consumer-sts-0_20250707_214822_658604.csv,True,False,False,1751925379.8232613,657529.6816825867
49709,1751924722.2939343,1751924894.0775585,batch_consumer-sts-0_20250707_214822_658604.csv,True,False,False,1751925379.8232613,657529.326915741
49719,1751924722.2943225,1751924894.1022613,batch_consumer-sts-0_20250707_214822_658604.csv,True,False,False,1751925379.8232613,657528.9387702942
49729,1751924722.2947288,1751924894.1310558,batch_consumer-sts-0_20250707_214822_658604.csv,True,False,False,1751925379.8232613,657528.5325050354
49739,1751924722.2951531,1751924894.1558156,batch_consumer-sts-0_20250707_214822_658604.csv,True,False,False,1751925379.8232613,657528.1081199646
49749,1751924722.2955751,1751924894.1813197,batch_consumer-sts-0_20250707_214822_658604.csv,True,False,False,1751925379.8232613,657527.6861190796
49759,1751924722.2959964,1751924894.2066016,batch_consumer-sts-0_20250707_214822_658604.csv,True,False,False,1751925379.8232613,657527.2648334503
49769,1751924722.2964234,1751924894.2336051,batch_consumer-sts-0_20250707_214822_658604.csv,True,False,False,1751925379.8232613,657526.8378257751
49779,1751924722.2968414,1751924894.2596407,batch_consumer-sts-0_20250707_214822_658604.csv,True,False,False,1751925379.8232613,657526.419878006
49789,1751924722.2972584,1751924894.291397,batch_consumer-sts-0_20250707_214822_658604.csv,True,False,False,1751925379.8232613,657526.0028839111
49799,1751924722.2976663,1751924894.3163996,batch_consumer-sts-0_20250707_214822_658604.csv,True,False,False,1751925379.8232613,657525.5949497223
49809,1751924722.298086,1751924894.344502,batch_consumer-sts-0_20250707_214822_658604.csv,True,False,False,1751925379.8232613,657525.1753330231
49819,1751924722.2984989,1751924894.3705082,batch_consumer-sts-0_20250707_214822_658604.csv,True,False,False,1751925379.8232613,657524.7623920441
49829,1751924722.2989202,1751924894.3952837,batch_consumer-sts-0_20250707_214822_658604.csv,True,False,False,1751925379.8232613,657524.3411064148
49839,1751924722.299332,1751924894.4190383,batch_consumer-sts-0_20250707_214822_658604.csv,True,False,False,1751925379.8232613,657523.9293575287
49849,1751924722.2997658,1751924894.443762,batch_consumer-sts-0_20250707_214822_658604.csv,True,False,False,1751925379.8232613,657523.4954357147
49859,1751924722.3001869,1751924894.4701674,batch_consumer-sts-0_20250707_214822_658604.csv,True,False,False,1751925379.8232613,657523.074388504
49869,1751924722.3005986,1751924894.4962091,batch_consumer-sts-0_20250707_214822_658604.csv,True,False,False,1751925379.8232613,657522.6626396179
49879,1751924722.3010235,1751924894.5206902,batch_consumer-sts-0_20250707_214822_658604.csv,True,False,False,1751925379.8232613,657522.23777771
49889,1751924722.3014412,1751924894.546161,batch_consumer-sts-0_20250707_214822_658604.csv,True,False,False,1751925379.8232613,657521.8200683594
49899,1751924722.301895,1751924894.5716918,batch_consumer-sts-0_20250707_214822_658604.csv,True,False,False,1751925379.8232613,657521.3663578033
49909,1751924722.3023174,1751924894.5970137,batch_consumer-sts-0_20250707_214822_658604.csv,True,False,False,1751925379.8232613,657520.9438800812
49919,1751924722.3027248,1751924894.6231863,batch_consumer-sts-0_20250707_214822_658604.csv,True,False,False,1751925379.8232613,657520.5364227295
49929,1751924722.303139,1751924894.6490068,batch_consumer-sts-0_20250707_214822_658604.csv,True,False,False,1751925379.8232613,657520.1222896576
49939,1751924722.3035576,1751924894.6743815,batch_consumer-sts-0_20250707_214822_658604.csv,True,False,False,1751925379.8232613,657519.7036266327
49949,1751924722.30397,1751924894.6992235,batch_consumer-sts-0_20250707_214822_658604.csv,True,False,False,1751925379.8232613,657519.2911624908
54519,1751924722.4652476,1751924894.7293236,batch_consumer-sts-0_20250707_214822_658604.csv,True,False,False,1751925379.8232613,657358.0136299133
54529,1751924722.465693,1751924894.7578416,batch_consumer-sts-0_20250707_214822_658604.csv,True,False,False,1751925379.8232613,657357.5682640076
54539,1751924722.4661078,1751924894.784258,batch_consumer-sts-0_20250707_214822_658604.csv,True,False,False,1751925379.8232613,657357.1534156799
54549,1751924722.4665246,1751924894.8106058,batch_consumer-sts-0_20250707_214822_658604.csv,True,False,False,1751925379.8232613,657356.7366600037
54559,1751924722.4669309,1751924894.8349872,batch_consumer-sts-0_20250707_214822_658604.csv,True,False,False,1751925379.8232613,657356.3303947449
54569,1751924722.467352,1751924894.8628397,batch_consumer-sts-0_20250707_214822_658604.csv,True,False,False,1751925379.8232613,657355.9093475342
54579,1751924722.4677677,1751924894.8875144,batch_consumer-sts-0_20250707_214822_658604.csv,True,False,False,1751925379.8232613,657355.4935455322
54589,1751924722.4681756,1751924894.914759,batch_consumer-sts-0_20250707_214822_658604.csv,True,False,False,1751925379.8232613,657355.0856113434
54599,1751924722.4685953,1751924894.9404328,batch_consumer-sts-0_20250707_214822_658604.csv,True,False,False,1751925379.8232613,657354.6659946442
54609,1751924722.4690282,1751924894.966359,batch_consumer-sts-0_20250707_214822_658604.csv,True,False,False,1751925379.8232613,657354.2330265045
54619,1751924722.4694035,1751924894.9912648,batch_consumer-sts-0_20250707_214822_658604.csv,True,False,False,1751925379.8232613,657353.857755661
54629,1751924722.4697323,1751924895.015643,batch_consumer-sts-0_20250707_214822_658604.csv,True,False,False,1751925379.8232613,657353.5289764404
54639,1751924722.4700649,1751924895.0404766,batch_consumer-sts-0_20250707_214822_658604.csv,True,False,False,1751925379.8232613,657353.1963825226
54649,1751924722.4704635,1751924895.0662217,batch_consumer-sts-0_20250707_214822_658604.csv,True,False,False,1751925379.8232613,657352.7977466583
54659,1751924722.4709008,1751924895.0918565,batch_consumer-sts-0_20250707_214822_658604.csv,True,False,False,1751925379.8232613,657352.3604869843
54669,1751924722.4713032,1751924895.1162734,batch_consumer-sts-0_20250707_214822_658604.csv,True,False,False,1751925379.8232613,657351.9580364227
54679,1751924722.4716847,1751924895.1420002,batch_consumer-sts-0_20250707_214822_658604.csv,True,False,False,1751925379.8232613,657351.5765666962
54689,1751924722.4720354,1751924895.16861,batch_consumer-sts-0_20250707_214822_658604.csv,True,False,False,1751925379.8232613,657351.2258529663
54699,1751924722.4723382,1751924895.1934323,batch_consumer-sts-0_20250707_214822_658604.csv,True,False,False,1751925379.8232613,657350.9230613708
54709,1751924722.4726503,1751924895.218418,batch_consumer-sts-0_20250707_214822_658604.csv,True,False,False,1751925379.8232613,657350.6109714508
54719,1751924722.4729636,1751924895.2419982,batch_consumer-sts-0_20250707_214822_658604.csv,True,False,False,1751925379.8232613,657350.2976894379
54729,1751924722.4732769,1751924895.2670562,batch_consumer-sts-0_20250707_214822_658604.csv,True,False,False,1751925379.8232613,657349.9844074249
54739,1751924722.4736009,1751924895.291873,batch_consumer-sts-0_20250707_214822_658604.csv,True,False,False,1751925379.8232613,657349.6603965759
54749,1751924722.47391,1751924895.3163805,batch_consumer-sts-0_20250707_214822_658604.csv,True,False,False,1751925379.8232613,657349.3511676788
54759,1751924722.474298,1751924895.342742,batch_consumer-sts-0_20250707_214822_658604.csv,True,False,False,1751925379.8232613,657348.9632606506
54769,1751924722.4747224,1751924895.36893,batch_consumer-sts-0_20250707_214822_658604.csv,True,False,False,1751925379.8232613,657348.5388755798
54779,1751924722.4753127,1751924895.394335,batch_consumer-sts-0_20250707_214822_658604.csv,True,False,False,1751925379.8232613,657347.948551178
54789,1751924722.4757197,1751924895.4185295,batch_consumer-sts-0_20250707_214822_658604.csv,True,False,False,1751925379.8232613,657347.5415706635
54799,1751924722.476141,1751924895.4433303,batch_consumer-sts-0_20250707_214822_658604.csv,True,False,False,1751925379.8232613,657347.1202850342
54809,1751924722.4765422,1751924895.4683726,batch_consumer-sts-0_20250707_214822_658604.csv,True,False,False,1751925379.8232613,657346.7190265656
54819,1751924722.4769478,1751924895.4935565,batch_consumer-sts-0_20250707_214822_658604.csv,True,False,False,1751925379.8232613,657346.3134765625
54829,1751924722.4773557,1751924895.517892,batch_consumer-sts-0_20250707_214822_658604.csv,True,False,False,1751925379.8232613,657345.9055423737
54839,1751924722.477788,1751924895.5429697,batch_consumer-sts-0_20250707_214822_658604.csv,True,False,False,1751925379.8232613,657345.4732894897
54849,1751924722.4782135,1751924895.5702555,batch_consumer-sts-0_20250707_214822_658604.csv,True,False,False,1751925379.8232613,657345.047712326
54859,1751924722.478742,1751924895.59638,batch_consumer-sts-0_20250707_214822_658604.csv,True,False,False,1751925379.8232613,657344.5193767548
54869,1751924722.4791558,1751924895.6214175,batch_consumer-sts-0_20250707_214822_658604.csv,True,False,False,1751925379.8232613,657344.1054821014
54879,1751924722.4795852,1751924895.6474426,batch_consumer-sts-0_20250707_214822_658604.csv,True,False,False,1751925379.8232613,657343.6760902405
54889,1751924722.4800808,1751924895.6728156,batch_consumer-sts-0_20250707_214822_658604.csv,True,False,False,1751925379.8232613,657343.1804180145
54899,1751924722.4805074,1751924895.6975496,batch_consumer-sts-0_20250707_214822_658604.csv,True,False,False,1751925379.8232613,657342.7538871765
54909,1751924722.4809277,1751924895.724385,batch_consumer-sts-0_20250707_214822_658604.csv,True,False,False,1751925379.8232613,657342.3335552216
54919,1751924722.4813497,1751924895.749134,batch_consumer-sts-0_20250707_214822_658604.csv,True,False,False,1751925379.8232613,657341.9115543365
54929,1751924722.4817731,1751924895.7739396,batch_consumer-sts-0_20250707_214822_658604.csv,True,False,False,1751925379.8232613,657341.4881229401
54939,1751924722.4822023,1751924895.798864,batch_consumer-sts-0_20250707_214822_658604.csv,True,False,False,1751925379.8232613,657341.0589694977
54949,1751924722.4826145,1751924895.8228168,batch_consumer-sts-0_20250707_214822_658604.csv,True,False,False,1751925379.8232613,657340.6467437744
54959,1751924722.4830122,1751924895.847819,batch_consumer-sts-0_20250707_214822_658604.csv,True,False,False,1751925379.8232613,657340.2490615845
54969,1751924722.4834037,1751924895.8723106,batch_consumer-sts-0_20250707_214822_658604.csv,True,False,False,1751925379.8232613,657339.8575782776
54979,1751924722.4838047,1751924895.8967514,batch_consumer-sts-0_20250707_214822_658604.csv,True,False,False,1751925379.8232613,657339.4565582275
54989,1751924722.4842055,1751924895.921158,batch_consumer-sts-0_20250707_214822_658604.csv,True,False,False,1751925379.8232613,657339.0557765961
54999,1751924722.4846072,1751924895.9458475,batch_consumer-sts-0_20250707_214822_658604.csv,True,False,False,1751925379.8232613,657338.6540412903
55009,1751924722.4850235,1751924896.1759057,batch_consumer-sts-0_20250707_214822_658604.csv,True,False,False,1751925379.8232613,657338.2377624512
55019,1751924722.4854307,1751924896.201262,batch_consumer-sts-0_20250707_214822_658604.csv,True,False,False,1751925379.8232613,657337.8305435181
55029,1751924722.4858582,1751924896.225304,batch_consumer-sts-0_20250707_214822_658604.csv,True,False,False,1751925379.8232613,657337.4030590057
55039,1751924722.4862072,1751924896.251349,batch_consumer-sts-0_20250707_214822_658604.csv,True,False,False,1751925379.8232613,657337.0540142059
55049,1751924722.4866266,1751924896.2771096,batch_consumer-sts-0_20250707_214822_658604.csv,True,False,False,1751925379.8232613,657336.6346359253
55059,1751924722.487036,1751924896.302182,batch_consumer-sts-0_20250707_214822_658604.csv,True,False,False,1751925379.8232613,657336.225271225
55069,1751924722.4874668,1751924896.3261735,batch_consumer-sts-0_20250707_214822_658604.csv,True,False,False,1751925379.8232613,657335.7944488525
55079,1751924722.487783,1751924896.3511934,batch_consumer-sts-0_20250707_214822_658604.csv,True,False,False,1751925379.8232613,657335.4783058167
55089,1751924722.488106,1751924896.376226,batch_consumer-sts-0_20250707_214822_658604.csv,True,False,False,1751925379.8232613,657335.155248642
55099,1751924722.4884157,1751924896.4012136,batch_consumer-sts-0_20250707_214822_658604.csv,True,False,False,1751925379.8232613,657334.8455429077
55109,1751924722.488742,1751924896.426264,batch_consumer-sts-0_20250707_214822_658604.csv,True,False,False,1751925379.8232613,657334.5191478729
55119,1751924722.4890635,1751924896.4512565,batch_consumer-sts-0_20250707_214822_658604.csv,True,False,False,1751925379.8232613,657334.1977596283
55129,1751924722.489385,1751924896.4774349,batch_consumer-sts-0_20250707_214822_658604.csv,True,False,False,1751925379.8232613,657333.8763713837
55139,1751924722.4896958,1751924896.5015666,batch_consumer-sts-0_20250707_214822_658604.csv,True,False,False,1751925379.8232613,657333.5654735565
55149,1751924722.4900074,1751924896.5270512,batch_consumer-sts-0_20250707_214822_658604.csv,True,False,False,1751925379.8232613,657333.2538604736
55159,1751924722.49038,1751924896.5521624,batch_consumer-sts-0_20250707_214822_658604.csv,True,False,False,1751925379.8232613,657332.8812122345
55169,1751924722.4907885,1751924896.5773056,batch_consumer-sts-0_20250707_214822_658604.csv,True,False,False,1751925379.8232613,657332.4728012085
55179,1751924722.4912071,1751924896.60244,batch_consumer-sts-0_20250707_214822_658604.csv,True,False,False,1751925379.8232613,657332.0541381836
55189,1751924722.491597,1751924896.628991,batch_consumer-sts-0_20250707_214822_658604.csv,True,False,False,1751925379.8232613,657331.6643238068
55199,1751924722.491897,1751924896.6543624,batch_consumer-sts-0_20250707_214822_658604.csv,True,False,False,1751925379.8232613,657331.3641548157
55209,1751924722.492232,1751924896.6792977,batch_consumer-sts-0_20250707_214822_658604.csv,True,False,False,1751925379.8232613,657331.029176712
55219,1751924722.492651,1751924896.7051704,batch_consumer-sts-0_20250707_214822_658604.csv,True,False,False,1751925379.8232613,657330.6102752686
55229,1751924722.493065,1751924896.729482,batch_consumer-sts-0_20250707_214822_658604.csv,True,False,False,1751925379.8232613,657330.1961421967
55239,1751924722.4934738,1751924896.7548952,batch_consumer-sts-0_20250707_214822_658604.csv,True,False,False,1751925379.8232613,657329.7874927521
55249,1751924722.4938695,1751924896.779626,batch_consumer-sts-0_20250707_214822_658604.csv,True,False,False,1751925379.8232613,657329.3917179108
55259,1751924722.4942884,1751924896.804356,batch_consumer-sts-0_20250707_214822_658604.csv,True,False,False,1751925379.8232613,657328.9728164673
55269,1751924722.4947004,1751924896.8290155,batch_consumer-sts-0_20250707_214822_658604.csv,True,False,False,1751925379.8232613,657328.5608291626
55279,1751924722.495108,1751924896.854849,batch_consumer-sts-0_20250707_214822_658604.csv,True,False,False,1751925379.8232613,657328.1533718109
55289,1751924722.49555,1751924896.8796475,batch_consumer-sts-0_20250707_214822_658604.csv,True,False,False,1751925379.8232613,657327.7113437653
55299,1751924722.4959605,1751924896.9046254,batch_consumer-sts-0_20250707_214822_658604.csv,True,False,False,1751925379.8232613,657327.300786972
55309,1751924722.496389,1751924896.9291337,batch_consumer-sts-0_20250707_214822_658604.csv,True,False,False,1751925379.8232613,657326.8723487854
55319,1751924722.496801,1751924896.953789,batch_consumer-sts-0_20250707_214822_658604.csv,True,False,False,1751925379.8232613,657326.4603614807
55329,1751924722.4972098,1751924896.9784348,batch_consumer-sts-0_20250707_214822_658604.csv,True,False,False,1751925379.8232613,657326.0514736176
55339,1751924722.4976208,1751924897.0021095,batch_consumer-sts-0_20250707_214822_658604.csv,True,False,False,1751925379.8232613,657325.6404399872
55349,1751924722.498022,1751924897.0271552,batch_consumer-sts-0_20250707_214822_658604.csv,True,False,False,1751925379.8232613,657325.2391815186
55359,1751924722.498445,1751924897.052016,batch_consumer-sts-0_20250707_214822_658604.csv,True,False,False,1751925379.8232613,657324.8162269592
55369,1751924722.498872,1751924897.076511,batch_consumer-sts-0_20250707_214822_658604.csv,True,False,False,1751925379.8232613,657324.389219284
55379,1751924722.4992745,1751924897.1009011,batch_consumer-sts-0_20250707_214822_658604.csv,True,False,False,1751925379.8232613,657323.9867687225
55389,1751924722.4997082,1751924897.125232,batch_consumer-sts-0_20250707_214822_658604.csv,True,False,False,1751925379.8232613,657323.5530853271
55399,1751924722.5001168,1751924897.1488853,batch_consumer-sts-0_20250707_214822_658604.csv,True,False,False,1751925379.8232613,657323.1444358826
55409,1751924722.5005214,1751924897.1736553,batch_consumer-sts-0_20250707_214822_658604.csv,True,False,False,1751925379.8232613,657322.7398395538
55419,1751924722.5009212,1751924897.1984675,batch_consumer-sts-0_20250707_214822_658604.csv,True,False,False,1751925379.8232613,657322.3400115967
55429,1751924722.5013354,1751924897.2233455,batch_consumer-sts-0_20250707_214822_658604.csv,True,False,False,1751925379.8232613,657321.9258785248
55439,1751924722.5017676,1751924897.246951,batch_consumer-sts-0_20250707_214822_658604.csv,True,False,False,1751925379.8232613,657321.4936256409
55449,1751924722.5021863,1751924897.2717896,batch_consumer-sts-0_20250707_214822_658604.csv,True,False,False,1751925379.8232613,657321.074962616
55459,1751924722.502587,1751924898.2987542,batch_consumer-sts-0_20250707_214822_658604.csv,True,False,False,1751925379.8232613,657320.6741809845
55469,1751924722.502983,1751924898.5092545,batch_consumer-sts-0_20250707_214822_658604.csv,True,False,False,1751925379.8232613,657320.2781677246
55479,1751924722.5034232,1751924898.5345824,batch_consumer-sts-0_20250707_214822_658604.csv,True,False,False,1751925379.8232613,657319.8380470276
55489,1751924722.5037448,1751924898.5594509,batch_consumer-sts-0_20250707_214822_658604.csv,True,False,False,1751925379.8232613,657319.5164203644
55499,1751924722.5040486,1751924898.5842824,batch_consumer-sts-0_20250707_214822_658604.csv,True,False,False,1751925379.8232613,657319.2126750946
55509,1751924722.5043652,1751924898.6084726,batch_consumer-sts-0_20250707_214822_658604.csv,True,False,False,1751925379.8232613,657318.8960552216
55519,1751924722.5046732,1751924898.63353,batch_consumer-sts-0_20250707_214822_658604.csv,True,False,False,1751925379.8232613,657318.5880184174
55529,1751924722.504986,1751924898.6592598,batch_consumer-sts-0_20250707_214822_658604.csv,True,False,False,1751925379.8232613,657318.2752132416
55539,1751924722.5053434,1751924898.6866596,batch_consumer-sts-0_20250707_214822_658604.csv,True,False,False,1751925379.8232613,657317.9178237915
55549,1751924722.505684,1751924898.7110858,batch_consumer-sts-0_20250707_214822_658604.csv,True,False,False,1751925379.8232613,657317.5773620605
55559,1751924722.5060227,1751924898.735902,batch_consumer-sts-0_20250707_214822_658604.csv,True,False,False,1751925379.8232613,657317.2385692596
55569,1751924722.5064182,1751924898.760711,batch_consumer-sts-0_20250707_214822_658604.csv,True,False,False,1751925379.8232613,657316.8430328369
55579,1751924722.5068388,1751924898.9926183,batch_consumer-sts-0_20250707_214822_658604.csv,True,False,False,1751925379.8232613,657316.4224624634
55589,1751924722.5072403,1751924899.016599,batch_consumer-sts-0_20250707_214822_658604.csv,True,False,False,1751925379.8232613,657316.0209655762
55599,1751924722.507615,1751924899.0414643,batch_consumer-sts-0_20250707_214822_658604.csv,True,False,False,1751925379.8232613,657315.6461715698
55609,1751924722.5079298,1751924899.0663934,batch_consumer-sts-0_20250707_214822_658604.csv,True,False,False,1751925379.8232613,657315.3314590454
55619,1751924722.50827,1751924899.090847,batch_consumer-sts-0_20250707_214822_658604.csv,True,False,False,1751925379.8232613,657314.991235733
55629,1751924722.5087218,1751924899.1149714,batch_consumer-sts-0_20250707_214822_658604.csv,True,False,False,1751925379.8232613,657314.5394325256
55639,1751924722.5091386,1751924899.140863,batch_consumer-sts-0_20250707_214822_658604.csv,True,False,False,1751925379.8232613,657314.1226768494
55649,1751924722.5095458,1751924899.165709,batch_consumer-sts-0_20250707_214822_658604.csv,True,False,False,1751925379.8232613,657313.7154579163
55659,1751924722.5099597,1751924899.190885,batch_consumer-sts-0_20250707_214822_658604.csv,True,False,False,1751925379.8232613,657313.3015632629
55669,1751924722.5103798,1751924899.2154157,batch_consumer-sts-0_20250707_214822_658604.csv,True,False,False,1751925379.8232613,657312.8814697266
55679,1751924722.5107825,1751924899.240093,batch_consumer-sts-0_20250707_214822_658604.csv,True,False,False,1751925379.8232613,657312.4787807465
55689,1751924722.5111997,1751924899.264888,batch_consumer-sts-0_20250707_214822_658604.csv,True,False,False,1751925379.8232613,657312.061548233
55699,1751924722.5116198,1751924899.2895803,batch_consumer-sts-0_20250707_214822_658604.csv,True,False,False,1751925379.8232613,657311.6414546967
55709,1751924722.5120382,1751924899.3135629,batch_consumer-sts-0_20250707_214822_658604.csv,True,False,False,1751925379.8232613,657311.2230300903
55719,1751924722.5124512,1751924899.338535,batch_consumer-sts-0_20250707_214822_658604.csv,True,False,False,1751925379.8232613,657310.8100891113
55729,1751924722.512867,1751924899.3646986,batch_consumer-sts-0_20250707_214822_658604.csv,True,False,False,1751925379.8232613,657310.3942871094
55739,1751924722.513287,1751924899.3894684,batch_consumer-sts-0_20250707_214822_658604.csv,True,False,False,1751925379.8232613,657309.974193573
55749,1751924722.5136905,1751924899.4140346,batch_consumer-sts-0_20250707_214822_658604.csv,True,False,False,1751925379.8232613,657309.5707893372
55759,1751924722.5141108,1751924899.439355,batch_consumer-sts-0_20250707_214822_658604.csv,True,False,False,1751925379.8232613,657309.1504573822
55769,1751924722.5145347,1751924899.464548,batch_consumer-sts-0_20250707_214822_658604.csv,True,False,False,1751925379.8232613,657308.7265491486
55779,1751924722.5149488,1751924899.4890895,batch_consumer-sts-0_20250707_214822_658604.csv,True,False,False,1751925379.8232613,657308.3124160767
55789,1751924722.5153694,1751924899.5134668,batch_consumer-sts-0_20250707_214822_658604.csv,True,False,False,1751925379.8232613,657307.8918457031
55799,1751924722.5157857,1751924899.5381482,batch_consumer-sts-0_20250707_214822_658604.csv,True,False,False,1751925379.8232613,657307.475566864
55809,1751924722.5162003,1751924899.5630543,batch_consumer-sts-0_20250707_214822_658604.csv,True,False,False,1751925379.8232613,657307.060956955
55819,1751924722.516607,1751924899.5879412,batch_consumer-sts-0_20250707_214822_658604.csv,True,False,False,1751925379.8232613,657306.654214859
55829,1751924722.5170095,1751924899.6119983,batch_consumer-sts-0_20250707_214822_658604.csv,True,False,False,1751925379.8232613,657306.2517642975
55839,1751924722.5174265,1751924899.63861,batch_consumer-sts-0_20250707_214822_658604.csv,True,False,False,1751925379.8232613,657305.8347702026
55849,1751924722.51784,1751924899.664053,batch_consumer-sts-0_20250707_214822_658604.csv,True,False,False,1751925379.8232613,657305.4213523865
55859,1751924722.5182643,1751924899.6897776,batch_consumer-sts-0_20250707_214822_658604.csv,True,False,False,1751925379.8232613,657304.9969673157
55869,1751924722.5186796,1751924899.7146857,batch_consumer-sts-0_20250707_214822_658604.csv,True,False,False,1751925379.8232613,657304.5816421509
55879,1751924722.5190835,1751924899.7401352,batch_consumer-sts-0_20250707_214822_658604.csv,True,False,False,1751925379.8232613,657304.1777610779
55889,1751924722.5194714,1751924899.7650335,batch_consumer-sts-0_20250707_214822_658604.csv,True,False,False,1751925379.8232613,657303.7898540497
55899,1751924722.5197918,1751924899.7899632,batch_consumer-sts-0_20250707_214822_658604.csv,True,False,False,1751925379.8232613,657303.4694194794
55909,1751924722.5201137,1751924899.9284887,batch_consumer-sts-0_20250707_214822_658604.csv,True,False,False,1751925379.8232613,657303.1475543976
55919,1751924722.5204282,1751924899.953017,batch_consumer-sts-0_20250707_214822_658604.csv,True,False,False,1751925379.8232613,657302.8330802917
55929,1751924722.5207376,1751924899.9782834,batch_consumer-sts-0_20250707_214822_658604.csv,True,False,False,1751925379.8232613,657302.5236129761
55939,1751924722.5210607,1751924900.0020747,batch_consumer-sts-0_20250707_214822_658604.csv,True,False,False,1751925379.8232613,657302.2005558014
55949,1751924722.5213714,1751924900.0266516,batch_consumer-sts-0_20250707_214822_658604.csv,True,False,False,1751925379.8232613,657301.8898963928
55959,1751924722.5216873,1751924900.0513444,batch_consumer-sts-0_20250707_214822_658604.csv,True,False,False,1751925379.8232613,657301.5739917755
55969,1751924722.5219953,1751924900.075374,batch_consumer-sts-0_20250707_214822_658604.csv,True,False,False,1751925379.8232613,657301.2659549713
55979,1751924722.522377,1751924900.0997438,batch_consumer-sts-0_20250707_214822_658604.csv,True,False,False,1751925379.8232613,657300.8842468262
55989,1751924722.5227911,1751924900.126228,batch_consumer-sts-0_20250707_214822_658604.csv,True,False,False,1751925379.8232613,657300.4701137543
55999,1751924722.5231886,1751924900.1512868,batch_consumer-sts-0_20250707_214822_658604.csv,True,False,False,1751925379.8232613,657300.0726699829
56009,1751924722.523563,1751924900.17638,batch_consumer-sts-0_20250707_214822_658604.csv,True,False,False,1751925379.8232613,657299.6983528137
56019,1751924722.5238729,1751924900.2015357,batch_consumer-sts-0_20250707_214822_658604.csv,True,False,False,1751925379.8232613,657299.3884086609
56029,1751924722.5242648,1751924900.2265863,batch_consumer-sts-0_20250707_214822_658604.csv,True,False,False,1751925379.8232613,657298.9964485168
56039,1751924722.5246887,1751924900.252814,batch_consumer-sts-0_20250707_214822_658604.csv,True,False,False,1751925379.8232613,657298.5725402832
56049,1751924722.5250936,1751924900.2775223,batch_consumer-sts-0_20250707_214822_658604.csv,True,False,False,1751925379.8232613,657298.1677055359
56059,1751924722.5255022,1751924900.302596,batch_consumer-sts-0_20250707_214822_658604.csv,True,False,False,1751925379.8232613,657297.7590560913
56069,1751924722.5258963,1751924900.3276768,batch_consumer-sts-0_20250707_214822_658604.csv,True,False,False,1751925379.8232613,657297.36495018
56079,1751924722.5263278,1751924900.352487,batch_consumer-sts-0_20250707_214822_658604.csv,True,False,False,1751925379.8232613,657296.9334125519
56089,1751924722.5267894,1751924900.3776617,batch_consumer-sts-0_20250707_214822_658604.csv,True,False,False,1751925379.8232613,657296.4718341827
56099,1751924722.5272183,1751924900.4026818,batch_consumer-sts-0_20250707_214822_658604.csv,True,False,False,1751925379.8232613,657296.0429191589
56109,1751924722.527625,1751924900.4311693,batch_consumer-sts-0_20250707_214822_658604.csv,True,False,False,1751925379.8232613,657295.636177063
56119,1751924722.5280578,1751924900.4563534,batch_consumer-sts-0_20250707_214822_658604.csv,True,False,False,1751925379.8232613,657295.2034473419
56129,1751924722.528463,1751924900.4811628,batch_consumer-sts-0_20250707_214822_658604.csv,True,False,False,1751925379.8232613,657294.798374176
56139,1751924722.528874,1751924900.5056822,batch_consumer-sts-0_20250707_214822_658604.csv,True,False,False,1751925379.8232613,657294.3873405457
56149,1751924722.52931,1751924900.530903,batch_consumer-sts-0_20250707_214822_658604.csv,True,False,False,1751925379.8232613,657293.9512729645
56159,1751924722.529725,1751924900.5560656,batch_consumer-sts-0_20250707_214822_658604.csv,True,False,False,1751925379.8232613,657293.5361862183
56169,1751924722.53013,1751924900.5811346,batch_consumer-sts-0_20250707_214822_658604.csv,True,False,False,1751925379.8232613,657293.131351471
56179,1751924722.5305922,1751924900.605963,batch_consumer-sts-0_20250707_214822_658604.csv,True,False,False,1751925379.8232613,657292.6690578461
56189,1751924722.5309908,1751924900.6317508,batch_consumer-sts-0_20250707_214822_658604.csv,True,False,False,1751925379.8232613,657292.2704219818
56199,1751924722.5314138,1751924900.656717,batch_consumer-sts-0_20250707_214822_658604.csv,True,False,False,1751925379.8232613,657291.8474674225
56209,1751924722.531833,1751924900.6822815,batch_consumer-sts-0_20250707_214822_658604.csv,True,False,False,1751925379.8232613,657291.4283275604
56219,1751924722.5322423,1751924900.7069564,batch_consumer-sts-0_20250707_214822_658604.csv,True,False,False,1751925379.8232613,657291.0189628601
56229,1751924722.5326538,1751924900.7323291,batch_consumer-sts-0_20250707_214822_658604.csv,True,False,False,1751925379.8232613,657290.6074523926
56239,1751924722.5330732,1751924900.755857,batch_consumer-sts-0_20250707_214822_658604.csv,True,False,False,1751925379.8232613,657290.1880741119
56249,1751924722.5334828,1751924900.7806003,batch_consumer-sts-0_20250707_214822_658604.csv,True,False,False,1751925379.8232613,657289.778470993
56259,1751924722.5338967,1751924900.8050818,batch_consumer-sts-0_20250707_214822_658604.csv,True,False,False,1751925379.8232613,657289.3645763397
56269,1751924722.5343156,1751924900.829741,batch_consumer-sts-0_20250707_214822_658604.csv,True,False,False,1751925379.8232613,657288.9456748962
56279,1751924722.5347114,1751924900.854122,batch_consumer-sts-0_20250707_214822_658604.csv,True,False,False,1751925379.8232613,657288.5499000549
56289,1751924722.5351317,1751924900.8804257,batch_consumer-sts-0_20250707_214822_658604.csv,True,False,False,1751925379.8232613,657288.1295681
56299,1751924722.5355234,1751924900.904973,batch_consumer-sts-0_20250707_214822_658604.csv,True,False,False,1751925379.8232613,657287.7378463745
56309,1751924722.5358863,1751924900.9298697,batch_consumer-sts-0_20250707_214822_658604.csv,True,False,False,1751925379.8232613,657287.3749732971
56319,1751924722.5362074,1751924900.9547062,batch_consumer-sts-0_20250707_214822_658604.csv,True,False,False,1751925379.8232613,657287.0538234711
56329,1751924722.536521,1751924900.9795558,batch_consumer-sts-0_20250707_214822_658604.csv,True,False,False,1751925379.8232613,657286.7403030396
56339,1751924722.5368335,1751924901.004533,batch_consumer-sts-0_20250707_214822_658604.csv,True,False,False,1751925379.8232613,657286.4277362823
56349,1751924722.5371542,1751924901.0297475,batch_consumer-sts-0_20250707_214822_658604.csv,True,False,False,1751925379.8232613,657286.1070632935
56359,1751924722.5374677,1751924901.0562952,batch_consumer-sts-0_20250707_214822_658604.csv,True,False,False,1751925379.8232613,657285.7935428619
56369,1751924722.5377753,1751924901.412974,batch_consumer-sts-0_20250707_214822_658604.csv,True,False,False,1751925379.8232613,657285.4859828949
56379,1751924722.5380974,1751924901.4378474,batch_consumer-sts-0_20250707_214822_658604.csv,True,False,False,1751925379.8232613,657285.1638793945
56389,1751924722.5385158,1751924901.4628863,batch_consumer-sts-0_20250707_214822_658604.csv,True,False,False,1751925379.8232613,657284.7454547882
56399,1751924722.538937,1751924901.488814,batch_consumer-sts-0_20250707_214822_658604.csv,True,False,False,1751925379.8232613,657284.3241691589
56409,1751924722.5393443,1751924901.513231,batch_consumer-sts-0_20250707_214822_658604.csv,True,False,False,1751925379.8232613,657283.9169502258
56419,1751924722.5397122,1751924901.53846,batch_consumer-sts-0_20250707_214822_658604.csv,True,False,False,1751925379.8232613,657283.5490703583
56429,1751924722.540023,1751924901.563472,batch_consumer-sts-0_20250707_214822_658604.csv,True,False,False,1751925379.8232613,657283.2381725311
56439,1751924722.5403292,1751924901.5881786,batch_consumer-sts-0_20250707_214822_658604.csv,True,False,False,1751925379.8232613,657282.9320430756
56449,1751924722.5406578,1751924901.6122751,batch_consumer-sts-0_20250707_214822_658604.csv,True,False,False,1751925379.8232613,657282.6035022736
56459,1751924722.540979,1751924901.6389277,batch_consumer-sts-0_20250707_214822_658604.csv,True,False,False,1751925379.8232613,657282.2823524475
56469,1751924722.541288,1751924901.6639931,batch_consumer-sts-0_20250707_214822_658604.csv,True,False,False,1751925379.8232613,657281.973361969
56479,1751924722.5416296,1751924901.6886792,batch_consumer-sts-0_20250707_214822_658604.csv,True,False,False,1751925379.8232613,657281.6317081451
56489,1751924722.5420852,1751924901.7130065,batch_consumer-sts-0_20250707_214822_658604.csv,True,False,False,1751925379.8232613,657281.1760902405
56499,1751924722.5424917,1751924901.7377346,batch_consumer-sts-0_20250707_214822_658604.csv,True,False,False,1751925379.8232613,657280.7695865631
56509,1751924722.5429068,1751924901.7628846,batch_consumer-sts-0_20250707_214822_658604.csv,True,False,False,1751925379.8232613,657280.3544998169
56519,1751924722.543325,1751924901.787593,batch_consumer-sts-0_20250707_214822_658604.csv,True,False,False,1751925379.8232613,657279.9363136292
56529,1751924722.5437224,1751924901.8120346,batch_consumer-sts-0_20250707_214822_658604.csv,True,False,False,1751925379.8232613,657279.5388698578
56539,1751924722.544135,1751924901.8370523,batch_consumer-sts-0_20250707_214822_658604.csv,True,False,False,1751925379.8232613,657279.1261672974
56549,1751924722.5445487,1751924901.8621233,batch_consumer-sts-0_20250707_214822_658604.csv,True,False,False,1751925379.8232613,657278.7125110626
56559,1751924722.5449984,1751924901.8870142,batch_consumer-sts-0_20250707_214822_658604.csv,True,False,False,1751925379.8232613,657278.2628536224
74319,1751924722.946602,1751924901.911723,batch_consumer-sts-0_20250707_214822_658604.csv,True,False,False,1751925379.8232613,656876.659154892
74329,1751924722.9468577,1751924901.9367373,batch_consumer-sts-0_20250707_214822_658604.csv,True,False,False,1751925379.8232613,656876.4035701752
74339,1751924722.947091,1751924901.9615667,batch_consumer-sts-0_20250707_214822_658604.csv,True,False,False,1751925379.8232613,656876.1701583862
74349,1751924722.947326,1751924901.9862597,batch_consumer-sts-0_20250707_214822_658604.csv,True,False,False,1751925379.8232613,656875.9353160858
74359,1751924722.9475434,1751924902.0110075,batch_consumer-sts-0_20250707_214822_658604.csv,True,False,False,1751925379.8232613,656875.7178783417
74369,1751924722.947724,1751924902.0357652,batch_consumer-sts-0_20250707_214822_658604.csv,True,False,False,1751925379.8232613,656875.5371570587
74379,1751924722.9479053,1751924902.061647,batch_consumer-sts-0_20250707_214822_658604.csv,True,False,False,1751925379.8232613,656875.3559589386
74389,1751924722.948083,1751924902.0876362,batch_consumer-sts-0_20250707_214822_658604.csv,True,False,False,1751925379.8232613,656875.1783370972
74399,1751924722.9482622,1751924902.111988,batch_consumer-sts-0_20250707_214822_658604.csv,True,False,False,1751925379.8232613,656874.9990463257
74409,1751924722.948445,1751924902.136392,batch_consumer-sts-0_20250707_214822_658604.csv,True,False,False,1751925379.8232613,656874.8161792755
74419,1751924722.9486222,1751924902.1721032,batch_consumer-sts-0_20250707_214822_658604.csv,True,False,False,1751925379.8232613,656874.6390342712
74429,1751924722.94882,1751924902.1972785,batch_consumer-sts-0_20250707_214822_658604.csv,True,False,False,1751925379.8232613,656874.4411468506
74439,1751924722.9490068,1751924902.2274172,batch_consumer-sts-0_20250707_214822_658604.csv,True,False,False,1751925379.8232613,656874.2544651031
74449,1751924722.949402,1751924902.252385,batch_consumer-sts-0_20250707_214822_658604.csv,True,False,False,1751925379.8232613,656873.859167099
74459,1751924722.9495883,1751924902.2774415,batch_consumer-sts-0_20250707_214822_658604.csv,True,False,False,1751925379.8232613,656873.6729621887
74469,1751924722.9497771,1751924902.30242,batch_consumer-sts-0_20250707_214822_658604.csv,True,False,False,1751925379.8232613,656873.4841346741
74479,1751924722.9499795,1751924902.327521,batch_consumer-sts-0_20250707_214822_658604.csv,True,False,False,1751925379.8232613,656873.2817173004
74489,1751924722.9501815,1751924902.3525932,batch_consumer-sts-0_20250707_214822_658604.csv,True,False,False,1751925379.8232613,656873.0797767639
74499,1751924722.9504228,1751924902.3775482,batch_consumer-sts-0_20250707_214822_658604.csv,True,False,False,1751925379.8232613,656872.8384971619
74509,1751924722.950652,1751924902.4029095,batch_consumer-sts-0_20250707_214822_658604.csv,True,False,False,1751925379.8232613,656872.6093769073
74519,1751924722.950883,1751924902.428444,batch_consumer-sts-0_20250707_214822_658604.csv,True,False,False,1751925379.8232613,656872.3783493042
74529,1751924722.9511132,1751924902.4536464,batch_consumer-sts-0_20250707_214822_658604.csv,True,False,False,1751925379.8232613,656872.1480369568
74539,1751924722.9513576,1751924902.4805918,batch_consumer-sts-0_20250707_214822_658604.csv,True,False,False,1751925379.8232613,656871.9036579132
74549,1751924722.9515548,1751924902.505262,batch_consumer-sts-0_20250707_214822_658604.csv,True,False,False,1751925379.8232613,656871.7064857483
74559,1751924722.9517338,1751924902.530434,batch_consumer-sts-0_20250707_214822_658604.csv,True,False,False,1751925379.8232613,656871.5274333954
74569,1751924722.951937,1751924902.555488,batch_consumer-sts-0_20250707_214822_658604.csv,True,False,False,1751925379.8232613,656871.324300766
74579,1751924722.9521992,1751924902.5808854,batch_consumer-sts-0_20250707_214822_658604.csv,True,False,False,1751925379.8232613,656871.062040329
74589,1751924722.952438,1751924902.6078906,batch_consumer-sts-0_20250707_214822_658604.csv,True,False,False,1751925379.8232613,656870.8231449127
74599,1751924722.9526727,1751924902.6326268,batch_consumer-sts-0_20250707_214822_658604.csv,True,False,False,1751925379.8232613,656870.5885410309
74609,1751924722.952904,1751924903.9002712,batch_consumer-sts-0_20250707_214840_921397.csv,True,False,False,1751925379.8232613,656870.3572750092
74619,1751924722.9531305,1751924904.24032,batch_consumer-sts-0_20250707_214840_921397.csv,True,False,False,1751925379.8232613,656870.130777359
74629,1751924722.9533637,1751924904.2647085,batch_consumer-sts-0_20250707_214840_921397.csv,True,False,False,1751925379.8232613,656869.8976039886
74639,1751924722.9535966,1751924904.2893212,batch_consumer-sts-0_20250707_214840_921397.csv,True,False,False,1751925379.8232613,656869.6646690369
74649,1751924722.9538257,1751924904.3132527,batch_consumer-sts-0_20250707_214840_921397.csv,True,False,False,1751925379.8232613,656869.4355487823
74659,1751924722.9540594,1751924904.3380466,batch_consumer-sts-0_20250707_214840_921397.csv,True,False,False,1751925379.8232613,656869.2018985748
74669,1751924722.9543004,1751924904.3627045,batch_consumer-sts-0_20250707_214840_921397.csv,True,False,False,1751925379.8232613,656868.9608573914
74679,1751924722.9545386,1751924904.3873818,batch_consumer-sts-0_20250707_214840_921397.csv,True,False,False,1751925379.8232613,656868.7226772308
74689,1751924722.954766,1751924904.4116793,batch_consumer-sts-0_20250707_214840_921397.csv,True,False,False,1751925379.8232613,656868.4952259064
74699,1751924722.9549992,1751924904.436813,batch_consumer-sts-0_20250707_214840_921397.csv,True,False,False,1751925379.8232613,656868.262052536
74709,1751924722.9552326,1751924904.4614382,batch_consumer-sts-0_20250707_214840_921397.csv,True,False,False,1751925379.8232613,656868.0286407471
74719,1751924722.955464,1751924904.486627,batch_consumer-sts-0_20250707_214840_921397.csv,True,False,False,1751925379.8232613,656867.7973747253
74729,1751924722.9556997,1751924904.5109427,batch_consumer-sts-0_20250707_214840_921397.csv,True,False,False,1751925379.8232613,656867.5615787506
74739,1751924722.9559383,1751924904.53557,batch_consumer-sts-0_20250707_214840_921397.csv,True,False,False,1751925379.8232613,656867.3229217529
74749,1751924722.956167,1751924904.560758,batch_consumer-sts-0_20250707_214840_921397.csv,True,False,False,1751925379.8232613,656867.0942783356
74759,1751924722.9563985,1751924904.58552,batch_consumer-sts-0_20250707_214840_921397.csv,True,False,False,1751925379.8232613,656866.8627738953
74769,1751924722.9566398,1751924904.6097136,batch_consumer-sts-0_20250707_214840_921397.csv,True,False,False,1751925379.8232613,656866.6214942932
74779,1751924722.9568653,1751924904.635054,batch_consumer-sts-0_20250707_214840_921397.csv,True,False,False,1751925379.8232613,656866.3959503174
74789,1751924722.957095,1751924904.6595092,batch_consumer-sts-0_20250707_214840_921397.csv,True,False,False,1751925379.8232613,656866.1663532257
74799,1751924722.9573205,1751924904.6848094,batch_consumer-sts-0_20250707_214840_921397.csv,True,False,False,1751925379.8232613,656865.9408092499
74809,1751924722.9575477,1751924904.7090206,batch_consumer-sts-0_20250707_214840_921397.csv,True,False,False,1751925379.8232613,656865.713596344
74819,1751924722.957778,1751924904.7341185,batch_consumer-sts-0_20250707_214840_921397.csv,True,False,False,1751925379.8232613,656865.4832839966
74829,1751924722.9580104,1751924904.7588344,batch_consumer-sts-0_20250707_214840_921397.csv,True,False,False,1751925379.8232613,656865.250825882
74839,1751924722.958249,1751924904.7896073,batch_consumer-sts-0_20250707_214840_921397.csv,True,False,False,1751925379.8232613,656865.0121688843
74849,1751924722.9584925,1751924904.8144517,batch_consumer-sts-0_20250707_214840_921397.csv,True,False,False,1751925379.8232613,656864.768743515
74859,1751924722.9587252,1751924904.8394592,batch_consumer-sts-0_20250707_214840_921397.csv,True,False,False,1751925379.8232613,656864.5360469818
74869,1751924722.9589572,1751924904.8643117,batch_consumer-sts-0_20250707_214840_921397.csv,True,False,False,1751925379.8232613,656864.3040657043
74879,1751924722.959191,1751924904.8890698,batch_consumer-sts-0_20250707_214840_921397.csv,True,False,False,1751925379.8232613,656864.0701770782
74889,1751924722.95942,1751924904.9134178,batch_consumer-sts-0_20250707_214840_921397.csv,True,False,False,1751925379.8232613,656863.8412952423
74899,1751924722.9596522,1751924904.938215,batch_consumer-sts-0_20250707_214840_921397.csv,True,False,False,1751925379.8232613,656863.6090755463
74909,1751924722.9598825,1751924904.962539,batch_consumer-sts-0_20250707_214840_921397.csv,True,False,False,1751925379.8232613,656863.3787631989
74919,1751924722.960117,1751924904.9888537,batch_consumer-sts-0_20250707_214840_921397.csv,True,False,False,1751925379.8232613,656863.144159317
74929,1751924722.9603443,1751924905.01275,batch_consumer-sts-0_20250707_214840_921397.csv,True,False,False,1751925379.8232613,656862.9169464111
74939,1751924722.960576,1751924905.0372748,batch_consumer-sts-0_20250707_214840_921397.csv,True,False,False,1751925379.8232613,656862.6852035522
74949,1751924722.9608035,1751924905.0620008,batch_consumer-sts-0_20250707_214840_921397.csv,True,False,False,1751925379.8232613,656862.4577522278
74959,1751924722.9610364,1751924905.0867915,batch_consumer-sts-0_20250707_214840_921397.csv,True,False,False,1751925379.8232613,656862.224817276
74969,1751924722.961269,1751924905.110784,batch_consumer-sts-0_20250707_214840_921397.csv,True,False,False,1751925379.8232613,656861.9923591614
74979,1751924722.9615042,1751924905.138579,batch_consumer-sts-0_20250707_214840_921397.csv,True,False,False,1751925379.8232613,656861.7570400238
74989,1751924722.9617355,1751924905.1634684,batch_consumer-sts-0_20250707_214840_921397.csv,True,False,False,1751925379.8232613,656861.5257740021
74999,1751924722.9619677,1751924905.188694,batch_consumer-sts-0_20250707_214840_921397.csv,True,False,False,1751925379.8232613,656861.293554306
75009,1751924722.9622023,1751924905.21314,batch_consumer-sts-0_20250707_214840_921397.csv,True,False,False,1751925379.8232613,656861.0589504242
75019,1751924722.9624405,1751924905.2410696,batch_consumer-sts-0_20250707_214840_921397.csv,True,False,False,1751925379.8232613,656860.8207702637
75029,1751924722.9626703,1751924905.265846,batch_consumer-sts-0_20250707_214840_921397.csv,True,False,False,1751925379.8232613,656860.5909347534
75039,1751924722.962896,1751924905.2905357,batch_consumer-sts-0_20250707_214840_921397.csv,True,False,False,1751925379.8232613,656860.365152359
75049,1751924722.963128,1751924905.3142648,batch_consumer-sts-0_20250707_214840_921397.csv,True,False,False,1751925379.8232613,656860.1331710815
75059,1751924722.963369,1751924905.338831,batch_consumer-sts-0_20250707_214840_921397.csv,True,False,False,1751925379.8232613,656859.8923683167
75069,1751924722.9635603,1751924905.3632298,batch_consumer-sts-0_20250707_214840_921397.csv,True,False,False,1751925379.8232613,656859.7009181976
75079,1751924722.9637537,1751924905.3956425,batch_consumer-sts-0_20250707_214840_921397.csv,True,False,False,1751925379.8232613,656859.50756073
75089,1751924722.963943,1751924905.4196744,batch_consumer-sts-0_20250707_214840_921397.csv,True,False,False,1751925379.8232613,656859.3182563782
75099,1751924722.964134,1751924905.444882,batch_consumer-sts-0_20250707_214840_921397.csv,True,False,False,1751925379.8232613,656859.1272830963
75109,1751924722.9643257,1751924905.4689932,batch_consumer-sts-0_20250707_214840_921397.csv,True,False,False,1751925379.8232613,656858.9355945587
75119,1751924722.964519,1751924905.4936965,batch_consumer-sts-0_20250707_214840_921397.csv,True,False,False,1751925379.8232613,656858.7422370911
75129,1751924722.9647503,1751924905.517479,batch_consumer-sts-0_20250707_214840_921397.csv,True,False,False,1751925379.8232613,656858.5109710693
75139,1751924722.9649813,1751924905.5421305,batch_consumer-sts-0_20250707_214840_921397.csv,True,False,False,1751925379.8232613,656858.2799434662
75149,1751924722.9651985,1751924905.5669627,batch_consumer-sts-0_20250707_214840_921397.csv,True,False,False,1751925379.8232613,656858.0627441406
75159,1751924722.9654086,1751924905.5915248,batch_consumer-sts-0_20250707_214840_921397.csv,True,False,False,1751925379.8232613,656857.8526973724
75169,1751924722.965644,1751924905.6158254,batch_consumer-sts-0_20250707_214840_921397.csv,True,False,False,1751925379.8232613,656857.6173782349
75179,1751924722.965849,1751924905.6436784,batch_consumer-sts-0_20250707_214840_921397.csv,True,False,False,1751925379.8232613,656857.4123382568
75189,1751924722.966031,1751924905.6695092,batch_consumer-sts-0_20250707_214840_921397.csv,True,False,False,1751925379.8232613,656857.2301864624
75199,1751924722.9662411,1751924905.6956844,batch_consumer-sts-0_20250707_214840_921397.csv,True,False,False,1751925379.8232613,656857.0201396942
75209,1751924722.9664712,1751924905.7205484,batch_consumer-sts-0_20250707_214840_921397.csv,True,False,False,1751925379.8232613,656856.7900657654
75219,1751924722.966702,1751924905.7457008,batch_consumer-sts-0_20250707_214840_921397.csv,True,False,False,1751925379.8232613,656856.5592765808
75229,1751924722.9669354,1751924905.77104,batch_consumer-sts-0_20250707_214840_921397.csv,True,False,False,1751925379.8232613,656856.3258647919
75239,1751924722.967165,1751924905.796059,batch_consumer-sts-0_20250707_214840_921397.csv,True,False,False,1751925379.8232613,656856.0962677002
75249,1751924722.9674077,1751924905.8209305,batch_consumer-sts-0_20250707_214840_921397.csv,True,False,False,1751925379.8232613,656855.8535575867
75259,1751924722.9675868,1751924905.8460042,batch_consumer-sts-0_20250707_214840_921397.csv,True,False,False,1751925379.8232613,656855.6745052338
75269,1751924722.96777,1751924905.8718686,batch_consumer-sts-0_20250707_214840_921397.csv,True,False,False,1751925379.8232613,656855.4911613464
75279,1751924722.9679725,1751924905.8974206,batch_consumer-sts-0_20250707_214840_921397.csv,True,False,False,1751925379.8232613,656855.2887439728
75289,1751924722.968159,1751924905.9232366,batch_consumer-sts-0_20250707_214840_921397.csv,True,False,False,1751925379.8232613,656855.1023006439
75299,1751924722.968352,1751924905.9482002,batch_consumer-sts-0_20250707_214840_921397.csv,True,False,False,1751925379.8232613,656854.9091815948
75309,1751924722.9685447,1751924905.974077,batch_consumer-sts-0_20250707_214840_921397.csv,True,False,False,1751925379.8232613,656854.7165393829
75319,1751924722.9687345,1751924905.999256,batch_consumer-sts-0_20250707_214840_921397.csv,True,False,False,1751925379.8232613,656854.526758194
75329,1751924722.968927,1751924906.023778,batch_consumer-sts-0_20250707_214840_921397.csv,True,False,False,1751925379.8232613,656854.3343544006
75339,1751924722.9691224,1751924906.049372,batch_consumer-sts-0_20250707_214840_921397.csv,True,False,False,1751925379.8232613,656854.1388511658
75349,1751924722.9693038,1751924906.0739875,batch_consumer-sts-0_20250707_214840_921397.csv,True,False,False,1751925379.8232613,656853.9574146271
75359,1751924722.9694834,1751924906.09812,batch_consumer-sts-0_20250707_214840_921397.csv,True,False,False,1751925379.8232613,656853.777885437
75369,1751924722.9696648,1751924906.1222408,batch_consumer-sts-0_20250707_214840_921397.csv,True,False,False,1751925379.8232613,656853.5964488983
75379,1751924722.9698498,1751924906.1466243,batch_consumer-sts-0_20250707_214840_921397.csv,True,False,False,1751925379.8232613,656853.4114360809
75389,1751924722.970024,1751924906.1712732,batch_consumer-sts-0_20250707_214840_921397.csv,True,False,False,1751925379.8232613,656853.2371520996
75399,1751924722.970234,1751924906.359572,batch_consumer-sts-0_20250707_214840_921397.csv,True,False,False,1751925379.8232613,656853.02734375
75409,1751924722.970465,1751924906.38467,batch_consumer-sts-0_20250707_214840_921397.csv,True,False,False,1751925379.8232613,656852.7963161469
75419,1751924722.9706976,1751924906.408937,batch_consumer-sts-0_20250707_214840_921397.csv,True,False,False,1751925379.8232613,656852.5636196136
75429,1751924722.97093,1751924906.4355469,batch_consumer-sts-0_20250707_214840_921397.csv,True,False,False,1751925379.8232613,656852.331161499
75439,1751924722.971161,1751924906.4600887,batch_consumer-sts-0_20250707_214840_921397.csv,True,False,False,1751925379.8232613,656852.1003723145
75449,1751924722.971394,1751924906.484506,batch_consumer-sts-0_20250707_214840_921397.csv,True,False,False,1751925379.8232613,656851.8671989441
75459,1751924722.9716313,1751924906.5088625,batch_consumer-sts-0_20250707_214840_921397.csv,True,False,False,1751925379.8232613,656851.6299724579
75469,1751924722.971859,1751924906.534403,batch_consumer-sts-0_20250707_214840_921397.csv,True,False,False,1751925379.8232613,656851.4022827148
75479,1751924722.9720893,1751924906.5598862,batch_consumer-sts-0_20250707_214840_921397.csv,True,False,False,1751925379.8232613,656851.1719703674
75489,1751924722.9723094,1751924906.5885816,batch_consumer-sts-0_20250707_214840_921397.csv,True,False,False,1751925379.8232613,656850.9519100189
75499,1751924722.972545,1751924906.6132202,batch_consumer-sts-0_20250707_214840_921397.csv,True,False,False,1751925379.8232613,656850.7163524628
75509,1751924722.972782,1751924906.6371932,batch_consumer-sts-0_20250707_214840_921397.csv,True,False,False,1751925379.8232613,656850.4793643951
75519,1751924722.9730203,1751924906.6612022,batch_consumer-sts-0_20250707_214840_921397.csv,True,False,False,1751925379.8232613,656850.240945816
75529,1751924722.973249,1751924906.685309,batch_consumer-sts-0_20250707_214840_921397.csv,True,False,False,1751925379.8232613,656850.0123023987
75539,1751924722.9734836,1751924906.7102022,batch_consumer-sts-0_20250707_214840_921397.csv,True,False,False,1751925379.8232613,656849.7776985168
75549,1751924722.9737155,1751924906.7355633,batch_consumer-sts-0_20250707_214840_921397.csv,True,False,False,1751925379.8232613,656849.5457172394
75559,1751924722.973947,1751924906.7610593,batch_consumer-sts-0_20250707_214840_921397.csv,True,False,False,1751925379.8232613,656849.3142127991
75569,1751924722.974186,1751924906.7861984,batch_consumer-sts-0_20250707_214840_921397.csv,True,False,False,1751925379.8232613,656849.0753173828
75579,1751924722.974417,1751924906.8097725,batch_consumer-sts-0_20250707_214840_921397.csv,True,False,False,1751925379.8232613,656848.8442897797
75589,1751924722.9746466,1751924906.83502,batch_consumer-sts-0_20250707_214840_921397.csv,True,False,False,1751925379.8232613,656848.614692688
75599,1751924722.9748793,1751924906.8613873,batch_consumer-sts-0_20250707_214840_921397.csv,True,False,False,1751925379.8232613,656848.3819961548
75609,1751924722.975106,1751924906.8851564,batch_consumer-sts-0_20250707_214840_921397.csv,True,False,False,1751925379.8232613,656848.1552600861
75619,1751924722.975345,1751924906.9098651,batch_consumer-sts-0_20250707_214840_921397.csv,True,False,False,1751925379.8232613,656847.9163646698
75629,1751924722.97558,1751924906.9348764,batch_consumer-sts-0_20250707_214840_921397.csv,True,False,False,1751925379.8232613,656847.6812839508
75639,1751924722.9758055,1751924906.959943,batch_consumer-sts-0_20250707_214840_921397.csv,True,False,False,1751925379.8232613,656847.455739975
75649,1751924722.9760325,1751924906.9854848,batch_consumer-sts-0_20250707_214840_921397.csv,True,False,False,1751925379.8232613,656847.2287654877
75659,1751924722.976266,1751924907.0099175,batch_consumer-sts-0_20250707_214840_921397.csv,True,False,False,1751925379.8232613,656846.9953536987
75669,1751924722.9764905,1751924907.0351696,batch_consumer-sts-0_20250707_214840_921397.csv,True,False,False,1751925379.8232613,656846.7707633972
75679,1751924722.976721,1751924907.0602772,batch_consumer-sts-0_20250707_214840_921397.csv,True,False,False,1751925379.8232613,656846.5402126312
75689,1751924722.9769588,1751924907.085946,batch_consumer-sts-0_20250707_214840_921397.csv,True,False,False,1751925379.8232613,656846.3025093079
75699,1751924722.9771893,1751924907.1098435,batch_consumer-sts-0_20250707_214840_921397.csv,True,False,False,1751925379.8232613,656846.0719585419
75709,1751924722.9774203,1751924907.1345537,batch_consumer-sts-0_20250707_214840_921397.csv,True,False,False,1751925379.8232613,656845.8409309387
75719,1751924722.9776487,1751924907.1603472,batch_consumer-sts-0_20250707_214840_921397.csv,True,False,False,1751925379.8232613,656845.6125259399
75729,1751924722.9778752,1751924907.1848,batch_consumer-sts-0_20250707_214840_921397.csv,True,False,False,1751925379.8232613,656845.3860282898
75739,1751924722.978116,1751924907.2094002,batch_consumer-sts-0_20250707_214840_921397.csv,True,False,False,1751925379.8232613,656845.1452255249
75749,1751924722.978361,1751924907.2342386,batch_consumer-sts-0_20250707_214840_921397.csv,True,False,False,1751925379.8232613,656844.9003696442
75759,1751924722.9785917,1751924907.260215,batch_consumer-sts-0_20250707_214840_921397.csv,True,False,False,1751925379.8232613,656844.6695804596
75769,1751924722.978824,1751924907.284934,batch_consumer-sts-0_20250707_214840_921397.csv,True,False,False,1751925379.8232613,656844.4373607635
75779,1751924722.9790547,1751924907.3090873,batch_consumer-sts-0_20250707_214840_921397.csv,True,False,False,1751925379.8232613,656844.206571579
75789,1751924722.9792798,1751924907.3336768,batch_consumer-sts-0_20250707_214840_921397.csv,True,False,False,1751925379.8232613,656843.9815044403
75799,1751924722.9795036,1751924907.358611,batch_consumer-sts-0_20250707_214840_921397.csv,True,False,False,1751925379.8232613,656843.7576293945
75809,1751924722.979731,1751924907.3851984,batch_consumer-sts-0_20250707_214840_921397.csv,True,False,False,1751925379.8232613,656843.5301780701
75819,1751924722.979963,1751924907.4098082,batch_consumer-sts-0_20250707_214840_921397.csv,True,False,False,1751925379.8232613,656843.2981967926
75829,1751924722.9801989,1751924907.4374018,batch_consumer-sts-0_20250707_214840_921397.csv,True,False,False,1751925379.8232613,656843.0624008179
75839,1751924722.980451,1751924907.4642322,batch_consumer-sts-0_20250707_214840_921397.csv,True,False,False,1751925379.8232613,656842.8101539612
75849,1751924722.9806814,1751924907.4891407,batch_consumer-sts-0_20250707_214840_921397.csv,True,False,False,1751925379.8232613,656842.5798416138
75859,1751924722.980912,1751924907.513234,batch_consumer-sts-0_20250707_214840_921397.csv,True,False,False,1751925379.8232613,656842.3492908478
75869,1751924722.9811397,1751924907.5380914,batch_consumer-sts-0_20250707_214840_921397.csv,True,False,False,1751925379.8232613,656842.1216011047
75879,1751924722.9813735,1751924907.5621932,batch_consumer-sts-0_20250707_214840_921397.csv,True,False,False,1751925379.8232613,656841.8877124786
75889,1751924722.9816086,1751924907.5868902,batch_consumer-sts-0_20250707_214840_921397.csv,True,False,False,1751925379.8232613,656841.6526317596
75899,1751924722.9818408,1751924907.6109035,batch_consumer-sts-0_20250707_214840_921397.csv,True,False,False,1751925379.8232613,656841.4204120636
75909,1751924722.982074,1751924907.6395614,batch_consumer-sts-0_20250707_214840_921397.csv,True,False,False,1751925379.8232613,656841.1872386932
75919,1751924722.982315,1751924907.664636,batch_consumer-sts-0_20250707_214840_921397.csv,True,False,False,1751925379.8232613,656840.9461975098
75929,1751924722.9825485,1751924907.689561,batch_consumer-sts-0_20250707_214840_921397.csv,True,False,False,1751925379.8232613,656840.7127857208
75939,1751924722.9827864,1751924907.713874,batch_consumer-sts-0_20250707_214840_921397.csv,True,False,False,1751925379.8232613,656840.4748439789
75949,1751924722.9830148,1751924907.7389312,batch_consumer-sts-0_20250707_214840_921397.csv,True,False,False,1751925379.8232613,656840.2464389801
75959,1751924722.9832425,1751924907.765417,batch_consumer-sts-0_20250707_214840_921397.csv,True,False,False,1751925379.8232613,656840.0187492371
75969,1751924722.9834597,1751924907.7913692,batch_consumer-sts-0_20250707_214840_921397.csv,True,False,False,1751925379.8232613,656839.8015499115
75979,1751924722.9836435,1751924907.8159869,batch_consumer-sts-0_20250707_214840_921397.csv,True,False,False,1751925379.8232613,656839.617729187
75989,1751924722.9838235,1751924907.841477,batch_consumer-sts-0_20250707_214840_921397.csv,True,False,False,1751925379.8232613,656839.4377231598
75999,1751924722.9840004,1751924907.8683643,batch_consumer-sts-0_20250707_214840_921397.csv,True,False,False,1751925379.8232613,656839.2608165741
76009,1751924722.9841847,1751924907.8953402,batch_consumer-sts-0_20250707_214840_921397.csv,True,False,False,1751925379.8232613,656839.0765190125
76019,1751924722.9843645,1751924907.9193718,batch_consumer-sts-0_20250707_214840_921397.csv,True,False,False,1751925379.8232613,656838.8967514038
76029,1751924722.984545,1751924907.945943,batch_consumer-sts-0_20250707_214840_921397.csv,True,False,False,1751925379.8232613,656838.7162685394
76039,1751924722.9847198,1751924907.971397,batch_consumer-sts-0_20250707_214840_921397.csv,True,False,False,1751925379.8232613,656838.541507721
76049,1751924722.9849007,1751924907.9966578,batch_consumer-sts-0_20250707_214840_921397.csv,True,False,False,1751925379.8232613,656838.3605480194
76059,1751924722.9850771,1751924908.0211637,batch_consumer-sts-0_20250707_214840_921397.csv,True,False,False,1751925379.8232613,656838.1841182709
76069,1751924722.985257,1751924908.0464294,batch_consumer-sts-0_20250707_214840_921397.csv,True,False,False,1751925379.8232613,656838.0043506622
76079,1751924722.9854374,1751924908.0711648,batch_consumer-sts-0_20250707_214840_921397.csv,True,False,False,1751925379.8232613,656837.8238677979
76089,1751924722.9856205,1751924908.0954986,batch_consumer-sts-0_20250707_214840_921397.csv,True,False,False,1751925379.8232613,656837.6407623291
76099,1751924722.985801,1751924908.119492,batch_consumer-sts-0_20250707_214840_921397.csv,True,False,False,1751925379.8232613,656837.4602794647
76109,1751924722.985981,1751924908.143988,batch_consumer-sts-0_20250707_214840_921397.csv,True,False,False,1751925379.8232613,656837.2802734375
76119,1751924722.9861662,1751924908.1682386,batch_consumer-sts-0_20250707_214840_921397.csv,True,False,False,1751925379.8232613,656837.0950222015
76129,1751924722.9864044,1751924908.1919627,batch_consumer-sts-0_20250707_214840_921397.csv,True,False,False,1751925379.8232613,656836.856842041
90739,1751924723.307493,1751924908.216107,batch_consumer-sts-0_20250707_214840_921397.csv,True,False,False,1751925379.8232613,656515.768289566
90749,1751924723.3077345,1751924908.2406635,batch_consumer-sts-0_20250707_214840_921397.csv,True,False,False,1751925379.8232613,656515.5267715454
90759,1751924723.307963,1751924908.26525,batch_consumer-sts-0_20250707_214840_921397.csv,True,False,False,1751925379.8232613,656515.2983665466
90769,1751924723.308188,1751924908.2897446,batch_consumer-sts-0_20250707_214840_921397.csv,True,False,False,1751925379.8232613,656515.073299408
90779,1751924723.3084185,1751924908.3139288,batch_consumer-sts-0_20250707_214840_921397.csv,True,False,False,1751925379.8232613,656514.842748642
90789,1751924723.3086543,1751924908.3398063,batch_consumer-sts-0_20250707_214840_921397.csv,True,False,False,1751925379.8232613,656514.6069526672
90799,1751924723.308884,1751924908.3651106,batch_consumer-sts-0_20250707_214840_921397.csv,True,False,False,1751925379.8232613,656514.3773555756
90809,1751924723.3091197,1751924909.393216,batch_consumer-sts-0_20250707_214840_921397.csv,True,False,False,1751925379.8232613,656514.1415596008
90819,1751924723.3093438,1751924909.4228127,batch_consumer-sts-0_20250707_214840_921397.csv,True,False,False,1751925379.8232613,656513.9174461365
90829,1751924723.3095856,1751924909.450003,batch_consumer-sts-0_20250707_214840_921397.csv,True,False,False,1751925379.8232613,656513.6756896973
90839,1751924723.3098218,1751924909.4759488,batch_consumer-sts-0_20250707_214840_921397.csv,True,False,False,1751925379.8232613,656513.4394168854
90849,1751924723.3100505,1751924909.5013287,batch_consumer-sts-0_20250707_214840_921397.csv,True,False,False,1751925379.8232613,656513.210773468
90859,1751924723.3102925,1751924909.52784,batch_consumer-sts-0_20250707_214840_921397.csv,True,False,False,1751925379.8232613,656512.9687786102
90869,1751924723.3105197,1751924909.5541646,batch_consumer-sts-0_20250707_214840_921397.csv,True,False,False,1751925379.8232613,656512.7415657043
90879,1751924723.3107486,1751924909.5792444,batch_consumer-sts-0_20250707_214840_921397.csv,True,False,False,1751925379.8232613,656512.5126838684
90889,1751924723.3109777,1751924909.6045406,batch_consumer-sts-0_20250707_214840_921397.csv,True,False,False,1751925379.8232613,656512.2835636139
90899,1751924723.3112135,1751924909.62961,batch_consumer-sts-0_20250707_214840_921397.csv,True,False,False,1751925379.8232613,656512.0477676392
90909,1751924723.3114436,1751924909.6609547,batch_consumer-sts-0_20250707_214840_921397.csv,True,False,False,1751925379.8232613,656511.8176937103
90919,1751924723.3116777,1751924909.68646,batch_consumer-sts-0_20250707_214840_921397.csv,True,False,False,1751925379.8232613,656511.5835666656
90929,1751924723.311911,1751924909.7122233,batch_consumer-sts-0_20250707_214840_921397.csv,True,False,False,1751925379.8232613,656511.3501548767
90939,1751924723.3121436,1751924909.7384896,batch_consumer-sts-0_20250707_214840_921397.csv,True,False,False,1751925379.8232613,656511.1176967621
90949,1751924723.312374,1751924909.7647548,batch_consumer-sts-0_20250707_214840_921397.csv,True,False,False,1751925379.8232613,656510.8871459961
90959,1751924723.312605,1751924909.9355493,batch_consumer-sts-0_20250707_214840_921397.csv,True,False,False,1751925379.8232613,656510.6563568115
90969,1751924723.312835,1751924909.9611957,batch_consumer-sts-0_20250707_214840_921397.csv,True,False,False,1751925379.8232613,656510.4262828827
90979,1751924723.3130608,1751924909.9854844,batch_consumer-sts-0_20250707_214840_921397.csv,True,False,False,1751925379.8232613,656510.2005004883
90989,1751924723.3132925,1751924910.0101438,batch_consumer-sts-0_20250707_214840_921397.csv,True,False,False,1751925379.8232613,656509.9687576294
90999,1751924723.3135238,1751924910.0353055,batch_consumer-sts-0_20250707_214840_921397.csv,True,False,False,1751925379.8232613,656509.7374916077
91009,1751924723.3137522,1751924910.060155,batch_consumer-sts-0_20250707_214840_921397.csv,True,False,False,1751925379.8232613,656509.5090866089
91019,1751924723.3139873,1751924910.0852385,batch_consumer-sts-0_20250707_214840_921397.csv,True,False,False,1751925379.8232613,656509.2740058899
91029,1751924723.3142376,1751924910.1101158,batch_consumer-sts-0_20250707_214840_921397.csv,True,False,False,1751925379.8232613,656509.0236663818
91039,1751924723.3144698,1751924910.1352324,batch_consumer-sts-0_20250707_214840_921397.csv,True,False,False,1751925379.8232613,656508.7914466858
91049,1751924723.3147004,1751924910.1603577,batch_consumer-sts-0_20250707_214840_921397.csv,True,False,False,1751925379.8232613,656508.5608959198
91059,1751924723.3149252,1751924910.1855628,batch_consumer-sts-0_20250707_214840_921397.csv,True,False,False,1751925379.8232613,656508.3360671997
91069,1751924723.3151565,1751924910.209567,batch_consumer-sts-0_20250707_214840_921397.csv,True,False,False,1751925379.8232613,656508.104801178
91079,1751924723.315411,1751924910.2346032,batch_consumer-sts-0_20250707_214840_921397.csv,True,False,False,1751925379.8232613,656507.8501701355
91089,1751924723.3155875,1751924910.2620337,batch_consumer-sts-0_20250707_214840_921397.csv,True,False,False,1751925379.8232613,656507.673740387
91099,1751924723.3157692,1751924910.286672,batch_consumer-sts-0_20250707_214840_921397.csv,True,False,False,1751925379.8232613,656507.4920654297
91109,1751924723.315945,1751924910.3114762,batch_consumer-sts-0_20250707_214840_921397.csv,True,False,False,1751925379.8232613,656507.3163509369
91119,1751924723.3161216,1751924910.3368742,batch_consumer-sts-0_20250707_214840_921397.csv,True,False,False,1751925379.8232613,656507.1396827698
91129,1751924723.316297,1751924910.3622544,batch_consumer-sts-0_20250707_214840_921397.csv,True,False,False,1751925379.8232613,656506.9642066956
91139,1751924723.3164835,1751924910.3888364,batch_consumer-sts-0_20250707_214840_921397.csv,True,False,False,1751925379.8232613,656506.7777633667
91149,1751924723.3168592,1751924910.4132404,batch_consumer-sts-0_20250707_214840_921397.csv,True,False,False,1751925379.8232613,656506.402015686
91159,1751924723.317037,1751924910.438661,batch_consumer-sts-0_20250707_214840_921397.csv,True,False,False,1751925379.8232613,656506.224155426
91169,1751924723.317221,1751924910.4635634,batch_consumer-sts-0_20250707_214840_921397.csv,True,False,False,1751925379.8232613,656506.0403347015
91179,1751924723.317402,1751924910.4890027,batch_consumer-sts-0_20250707_214840_921397.csv,True,False,False,1751925379.8232613,656505.859375
91189,1751924723.31758,1751924910.5134628,batch_consumer-sts-0_20250707_214840_921397.csv,True,False,False,1751925379.8232613,656505.6812763214
91199,1751924723.317763,1751924910.5387683,batch_consumer-sts-0_20250707_214840_921397.csv,True,False,False,1751925379.8232613,656505.4981708527
91209,1751924723.3179507,1751924910.5640223,batch_consumer-sts-0_20250707_214840_921397.csv,True,False,False,1751925379.8232613,656505.3105354309
91219,1751924723.3181326,1751924910.5885277,batch_consumer-sts-0_20250707_214840_921397.csv,True,False,False,1751925379.8232613,656505.128622055
91229,1751924723.3183706,1751924910.6126432,batch_consumer-sts-0_20250707_214840_921397.csv,True,False,False,1751925379.8232613,656504.8906803131
91239,1751924723.318599,1751924910.6395795,batch_consumer-sts-0_20250707_214840_921397.csv,True,False,False,1751925379.8232613,656504.6622753143
91249,1751924723.318823,1751924910.664848,batch_consumer-sts-0_20250707_214840_921397.csv,True,False,False,1751925379.8232613,656504.43816185
91259,1751924723.3190527,1751924910.689849,batch_consumer-sts-0_20250707_214840_921397.csv,True,False,False,1751925379.8232613,656504.2085647583
91269,1751924723.3192794,1751924910.7154994,batch_consumer-sts-0_20250707_214840_921397.csv,True,False,False,1751925379.8232613,656503.9818286896
91279,1751924723.319507,1751924910.7404609,batch_consumer-sts-0_20250707_214840_921397.csv,True,False,False,1751925379.8232613,656503.7543773651
91289,1751924723.319687,1751924910.7653785,batch_consumer-sts-0_20250707_214840_921397.csv,True,False,False,1751925379.8232613,656503.5743713379
91299,1751924723.319869,1751924910.7904332,batch_consumer-sts-0_20250707_214840_921397.csv,True,False,False,1751925379.8232613,656503.3922195435
91309,1751924723.3200505,1751924910.8144965,batch_consumer-sts-0_20250707_214840_921397.csv,True,False,False,1751925379.8232613,656503.2107830048
91319,1751924723.3202496,1751924910.8391,batch_consumer-sts-0_20250707_214840_921397.csv,True,False,False,1751925379.8232613,656503.0117034912
91329,1751924723.320469,1751924910.8635278,batch_consumer-sts-0_20250707_214840_921397.csv,True,False,False,1751925379.8232613,656502.7923583984
91339,1751924723.3207028,1751924910.890587,batch_consumer-sts-0_20250707_214840_921397.csv,True,False,False,1751925379.8232613,656502.5584697723
91349,1751924723.3209305,1751924910.9149327,batch_consumer-sts-0_20250707_214840_921397.csv,True,False,False,1751925379.8232613,656502.3307800293
91359,1751924723.3211656,1751924910.9399874,batch_consumer-sts-0_20250707_214840_921397.csv,True,False,False,1751925379.8232613,656502.0956993103
91369,1751924723.3213956,1751924910.964352,batch_consumer-sts-0_20250707_214840_921397.csv,True,False,False,1751925379.8232613,656501.8656253815
91379,1751924723.3216283,1751924910.989726,batch_consumer-sts-0_20250707_214840_921397.csv,True,False,False,1751925379.8232613,656501.6329288483
91389,1751924723.3218565,1751924911.0139413,batch_consumer-sts-0_20250707_214840_921397.csv,True,False,False,1751925379.8232613,656501.4047622681
91399,1751924723.3220823,1751924911.0382297,batch_consumer-sts-0_20250707_214840_921397.csv,True,False,False,1751925379.8232613,656501.1789798737
91409,1751924723.3223188,1751924911.062143,batch_consumer-sts-0_20250707_214840_921397.csv,True,False,False,1751925379.8232613,656500.9424686432
91419,1751924723.3225448,1751924911.086723,batch_consumer-sts-0_20250707_214840_921397.csv,True,False,False,1751925379.8232613,656500.7164478302
91429,1751924723.3227742,1751924911.111048,batch_consumer-sts-0_20250707_214840_921397.csv,True,False,False,1751925379.8232613,656500.4870891571
91439,1751924723.3229997,1751924911.1358328,batch_consumer-sts-0_20250707_214840_921397.csv,True,False,False,1751925379.8232613,656500.2615451813
91449,1751924723.3232324,1751924911.1606965,batch_consumer-sts-0_20250707_214840_921397.csv,True,False,False,1751925379.8232613,656500.0288486481
91459,1751924723.3234613,1751924911.1860683,batch_consumer-sts-0_20250707_214840_921397.csv,True,False,False,1751925379.8232613,656499.7999668121
91469,1751924723.3237002,1751924911.210318,batch_consumer-sts-0_20250707_214840_921397.csv,True,False,False,1751925379.8232613,656499.5610713959
91479,1751924723.3239336,1751924911.2350538,batch_consumer-sts-0_20250707_214840_921397.csv,True,False,False,1751925379.8232613,656499.3276596069
91489,1751924723.3241658,1751924911.25993,batch_consumer-sts-0_20250707_214840_921397.csv,True,False,False,1751925379.8232613,656499.0954399109
91499,1751924723.324402,1751924911.2848544,batch_consumer-sts-0_20250707_214840_921397.csv,True,False,False,1751925379.8232613,656498.859167099
91509,1751924723.324635,1751924911.4053576,batch_consumer-sts-0_20250707_214840_921397.csv,True,False,False,1751925379.8232613,656498.6262321472
91519,1751924723.3248632,1751924911.4347534,batch_consumer-sts-0_20250707_214840_921397.csv,True,False,False,1751925379.8232613,656498.398065567
91529,1751924723.325091,1751924911.4600346,batch_consumer-sts-0_20250707_214840_921397.csv,True,False,False,1751925379.8232613,656498.170375824
91539,1751924723.3253183,1751924911.48552,batch_consumer-sts-0_20250707_214840_921397.csv,True,False,False,1751925379.8232613,656497.9429244995
91549,1751924723.3255548,1751924911.5096862,batch_consumer-sts-0_20250707_214840_921397.csv,True,False,False,1751925379.8232613,656497.706413269
91559,1751924723.325788,1751924911.5362513,batch_consumer-sts-0_20250707_214840_921397.csv,True,False,False,1751925379.8232613,656497.4732398987
91569,1751924723.3260276,1751924911.561848,batch_consumer-sts-0_20250707_214840_921397.csv,True,False,False,1751925379.8232613,656497.2336292267
91579,1751924723.326259,1751924911.5890715,batch_consumer-sts-0_20250707_214840_921397.csv,True,False,False,1751925379.8232613,656497.002363205
91589,1751924723.3264873,1751924911.6135702,batch_consumer-sts-0_20250707_214840_921397.csv,True,False,False,1751925379.8232613,656496.7739582062
91599,1751924723.3267162,1751924911.6384058,batch_consumer-sts-0_20250707_214840_921397.csv,True,False,False,1751925379.8232613,656496.5450763702
91609,1751924723.326942,1751924911.6633584,batch_consumer-sts-0_20250707_214840_921397.csv,True,False,False,1751925379.8232613,656496.3192939758
91619,1751924723.3271725,1751924911.6887212,batch_consumer-sts-0_20250707_214840_921397.csv,True,False,False,1751925379.8232613,656496.0887432098
91629,1751924723.3274057,1751924911.7131453,batch_consumer-sts-0_20250707_214840_921397.csv,True,False,False,1751925379.8232613,656495.8555698395
91639,1751924723.3276365,1751924911.7383175,batch_consumer-sts-0_20250707_214840_921397.csv,True,False,False,1751925379.8232613,656495.6247806549
91649,1751924723.3278596,1751924911.7629735,batch_consumer-sts-0_20250707_214840_921397.csv,True,False,False,1751925379.8232613,656495.4016208649
91659,1751924723.3280802,1751924911.7874677,batch_consumer-sts-0_20250707_214840_921397.csv,True,False,False,1751925379.8232613,656495.1810836792
91669,1751924723.328307,1751924911.8114293,batch_consumer-sts-0_20250707_214840_921397.csv,True,False,False,1751925379.8232613,656494.9543476105
91679,1751924723.3285348,1751924911.8362286,batch_consumer-sts-0_20250707_214840_921397.csv,True,False,False,1751925379.8232613,656494.7264194489
91689,1751924723.3287702,1751924911.8610375,batch_consumer-sts-0_20250707_214840_921397.csv,True,False,False,1751925379.8232613,656494.4911003113
91699,1751924723.329003,1751924911.885807,batch_consumer-sts-0_20250707_214840_921397.csv,True,False,False,1751925379.8232613,656494.2581653595
91709,1751924723.3292332,1751924911.910017,batch_consumer-sts-0_20250707_214840_921397.csv,True,False,False,1751925379.8232613,656494.0280914307
91719,1751924723.3294594,1751924911.935201,batch_consumer-sts-0_20250707_214840_921397.csv,True,False,False,1751925379.8232613,656493.8018321991
91729,1751924723.3296888,1751924911.9596145,batch_consumer-sts-0_20250707_214840_921397.csv,True,False,False,1751925379.8232613,656493.572473526
91739,1751924723.3299222,1751924911.9846928,batch_consumer-sts-0_20250707_214840_921397.csv,True,False,False,1751925379.8232613,656493.3390617371
91749,1751924723.330163,1751924912.0088062,batch_consumer-sts-0_20250707_214840_921397.csv,True,False,False,1751925379.8232613,656493.0982589722
91759,1751924723.330394,1751924912.0338094,batch_consumer-sts-0_20250707_214840_921397.csv,True,False,False,1751925379.8232613,656492.867231369
91769,1751924723.33063,1751924912.0586395,batch_consumer-sts-0_20250707_214840_921397.csv,True,False,False,1751925379.8232613,656492.6311969757
91779,1751924723.330863,1751924912.083942,batch_consumer-sts-0_20250707_214840_921397.csv,True,False,False,1751925379.8232613,656492.3982620239
91789,1751924723.3310914,1751924912.1079931,batch_consumer-sts-0_20250707_214840_921397.csv,True,False,False,1751925379.8232613,656492.1698570251
91799,1751924723.3313234,1751924912.132597,batch_consumer-sts-0_20250707_214840_921397.csv,True,False,False,1751925379.8232613,656491.9378757477
91809,1751924723.3315256,1751924912.167374,batch_consumer-sts-0_20250707_214840_921397.csv,True,False,False,1751925379.8232613,656491.7356967926
91819,1751924723.3317125,1751924912.191816,batch_consumer-sts-0_20250707_214840_921397.csv,True,False,False,1751925379.8232613,656491.5487766266
91829,1751924723.33189,1751924912.2158642,batch_consumer-sts-0_20250707_214840_921397.csv,True,False,False,1751925379.8232613,656491.3711547852
91839,1751924723.3320694,1751924912.2407632,batch_consumer-sts-0_20250707_214840_921397.csv,True,False,False,1751925379.8232613,656491.1918640137
91849,1751924723.3322651,1751924912.265539,batch_consumer-sts-0_20250707_214840_921397.csv,True,False,False,1751925379.8232613,656490.9961223602
91859,1751924723.3324475,1751924912.2906697,batch_consumer-sts-0_20250707_214840_921397.csv,True,False,False,1751925379.8232613,656490.8137321472
91869,1751924723.332625,1751924912.314592,batch_consumer-sts-0_20250707_214840_921397.csv,True,False,False,1751925379.8232613,656490.6363487244
91879,1751924723.3328097,1751924912.3404906,batch_consumer-sts-0_20250707_214840_921397.csv,True,False,False,1751925379.8232613,656490.4515743256
91889,1751924723.332989,1751924912.3654778,batch_consumer-sts-0_20250707_214840_921397.csv,True,False,False,1751925379.8232613,656490.2722835541
91899,1751924723.3331664,1751924912.3904097,batch_consumer-sts-0_20250707_214840_921397.csv,True,False,False,1751925379.8232613,656490.0949001312
91909,1751924723.333352,1751924912.4147315,batch_consumer-sts-0_20250707_214840_921397.csv,True,False,False,1751925379.8232613,656489.9091720581
91919,1751924723.3335276,1751924912.439792,batch_consumer-sts-0_20250707_214840_921397.csv,True,False,False,1751925379.8232613,656489.7336959839
91929,1751924723.333699,1751924912.465051,batch_consumer-sts-0_20250707_214840_921397.csv,True,False,False,1751925379.8232613,656489.5622730255
91939,1751924723.3338728,1751924912.4898517,batch_consumer-sts-0_20250707_214840_921397.csv,True,False,False,1751925379.8232613,656489.3884658813
91949,1751924723.3340478,1751924912.5141392,batch_consumer-sts-0_20250707_214840_921397.csv,True,False,False,1751925379.8232613,656489.2134666443
91959,1751924723.334257,1751924912.539416,batch_consumer-sts-0_20250707_214840_921397.csv,True,False,False,1751925379.8232613,656489.0043735504
91969,1751924723.3344874,1751924912.5643988,batch_consumer-sts-0_20250707_214840_921397.csv,True,False,False,1751925379.8232613,656488.7738227844
91979,1751924723.334713,1751924912.5955143,batch_consumer-sts-0_20250707_214840_921397.csv,True,False,False,1751925379.8232613,656488.5482788086
91989,1751924723.334942,1751924912.622229,batch_consumer-sts-0_20250707_214840_921397.csv,True,False,False,1751925379.8232613,656488.3191585541
91999,1751924723.3351746,1751924912.646697,batch_consumer-sts-0_20250707_214840_921397.csv,True,False,False,1751925379.8232613,656488.0867004395
92009,1751924723.3354197,1751924912.67165,batch_consumer-sts-0_20250707_214840_921397.csv,True,False,False,1751925379.8232613,656487.8416061401
92019,1751924723.3356009,1751924912.696144,batch_consumer-sts-0_20250707_214840_921397.csv,True,False,False,1751925379.8232613,656487.66040802
92029,1751924723.3357742,1751924912.7209582,batch_consumer-sts-0_20250707_214840_921397.csv,True,False,False,1751925379.8232613,656487.487077713
92039,1751924723.335947,1751924912.7460463,batch_consumer-sts-0_20250707_214840_921397.csv,True,False,False,1751925379.8232613,656487.3142242432
92049,1751924723.3361273,1751924912.7708132,batch_consumer-sts-0_20250707_214840_921397.csv,True,False,False,1751925379.8232613,656487.1339797974
92059,1751924723.33631,1751924912.7955978,batch_consumer-sts-0_20250707_214840_921397.csv,True,False,False,1751925379.8232613,656486.9513511658
92069,1751924723.336493,1751924912.8195784,batch_consumer-sts-0_20250707_214840_921397.csv,True,False,False,1751925379.8232613,656486.768245697
92079,1751924723.3366818,1751924912.8454869,batch_consumer-sts-0_20250707_214840_921397.csv,True,False,False,1751925379.8232613,656486.5794181824
92089,1751924723.3368647,1751924912.870196,batch_consumer-sts-0_20250707_214840_921397.csv,True,False,False,1751925379.8232613,656486.3965511322
92099,1751924723.337042,1751924912.8948076,batch_consumer-sts-0_20250707_214840_921397.csv,True,False,False,1751925379.8232613,656486.2191677094
92109,1751924723.3372166,1751924912.9192138,batch_consumer-sts-0_20250707_214840_921397.csv,True,False,False,1751925379.8232613,656486.0446453094
92119,1751924723.337396,1751924912.9437368,batch_consumer-sts-0_20250707_214840_921397.csv,True,False,False,1751925379.8232613,656485.865354538
92129,1751924723.3375945,1751924912.9683456,batch_consumer-sts-0_20250707_214840_921397.csv,True,False,False,1751925379.8232613,656485.6667518616
92139,1751924723.3377805,1751924912.9930289,batch_consumer-sts-0_20250707_214840_921397.csv,True,False,False,1751925379.8232613,656485.4807853699
92149,1751924723.338003,1751924913.0171752,batch_consumer-sts-0_20250707_214840_921397.csv,True,False,False,1751925379.8232613,656485.2583408356
92159,1751924723.3382573,1751924913.041758,batch_consumer-sts-0_20250707_214840_921397.csv,True,False,False,1751925379.8232613,656485.0039482117
92169,1751924723.338489,1751924913.0668864,batch_consumer-sts-0_20250707_214840_921397.csv,True,False,False,1751925379.8232613,656484.7722053528
92179,1751924723.33872,1751924913.0917442,batch_consumer-sts-0_20250707_214840_921397.csv,True,False,False,1751925379.8232613,656484.5411777496
92189,1751924723.338948,1751924913.1159852,batch_consumer-sts-0_20250707_214840_921397.csv,True,False,False,1751925379.8232613,656484.313249588
92199,1751924723.3391762,1751924913.1407063,batch_consumer-sts-0_20250707_214840_921397.csv,True,False,False,1751925379.8232613,656484.0850830078
92209,1751924723.3394094,1751924913.1657393,batch_consumer-sts-0_20250707_214840_921397.csv,True,False,False,1751925379.8232613,656483.8519096375
92219,1751924723.339646,1751924913.190331,batch_consumer-sts-0_20250707_214840_921397.csv,True,False,False,1751925379.8232613,656483.6151599884
92229,1751924723.3398693,1751924913.2143683,batch_consumer-sts-0_20250707_214840_921397.csv,True,False,False,1751925379.8232613,656483.3920001984
92239,1751924723.3400953,1751924913.239428,batch_consumer-sts-0_20250707_214840_921397.csv,True,False,False,1751925379.8232613,656483.1659793854
92249,1751924723.3403232,1751924913.264476,batch_consumer-sts-0_20250707_214840_921397.csv,True,False,False,1751925379.8232613,656482.9380512238
92259,1751924723.340554,1751924913.2892952,batch_consumer-sts-0_20250707_214840_921397.csv,True,False,False,1751925379.8232613,656482.7072620392
92269,1751924723.340777,1751924913.3140135,batch_consumer-sts-0_20250707_214840_921397.csv,True,False,False,1751925379.8232613,656482.4843406677
92279,1751924723.3409994,1751924913.3386557,batch_consumer-sts-0_20250707_214840_921397.csv,True,False,False,1751925379.8232613,656482.2618961334
92289,1751924723.341224,1751924913.3639762,batch_consumer-sts-0_20250707_214840_921397.csv,True,False,False,1751925379.8232613,656482.0373058319
92299,1751924723.3414495,1751924913.3887663,batch_consumer-sts-0_20250707_214840_921397.csv,True,False,False,1751925379.8232613,656481.8117618561
92309,1751924723.3416865,1751924913.4126792,batch_consumer-sts-0_20250707_214840_921397.csv,True,False,False,1751925379.8232613,656481.5747737885
92319,1751924723.3419173,1751924913.4372416,batch_consumer-sts-0_20250707_214840_921397.csv,True,False,False,1751925379.8232613,656481.3439846039
92329,1751924723.342151,1751924913.4645195,batch_consumer-sts-0_20250707_214840_921397.csv,True,False,False,1751925379.8232613,656481.1103343964
92339,1751924723.3423955,1751924913.4889078,batch_consumer-sts-0_20250707_214840_921397.csv,True,False,False,1751925379.8232613,656480.8657169342
92349,1751924723.342627,1751924913.512707,batch_consumer-sts-0_20250707_214840_921397.csv,True,False,False,1751925379.8232613,656480.6342124939
92359,1751924723.3428583,1751924913.5375257,batch_consumer-sts-0_20250707_214840_921397.csv,True,False,False,1751925379.8232613,656480.4029464722
92369,1751924723.3430946,1751924913.562496,batch_consumer-sts-0_20250707_214840_921397.csv,True,False,False,1751925379.8232613,656480.1666736603
92379,1751924723.3433225,1751924913.5875711,batch_consumer-sts-0_20250707_214840_921397.csv,True,False,False,1751925379.8232613,656479.9387454987
92389,1751924723.3435574,1751924913.611834,batch_consumer-sts-0_20250707_214840_921397.csv,True,False,False,1751925379.8232613,656479.7039031982
92399,1751924723.3437922,1751924913.6702902,batch_consumer-sts-0_20250707_214840_921397.csv,True,False,False,1751925379.8232613,656479.4690608978
92409,1751924723.344019,1751924914.6954896,batch_consumer-sts-0_20250707_214840_921397.csv,True,False,False,1751925379.8232613,656479.2423248291
92419,1751924723.344248,1751924914.7201176,batch_consumer-sts-0_20250707_214840_921397.csv,True,False,False,1751925379.8232613,656479.0132045746
92429,1751924723.344477,1751924914.7448587,batch_consumer-sts-0_20250707_214840_921397.csv,True,False,False,1751925379.8232613,656478.7843227386
92439,1751924723.3446996,1751924914.7699568,batch_consumer-sts-0_20250707_214840_921397.csv,True,False,False,1751925379.8232613,656478.5616397858
92449,1751924723.3449268,1751924914.7946496,batch_consumer-sts-0_20250707_214840_921397.csv,True,False,False,1751925379.8232613,656478.3344268799
92459,1751924723.3451486,1751924914.818585,batch_consumer-sts-0_20250707_214840_921397.csv,True,False,False,1751925379.8232613,656478.1126976013
92469,1751924723.345381,1751924914.8435905,batch_consumer-sts-0_20250707_214840_921397.csv,True,False,False,1751925379.8232613,656477.8802394867
92479,1751924723.3456078,1751924914.8685544,batch_consumer-sts-0_20250707_214840_921397.csv,True,False,False,1751925379.8232613,656477.653503418
92489,1751924723.3458393,1751924914.8933785,batch_consumer-sts-0_20250707_214840_921397.csv,True,False,False,1751925379.8232613,656477.4219989777
92499,1751924723.346069,1751924914.9176662,batch_consumer-sts-0_20250707_214840_921397.csv,True,False,False,1751925379.8232613,656477.1921634674
92509,1751924723.3462982,1751924914.9426596,batch_consumer-sts-0_20250707_214840_921397.csv,True,False,False,1751925379.8232613,656476.9630432129
92519,1751924723.3465302,1751924914.969381,batch_consumer-sts-0_20250707_214840_921397.csv,True,False,False,1751925379.8232613,656476.7310619354
92529,1751924723.346772,1751924914.9939456,batch_consumer-sts-0_20250707_214840_921397.csv,True,False,False,1751925379.8232613,656476.4893054962
92539,1751924723.347025,1751924915.0179696,batch_consumer-sts-0_20250707_214840_921397.csv,True,False,False,1751925379.8232613,656476.2363433838
92549,1751924723.3472652,1751924915.043088,batch_consumer-sts-0_20250707_214840_921397.csv,True,False,False,1751925379.8232613,656475.996017456
100249,1751924723.6491582,1751924915.0682156,batch_consumer-sts-0_20250707_214840_921397.csv,True,False,False,1751925379.8232613,656174.1030216217
100259,1751924723.6495175,1751924915.0933144,batch_consumer-sts-0_20250707_214840_921397.csv,True,False,False,1751925379.8232613,656173.743724823
100269,1751924723.6498387,1751924915.1175537,batch_consumer-sts-0_20250707_214840_921397.csv,True,False,False,1751925379.8232613,656173.422574997
100279,1751924723.6501374,1751924915.1422362,batch_consumer-sts-0_20250707_214840_921397.csv,True,False,False,1751925379.8232613,656173.1238365173
100289,1751924723.6505358,1751924915.1673486,batch_consumer-sts-0_20250707_214840_921397.csv,True,False,False,1751925379.8232613,656172.7254390717
100299,1751924723.6508975,1751924915.1932216,batch_consumer-sts-0_20250707_214840_921397.csv,True,False,False,1751925379.8232613,656172.3637580872
100309,1751924723.6512358,1751924915.2172508,batch_consumer-sts-0_20250707_214840_921397.csv,True,False,False,1751925379.8232613,656172.0254421234
100319,1751924723.6515658,1751924915.2416909,batch_consumer-sts-0_20250707_214840_921397.csv,True,False,False,1751925379.8232613,656171.6954708099
100329,1751924723.651872,1751924915.2661169,batch_consumer-sts-0_20250707_214840_921397.csv,True,False,False,1751925379.8232613,656171.3893413544
100339,1751924723.652208,1751924915.2917452,batch_consumer-sts-0_20250707_214840_921397.csv,True,False,False,1751925379.8232613,656171.0531711578
100349,1751924723.6525204,1751924915.315751,batch_consumer-sts-0_20250707_214840_921397.csv,True,False,False,1751925379.8232613,656170.7408428192
100359,1751924723.6528697,1751924915.340402,batch_consumer-sts-0_20250707_214840_921397.csv,True,False,False,1751925379.8232613,656170.3915596008
100369,1751924723.6532135,1751924915.3650029,batch_consumer-sts-0_20250707_214840_921397.csv,True,False,False,1751925379.8232613,656170.0477600098
100379,1751924723.6535208,1751924915.3895576,batch_consumer-sts-0_20250707_214840_921397.csv,True,False,False,1751925379.8232613,656169.7404384613
100389,1751924723.7946858,1751924915.4137774,batch_consumer-sts-0_20250707_214840_921397.csv,True,False,False,1751925379.8232613,656028.5754203796
100399,1751924723.7950585,1751924915.4386652,batch_consumer-sts-0_20250707_214840_921397.csv,True,False,False,1751925379.8232613,656028.2027721405
100409,1751924723.7953825,1751924915.463543,batch_consumer-sts-0_20250707_214840_921397.csv,True,False,False,1751925379.8232613,656027.8787612915
100419,1751924723.795714,1751924915.4882138,batch_consumer-sts-0_20250707_214840_921397.csv,True,False,False,1751925379.8232613,656027.5473594666
100429,1751924723.7960536,1751924915.5121653,batch_consumer-sts-0_20250707_214840_921397.csv,True,False,False,1751925379.8232613,656027.2076129913
100439,1751924723.7963605,1751924915.5368216,batch_consumer-sts-0_20250707_214840_921397.csv,True,False,False,1751925379.8232613,656026.90076828
100449,1751924723.7967012,1751924915.5618656,batch_consumer-sts-0_20250707_214840_921397.csv,True,False,False,1751925379.8232613,656026.5600681305
100459,1751924723.79702,1751924915.5864823,batch_consumer-sts-0_20250707_214840_921397.csv,True,False,False,1751925379.8232613,656026.2413024902
100469,1751924723.7973332,1751924915.610977,batch_consumer-sts-0_20250707_214840_921397.csv,True,False,False,1751925379.8232613,656025.9280204773
100479,1751924723.7976604,1751924915.637301,batch_consumer-sts-0_20250707_214840_921397.csv,True,False,False,1751925379.8232613,656025.6009101868
100489,1751924723.797994,1751924915.661903,batch_consumer-sts-0_20250707_214840_921397.csv,True,False,False,1751925379.8232613,656025.2673625946
100499,1751924723.798339,1751924915.68673,batch_consumer-sts-0_20250707_214840_921397.csv,True,False,False,1751925379.8232613,656024.9223709106
100509,1751924723.7986836,1751924915.7108836,batch_consumer-sts-0_20250707_214840_921397.csv,True,False,False,1751925379.8232613,656024.5776176453
100519,1751924723.799014,1751924915.739764,batch_consumer-sts-0_20250707_214840_921397.csv,True,False,False,1751925379.8232613,656024.2471694946
100529,1751924723.7993507,1751924915.7648249,batch_consumer-sts-0_20250707_214840_921397.csv,True,False,False,1751925379.8232613,656023.9105224609
100539,1751924723.7996864,1751924915.790041,batch_consumer-sts-0_20250707_214840_921397.csv,True,False,False,1751925379.8232613,656023.5748291016
100549,1751924723.8000195,1751924915.814511,batch_consumer-sts-0_20250707_214840_921397.csv,True,False,False,1751925379.8232613,656023.2417583466
100559,1751924723.8003504,1751924915.8394108,batch_consumer-sts-0_20250707_214840_921397.csv,True,False,False,1751925379.8232613,656022.9108333588
100569,1751924723.800654,1751924915.8642907,batch_consumer-sts-0_20250707_214840_921397.csv,True,False,False,1751925379.8232613,656022.6073265076
100579,1751924723.8009946,1751924915.8898025,batch_consumer-sts-0_20250707_214840_921397.csv,True,False,False,1751925379.8232613,656022.266626358
100589,1751924723.801319,1751924915.9142437,batch_consumer-sts-0_20250707_214840_921397.csv,True,False,False,1751925379.8232613,656021.9423770905
100599,1751924723.801658,1751924915.9393682,batch_consumer-sts-0_20250707_214840_921397.csv,True,False,False,1751925379.8232613,656021.603345871
100609,1751924723.8019967,1751924915.9645526,batch_consumer-sts-0_20250707_214840_921397.csv,True,False,False,1751925379.8232613,656021.2645530701
100619,1751924723.8023503,1751924915.9897356,batch_consumer-sts-0_20250707_214840_921397.csv,True,False,False,1751925379.8232613,656020.9109783173
100629,1751924723.80259,1751924916.0141134,batch_consumer-sts-0_20250707_214840_921397.csv,True,False,False,1751925379.8232613,656020.6713676453
100639,1751924723.8028252,1751924916.038695,batch_consumer-sts-0_20250707_214840_921397.csv,True,False,False,1751925379.8232613,656020.4360485077
100649,1751924723.803076,1751924916.0641515,batch_consumer-sts-0_20250707_214840_921397.csv,True,False,False,1751925379.8232613,656020.1852321625
100659,1751924723.8033173,1751924916.0892727,batch_consumer-sts-0_20250707_214840_921397.csv,True,False,False,1751925379.8232613,656019.9439525604
108409,1751924728.1370406,1751924916.1137238,batch_consumer-sts-0_20250707_214840_921397.csv,True,False,False,1751925379.8232613,651686.2206459045
108419,1751924728.13728,1751924916.1385236,batch_consumer-sts-0_20250707_214840_921397.csv,True,False,False,1751925379.8232613,651685.9812736511
108429,1751924728.1374884,1751924916.1631966,batch_consumer-sts-0_20250707_214840_921397.csv,True,False,False,1751925379.8232613,651685.772895813
108439,1751924728.137694,1751924916.1881232,batch_consumer-sts-0_20250707_214840_921397.csv,True,False,False,1751925379.8232613,651685.5673789978
108449,1751924728.137883,1751924916.2124212,batch_consumer-sts-0_20250707_214840_921397.csv,True,False,False,1751925379.8232613,651685.3783130646
108459,1751924728.1380773,1751924916.2375164,batch_consumer-sts-0_20250707_214840_921397.csv,True,False,False,1751925379.8232613,651685.1840019226
108469,1751924728.138297,1751924916.2624865,batch_consumer-sts-0_20250707_214840_921397.csv,True,False,False,1751925379.8232613,651684.9641799927
108479,1751924728.138492,1751924916.2867525,batch_consumer-sts-0_20250707_214840_921397.csv,True,False,False,1751925379.8232613,651684.769153595
108489,1751924728.1386838,1751924916.3110778,batch_consumer-sts-0_20250707_214840_921397.csv,True,False,False,1751925379.8232613,651684.5774650574
108499,1751924728.138887,1751924916.3363247,batch_consumer-sts-0_20250707_214840_921397.csv,True,False,False,1751925379.8232613,651684.374332428
108509,1751924728.1390762,1751924916.3618329,batch_consumer-sts-0_20250707_214840_921397.csv,True,False,False,1751925379.8232613,651684.1850280762
108519,1751924728.1392665,1751924916.3868384,batch_consumer-sts-0_20250707_214840_921397.csv,True,False,False,1751925379.8232613,651683.99477005
108529,1751924728.139466,1751924916.411472,batch_consumer-sts-0_20250707_214840_921397.csv,True,False,False,1751925379.8232613,651683.7952136993
108539,1751924728.139662,1751924916.6307056,batch_consumer-sts-0_20250707_214840_921397.csv,True,False,False,1751925379.8232613,651683.5992336273
108549,1751924728.139856,1751924916.655242,batch_consumer-sts-0_20250707_214840_921397.csv,True,False,False,1751925379.8232613,651683.4051609039
108559,1751924728.1400492,1751924916.6798732,batch_consumer-sts-0_20250707_214840_921397.csv,True,False,False,1751925379.8232613,651683.2120418549
108569,1751924728.1402442,1751924916.7042325,batch_consumer-sts-0_20250707_214840_921397.csv,True,False,False,1751925379.8232613,651683.0170154572
108579,1751924728.1404352,1751924916.7286644,batch_consumer-sts-0_20250707_214840_921397.csv,True,False,False,1751925379.8232613,651682.8260421753
108589,1751924728.1406376,1751924916.7530656,batch_consumer-sts-0_20250707_214840_921397.csv,True,False,False,1751925379.8232613,651682.6236248016
108599,1751924728.140823,1751924916.7779243,batch_consumer-sts-0_20250707_214840_921397.csv,True,False,False,1751925379.8232613,651682.4383735657
108609,1751924728.1410117,1751924916.8024795,batch_consumer-sts-0_20250707_214840_921397.csv,True,False,False,1751925379.8232613,651682.249546051
108619,1751924728.1412003,1751924916.8272047,batch_consumer-sts-0_20250707_214840_921397.csv,True,False,False,1751925379.8232613,651682.060956955
108629,1751924728.1413856,1751924916.852173,batch_consumer-sts-0_20250707_214840_921397.csv,True,False,False,1751925379.8232613,651681.875705719
108639,1751924728.1415691,1751924916.877237,batch_consumer-sts-0_20250707_214840_921397.csv,True,False,False,1751925379.8232613,651681.6921234131
108649,1751924728.1417563,1751924916.9021926,batch_consumer-sts-0_20250707_214840_921397.csv,True,False,False,1751925379.8232613,651681.5049648285
108659,1751924728.141935,1751924916.9270177,batch_consumer-sts-0_20250707_214840_921397.csv,True,False,False,1751925379.8232613,651681.3261508942
108669,1751924728.1421218,1751924916.951693,batch_consumer-sts-0_20250707_214840_921397.csv,True,False,False,1751925379.8232613,651681.1394691467
108679,1751924728.1423566,1751924916.9783232,batch_consumer-sts-0_20250707_214840_921397.csv,True,False,False,1751925379.8232613,651680.9046268463
108689,1751924728.1425726,1751924917.0029702,batch_consumer-sts-0_20250707_214840_921397.csv,True,False,False,1751925379.8232613,651680.6886196136
108699,1751924728.1427832,1751924917.0276854,batch_consumer-sts-0_20250707_214840_921397.csv,True,False,False,1751925379.8232613,651680.4780960083
108709,1751924728.1429994,1751924917.0521014,batch_consumer-sts-0_20250707_214840_921397.csv,True,False,False,1751925379.8232613,651680.261850357
108719,1751924728.1432123,1751924917.0766692,batch_consumer-sts-0_20250707_214840_921397.csv,True,False,False,1751925379.8232613,651680.0489425659
108729,1751924728.1434407,1751924917.104212,batch_consumer-sts-0_20250707_214840_921397.csv,True,False,False,1751925379.8232613,651679.8205375671
108739,1751924728.1436362,1751924917.1286583,batch_consumer-sts-0_20250707_214840_921397.csv,True,False,False,1751925379.8232613,651679.6250343323
108749,1751924728.1438327,1751924917.1532838,batch_consumer-sts-0_20250707_214840_921397.csv,True,False,False,1751925379.8232613,651679.4285774231
108759,1751924728.144024,1751924917.1778808,batch_consumer-sts-0_20250707_214840_921397.csv,True,False,False,1751925379.8232613,651679.2373657227
108769,1751924728.14422,1751924917.202454,batch_consumer-sts-0_20250707_214840_921397.csv,True,False,False,1751925379.8232613,651679.041147232
108779,1751924728.1444175,1751924917.22667,batch_consumer-sts-0_20250707_214840_921397.csv,True,False,False,1751925379.8232613,651678.8437366486
108789,1751924728.1446192,1751924917.251368,batch_consumer-sts-0_20250707_214840_921397.csv,True,False,False,1751925379.8232613,651678.6420345306
108799,1751924728.1448054,1751924917.2748544,batch_consumer-sts-0_20250707_214840_921397.csv,True,False,False,1751925379.8232613,651678.4558296204
108809,1751924728.1449888,1751924917.2991097,batch_consumer-sts-0_20250707_214840_921397.csv,True,False,False,1751925379.8232613,651678.272485733
108819,1751924728.1451735,1751924917.3242688,batch_consumer-sts-0_20250707_214840_921397.csv,True,False,False,1751925379.8232613,651678.0877113342
108829,1751924728.1453571,1751924917.349542,batch_consumer-sts-0_20250707_214840_921397.csv,True,False,False,1751925379.8232613,651677.9041290283
108839,1751924728.1455348,1751924917.3747194,batch_consumer-sts-0_20250707_214840_921397.csv,True,False,False,1751925379.8232613,651677.7265071869
108849,1751924728.145719,1751924917.4000783,batch_consumer-sts-0_20250707_214840_921397.csv,True,False,False,1751925379.8232613,651677.5422096252
108859,1751924728.1459055,1751924917.42502,batch_consumer-sts-0_20250707_214840_921397.csv,True,False,False,1751925379.8232613,651677.3557662964
108869,1751924728.146086,1751924917.4499202,batch_consumer-sts-0_20250707_214840_921397.csv,True,False,False,1751925379.8232613,651677.175283432
108879,1751924728.1463013,1751924917.4752722,batch_consumer-sts-0_20250707_214840_921397.csv,True,False,False,1751925379.8232613,651676.9599914551
108889,1751924728.146511,1751924917.5007403,batch_consumer-sts-0_20250707_214840_921397.csv,True,False,False,1751925379.8232613,651676.7501831055
108899,1751924728.146689,1751924917.5264814,batch_consumer-sts-0_20250707_214840_921397.csv,True,False,False,1751925379.8232613,651676.5723228455
108909,1751924728.1468651,1751924917.5509217,batch_consumer-sts-0_20250707_214840_921397.csv,True,False,False,1751925379.8232613,651676.3961315155
108919,1751924728.1470532,1751924917.576198,batch_consumer-sts-0_20250707_214840_921397.csv,True,False,False,1751925379.8232613,651676.2080192566
108929,1751924728.147236,1751924917.6009042,batch_consumer-sts-0_20250707_214840_921397.csv,True,False,False,1751925379.8232613,651676.0251522064
108939,1751924728.1474166,1751924917.625307,batch_consumer-sts-0_20250707_214840_921397.csv,True,False,False,1751925379.8232613,651675.844669342
108949,1751924728.1475992,1751924917.655703,batch_consumer-sts-0_20250707_214840_921397.csv,True,False,False,1751925379.8232613,651675.6620407104
108959,1751924728.1477787,1751924917.6803071,batch_consumer-sts-0_20250707_214840_921397.csv,True,False,False,1751925379.8232613,651675.4825115204
108969,1751924728.147962,1751924917.703635,batch_consumer-sts-0_20250707_214840_921397.csv,True,False,False,1751925379.8232613,651675.299167633
108979,1751924728.1481445,1751924917.7284596,batch_consumer-sts-0_20250707_214840_921397.csv,True,False,False,1751925379.8232613,651675.11677742
108989,1751924728.148322,1751924917.7529316,batch_consumer-sts-0_20250707_214840_921397.csv,True,False,False,1751925379.8232613,651674.9391555786
108999,1751924728.1485038,1751924917.7777617,batch_consumer-sts-0_20250707_214840_921397.csv,True,False,False,1751925379.8232613,651674.7574806213
109009,1751924728.148687,1751924917.803003,batch_consumer-sts-0_20250707_214840_921397.csv,True,False,False,1751925379.8232613,651674.5743751526
109019,1751924728.1488647,1751924917.827896,batch_consumer-sts-0_20250707_214840_921397.csv,True,False,False,1751925379.8232613,651674.3965148926
109029,1751924728.1490457,1751924917.8532631,batch_consumer-sts-0_20250707_214840_921397.csv,True,False,False,1751925379.8232613,651674.215555191
109039,1751924728.149225,1751924917.8792784,batch_consumer-sts-0_20250707_214840_921397.csv,True,False,False,1751925379.8232613,651674.0362644196
109049,1751924728.1494038,1751924917.9047115,batch_consumer-sts-0_20250707_214840_921397.csv,True,False,False,1751925379.8232613,651673.8574504852
109059,1751924728.1495924,1751924917.9294786,batch_consumer-sts-0_20250707_214840_921397.csv,True,False,False,1751925379.8232613,651673.6688613892
109069,1751924728.1497698,1751924917.954453,batch_consumer-sts-0_20250707_214840_921397.csv,True,False,False,1751925379.8232613,651673.4914779663
109079,1751924728.1499496,1751924917.9797325,batch_consumer-sts-0_20250707_214840_921397.csv,True,False,False,1751925379.8232613,651673.3117103577
109089,1751924728.1501317,1751924918.0041385,batch_consumer-sts-0_20250707_214840_921397.csv,True,False,False,1751925379.8232613,651673.1295585632
109099,1751924728.1503437,1751924918.0371702,batch_consumer-sts-0_20250707_214840_921397.csv,True,False,False,1751925379.8232613,651672.9176044464
109109,1751924728.150611,1751924918.0618973,batch_consumer-sts-0_20250707_214840_921397.csv,True,False,False,1751925379.8232613,651672.6503372192
109119,1751924728.1508038,1751924918.086511,batch_consumer-sts-0_20250707_214840_921397.csv,True,False,False,1751925379.8232613,651672.4574565887
109129,1751924728.1509986,1751924918.1104398,batch_consumer-sts-0_20250707_214840_921397.csv,True,False,False,1751925379.8232613,651672.2626686096
109139,1751924728.151188,1751924918.1351137,batch_consumer-sts-0_20250707_214840_921397.csv,True,False,False,1751925379.8232613,651672.0733642578
109149,1751924728.151381,1751924918.159417,batch_consumer-sts-0_20250707_214840_921397.csv,True,False,False,1751925379.8232613,651671.8802452087
109159,1751924728.1515832,1751924918.184091,batch_consumer-sts-0_20250707_214840_921397.csv,True,False,False,1751925379.8232613,651671.6780662537
109169,1751924728.1517637,1751924918.2097726,batch_consumer-sts-0_20250707_214840_921397.csv,True,False,False,1751925379.8232613,651671.4975833893
109179,1751924728.1519508,1751924918.234461,batch_consumer-sts-0_20250707_214840_921397.csv,True,False,False,1751925379.8232613,651671.3104248047
109189,1751924728.1521275,1751924918.2594528,batch_consumer-sts-0_20250707_214840_921397.csv,True,False,False,1751925379.8232613,651671.1337566376
109199,1751924728.152306,1751924918.284435,batch_consumer-sts-0_20250707_214840_921397.csv,True,False,False,1751925379.8232613,651670.9551811218
109209,1751924728.152489,1751924918.3090034,batch_consumer-sts-0_20250707_214840_921397.csv,True,False,False,1751925379.8232613,651670.7723140717
109219,1751924728.1526823,1751924918.337047,batch_consumer-sts-0_20250707_214840_921397.csv,True,False,False,1751925379.8232613,651670.578956604
109229,1751924728.1528697,1751924918.361888,batch_consumer-sts-0_20250707_214840_921397.csv,True,False,False,1751925379.8232613,651670.3915596008
109239,1751924728.153052,1751924918.3865037,batch_consumer-sts-0_20250707_214840_921397.csv,True,False,False,1751925379.8232613,651670.2091693878
109249,1751924728.1532352,1751924918.410669,batch_consumer-sts-0_20250707_214840_921397.csv,True,False,False,1751925379.8232613,651670.0260639191
109259,1751924728.1534424,1751924918.4353416,batch_consumer-sts-0_20250707_214840_921397.csv,True,False,False,1751925379.8232613,651669.8188781738
109269,1751924728.1536355,1751924918.4602706,batch_consumer-sts-0_20250707_214840_921397.csv,True,False,False,1751925379.8232613,651669.6257591248
109279,1751924728.1538315,1751924918.4844372,batch_consumer-sts-0_20250707_214840_921397.csv,True,False,False,1751925379.8232613,651669.4297790527
109289,1751924728.1540277,1751924918.508759,batch_consumer-sts-0_20250707_214840_921397.csv,True,False,False,1751925379.8232613,651669.2335605621
109299,1751924728.1542523,1751924918.5340507,batch_consumer-sts-0_20250707_214840_921397.csv,True,False,False,1751925379.8232613,651669.0089702606
109309,1751924728.154467,1751924918.5642097,batch_consumer-sts-0_20250707_214840_921397.csv,True,False,False,1751925379.8232613,651668.7941551208
109319,1751924728.154668,1751924918.591066,batch_consumer-sts-0_20250707_214840_921397.csv,True,False,False,1751925379.8232613,651668.5931682587
109329,1751924728.1548617,1751924918.6157525,batch_consumer-sts-0_20250707_214840_921397.csv,True,False,False,1751925379.8232613,651668.3995723724
109339,1751924728.1550589,1751924918.6410644,batch_consumer-sts-0_20250707_214840_921397.csv,True,False,False,1751925379.8232613,651668.2024002075
109349,1751924728.1552546,1751924918.6658854,batch_consumer-sts-0_20250707_214840_921397.csv,True,False,False,1751925379.8232613,651668.0066585541
109359,1751924728.1554558,1751924918.6913552,batch_consumer-sts-0_20250707_214840_921397.csv,True,False,False,1751925379.8232613,651667.8054332733
109779,1751924728.441713,1751924918.7157054,batch_consumer-sts-0_20250707_214840_921397.csv,True,False,False,1751925379.8232613,651381.548166275
109789,1751924728.4419322,1751924918.773408,batch_consumer-sts-0_20250707_214840_921397.csv,True,False,False,1751925379.8232613,651381.3290596008
109799,1751924728.4421358,1751924918.798299,batch_consumer-sts-0_20250707_214840_921397.csv,True,False,False,1751925379.8232613,651381.1254501343
109809,1751924728.4423993,1751924918.821725,batch_consumer-sts-0_20250707_214840_921397.csv,True,False,False,1751925379.8232613,651380.8619976044
109819,1751924728.442618,1751924918.846392,batch_consumer-sts-0_20250707_214840_921397.csv,True,False,False,1751925379.8232613,651380.6433677673
109829,1751924728.4428363,1751924918.8719451,batch_consumer-sts-0_20250707_214840_921397.csv,True,False,False,1751925379.8232613,651380.4249763489
109839,1751924728.4430592,1751924919.3307312,batch_consumer-sts-0_20250707_214840_921397.csv,True,False,False,1751925379.8232613,651380.2020549774
109849,1751924728.4432783,1751924920.4223337,batch_consumer-sts-0_20250707_214840_921397.csv,True,False,False,1751925379.8232613,651379.9829483032
109859,1751924728.4434967,1751924920.4470878,batch_consumer-sts-0_20250707_214840_921397.csv,True,False,False,1751925379.8232613,651379.7645568848
109869,1751924728.443685,1751924920.473781,batch_consumer-sts-0_20250707_214840_921397.csv,True,False,False,1751925379.8232613,651379.5762062073
109879,1751924728.4438806,1751924920.4990828,batch_consumer-sts-0_20250707_214840_921397.csv,True,False,False,1751925379.8232613,651379.3807029724
109889,1751924728.4441068,1751924920.5236468,batch_consumer-sts-0_20250707_214840_921397.csv,True,False,False,1751925379.8232613,651379.1544437408
109899,1751924728.4442947,1751924920.5484123,batch_consumer-sts-0_20250707_214840_921397.csv,True,False,False,1751925379.8232613,651378.9665699005
109909,1751924728.444496,1751924920.573315,batch_consumer-sts-0_20250707_214840_921397.csv,True,False,False,1751925379.8232613,651378.7653446198
109919,1751924728.4446814,1751924920.5970504,batch_consumer-sts-0_20250707_214840_921397.csv,True,False,False,1751925379.8232613,651378.5798549652
109929,1751924728.4448764,1751924920.621092,batch_consumer-sts-0_20250707_214840_921397.csv,True,False,False,1751925379.8232613,651378.3848285675
109939,1751924728.4450731,1751924920.6467588,batch_consumer-sts-0_20250707_214840_921397.csv,True,False,False,1751925379.8232613,651378.1881332397
109949,1751924728.445274,1751924920.6718493,batch_consumer-sts-0_20250707_214840_921397.csv,True,False,False,1751925379.8232613,651377.9871463776
109959,1751924728.4454627,1751924920.6968026,batch_consumer-sts-0_20250707_214840_921397.csv,True,False,False,1751925379.8232613,651377.7985572815
109969,1751924728.4456513,1751924920.721166,batch_consumer-sts-0_20250707_214840_921397.csv,True,False,False,1751925379.8232613,651377.6099681854
109979,1751924728.4458325,1751924920.7471364,batch_consumer-sts-0_20250707_214840_921397.csv,True,False,False,1751925379.8232613,651377.4287700653
109989,1751924728.446018,1751924920.7721877,batch_consumer-sts-0_20250707_214840_921397.csv,True,False,False,1751925379.8232613,651377.2432804108
109999,1751924728.4462273,1751924920.797149,batch_consumer-sts-0_20250707_214840_921397.csv,True,False,False,1751925379.8232613,651377.0339488983
110009,1751924728.4464226,1751924920.8218467,batch_consumer-sts-0_20250707_214840_921397.csv,True,False,False,1751925379.8232613,651376.838684082
110019,1751924728.4466114,1751924920.8465917,batch_consumer-sts-0_20250707_214840_921397.csv,True,False,False,1751925379.8232613,651376.6498565674
110029,1751924728.4468048,1751924920.8713388,batch_consumer-sts-0_20250707_214840_921397.csv,True,False,False,1751925379.8232613,651376.4564990997
110039,1751924728.4469976,1751924920.8959894,batch_consumer-sts-0_20250707_214840_921397.csv,True,False,False,1751925379.8232613,651376.2636184692
110049,1751924728.4471943,1751924921.114533,batch_consumer-sts-0_20250707_214859_053141.csv,True,False,False,1751925379.8232613,651376.0669231415
110059,1751924728.4473925,1751924921.1398635,batch_consumer-sts-0_20250707_214859_053141.csv,True,False,False,1751925379.8232613,651375.8687973022
110069,1751924728.447577,1751924921.1652062,batch_consumer-sts-0_20250707_214859_053141.csv,True,False,False,1751925379.8232613,651375.684261322
110079,1751924728.44776,1751924921.1899478,batch_consumer-sts-0_20250707_214859_053141.csv,True,False,False,1751925379.8232613,651375.5011558533
110089,1751924728.447948,1751924921.215085,batch_consumer-sts-0_20250707_214859_053141.csv,True,False,False,1751925379.8232613,651375.3132820129
110099,1751924728.4481316,1751924921.2402985,batch_consumer-sts-0_20250707_214859_053141.csv,True,False,False,1751925379.8232613,651375.129699707
110109,1751924728.4483202,1751924921.2643626,batch_consumer-sts-0_20250707_214859_053141.csv,True,False,False,1751925379.8232613,651374.941110611
110119,1751924728.448499,1751924921.2883492,batch_consumer-sts-0_20250707_214859_053141.csv,True,False,False,1751925379.8232613,651374.7622966766
110129,1751924728.4486864,1751924921.3128655,batch_consumer-sts-0_20250707_214859_053141.csv,True,False,False,1751925379.8232613,651374.5748996735
110139,1751924728.448895,1751924921.3379717,batch_consumer-sts-0_20250707_214859_053141.csv,True,False,False,1751925379.8232613,651374.3662834167
110149,1751924728.449083,1751924921.363039,batch_consumer-sts-0_20250707_214859_053141.csv,True,False,False,1751925379.8232613,651374.1781711578
110159,1751924728.4492726,1751924921.3882475,batch_consumer-sts-0_20250707_214859_053141.csv,True,False,False,1751925379.8232613,651373.9886283875
110169,1751924728.4494653,1751924921.4127882,batch_consumer-sts-0_20250707_214859_053141.csv,True,False,False,1751925379.8232613,651373.7959861755
110179,1751924728.449652,1751924921.4376042,batch_consumer-sts-0_20250707_214859_053141.csv,True,False,False,1751925379.8232613,651373.6093044281
110189,1751924728.4498477,1751924921.462348,batch_consumer-sts-0_20250707_214859_053141.csv,True,False,False,1751925379.8232613,651373.4135627747
110199,1751924728.4500415,1751924921.4870455,batch_consumer-sts-0_20250707_214859_053141.csv,True,False,False,1751925379.8232613,651373.2197284698
110209,1751924728.4502392,1751924921.5110755,batch_consumer-sts-0_20250707_214859_053141.csv,True,False,False,1751925379.8232613,651373.0220794678
110219,1751924728.4504285,1751924921.5357814,batch_consumer-sts-0_20250707_214859_053141.csv,True,False,False,1751925379.8232613,651372.832775116
110229,1751924728.4506178,1751924921.8791556,batch_consumer-sts-0_20250707_214859_053141.csv,True,False,False,1751925379.8232613,651372.6434707642
110239,1751924728.4508278,1751924921.904556,batch_consumer-sts-0_20250707_214859_053141.csv,True,False,False,1751925379.8232613,651372.433423996
110249,1751924728.4510188,1751924921.9292345,batch_consumer-sts-0_20250707_214859_053141.csv,True,False,False,1751925379.8232613,651372.2424507141
110259,1751924728.4512095,1751924921.9541032,batch_consumer-sts-0_20250707_214859_053141.csv,True,False,False,1751925379.8232613,651372.0517158508
110269,1751924728.7624574,1751924921.9791574,batch_consumer-sts-0_20250707_214859_053141.csv,True,False,False,1751925379.8232613,651060.8038902283
110279,1751924728.7627263,1751924922.002916,batch_consumer-sts-0_20250707_214859_053141.csv,True,False,False,1751925379.8232613,651060.534954071
110289,1751924728.7629547,1751924922.0335903,batch_consumer-sts-0_20250707_214859_053141.csv,True,False,False,1751925379.8232613,651060.3065490723
110299,1751924728.763184,1751924922.058653,batch_consumer-sts-0_20250707_214859_053141.csv,True,False,False,1751925379.8232613,651060.0771903992
110309,1751924728.7634408,1751924922.0841718,batch_consumer-sts-0_20250707_214859_053141.csv,True,False,False,1751925379.8232613,651059.8204135895
110319,1751924728.7636728,1751924922.1088982,batch_consumer-sts-0_20250707_214859_053141.csv,True,False,False,1751925379.8232613,651059.588432312
110329,1751924728.7638917,1751924922.133743,batch_consumer-sts-0_20250707_214859_053141.csv,True,False,False,1751925379.8232613,651059.3695640564
110339,1751924728.7640874,1751924922.160182,batch_consumer-sts-0_20250707_214859_053141.csv,True,False,False,1751925379.8232613,651059.173822403
110349,1751924728.7642813,1751924922.186054,batch_consumer-sts-0_20250707_214859_053141.csv,True,False,False,1751925379.8232613,651058.9799880981
110359,1751924728.7644677,1751924922.21014,batch_consumer-sts-0_20250707_214859_053141.csv,True,False,False,1751925379.8232613,651058.7935447693
110369,1751924728.76466,1751924922.2383869,batch_consumer-sts-0_20250707_214859_053141.csv,True,False,False,1751925379.8232613,651058.6013793945
110379,1751924728.764862,1751924922.2635453,batch_consumer-sts-0_20250707_214859_053141.csv,True,False,False,1751925379.8232613,651058.3992004395
110389,1751924728.765045,1751924922.2908435,batch_consumer-sts-0_20250707_214859_053141.csv,True,False,False,1751925379.8232613,651058.2163333893
110399,1751924728.765226,1751924922.3151562,batch_consumer-sts-0_20250707_214859_053141.csv,True,False,False,1751925379.8232613,651058.0353736877
110409,1751924728.7654114,1751924922.3401375,batch_consumer-sts-0_20250707_214859_053141.csv,True,False,False,1751925379.8232613,651057.8498840332
110419,1751924728.7655935,1751924922.3666203,batch_consumer-sts-0_20250707_214859_053141.csv,True,False,False,1751925379.8232613,651057.6677322388
110429,1751924728.7657795,1751924922.3915484,batch_consumer-sts-0_20250707_214859_053141.csv,True,False,False,1751925379.8232613,651057.4817657471
110439,1751924728.76597,1751924922.4159138,batch_consumer-sts-0_20250707_214859_053141.csv,True,False,False,1751925379.8232613,651057.2912693024
110449,1751924728.766168,1751924922.442093,batch_consumer-sts-0_20250707_214859_053141.csv,True,False,False,1751925379.8232613,651057.0931434631
110459,1751924728.766384,1751924922.4671874,batch_consumer-sts-0_20250707_214859_053141.csv,True,False,False,1751925379.8232613,651056.877374649
110469,1751924728.766586,1751924922.4921486,batch_consumer-sts-0_20250707_214859_053141.csv,True,False,False,1751925379.8232613,651056.675195694
110479,1751924728.766779,1751924922.5165272,batch_consumer-sts-0_20250707_214859_053141.csv,True,False,False,1751925379.8232613,651056.4823150635
110489,1751924728.7669752,1751924922.542262,batch_consumer-sts-0_20250707_214859_053141.csv,True,False,False,1751925379.8232613,651056.2860965729
110499,1751924728.7671683,1751924922.5675328,batch_consumer-sts-0_20250707_214859_053141.csv,True,False,False,1751925379.8232613,651056.0929775238
110509,1751924728.767367,1751924922.5931878,batch_consumer-sts-0_20250707_214859_053141.csv,True,False,False,1751925379.8232613,651055.8943748474
110519,1751924728.7675667,1751924922.6177735,batch_consumer-sts-0_20250707_214859_053141.csv,True,False,False,1751925379.8232613,651055.6945800781
110529,1751924728.7677443,1751924922.6425974,batch_consumer-sts-0_20250707_214859_053141.csv,True,False,False,1751925379.8232613,651055.5169582367
110539,1751924728.7679296,1751924922.668058,batch_consumer-sts-0_20250707_214859_053141.csv,True,False,False,1751925379.8232613,651055.3317070007
115539,1751924731.488771,1751924922.692762,batch_consumer-sts-0_20250707_214859_053141.csv,True,False,False,1751925379.8232613,648334.4902992249
115549,1751924731.488978,1751924922.7170205,batch_consumer-sts-0_20250707_214859_053141.csv,True,False,False,1751925379.8232613,648334.2833518982
115559,1751924731.4891956,1751924922.7421875,batch_consumer-sts-0_20250707_214859_053141.csv,True,False,False,1751925379.8232613,648334.0656757355
115569,1751924731.489395,1751924922.7670343,batch_consumer-sts-0_20250707_214859_053141.csv,True,False,False,1751925379.8232613,648333.8663578033
115579,1751924731.4895885,1751924922.792039,batch_consumer-sts-0_20250707_214859_053141.csv,True,False,False,1751925379.8232613,648333.6727619171
115589,1751924731.4897854,1751924922.816524,batch_consumer-sts-0_20250707_214859_053141.csv,True,False,False,1751925379.8232613,648333.4758281708
115599,1751924731.4899795,1751924922.8412402,batch_consumer-sts-0_20250707_214859_053141.csv,True,False,False,1751925379.8232613,648333.2817554474
115609,1751924731.4901867,1751924922.8664117,batch_consumer-sts-0_20250707_214859_053141.csv,True,False,False,1751925379.8232613,648333.0745697021
115619,1751924731.4903915,1751924922.8930445,batch_consumer-sts-0_20250707_214859_053141.csv,True,False,False,1751925379.8232613,648332.8697681427
115629,1751924731.4905777,1751924922.917365,batch_consumer-sts-0_20250707_214859_053141.csv,True,False,False,1751925379.8232613,648332.6835632324
115639,1751924731.4907622,1751924922.9427786,batch_consumer-sts-0_20250707_214859_053141.csv,True,False,False,1751925379.8232613,648332.4990272522
115649,1751924731.4909403,1751924922.9677894,batch_consumer-sts-0_20250707_214859_053141.csv,True,False,False,1751925379.8232613,648332.3209285736
115659,1751924731.4911203,1751924922.9940712,batch_consumer-sts-0_20250707_214859_053141.csv,True,False,False,1751925379.8232613,648332.1409225464
115669,1751924731.4913037,1751924923.0182545,batch_consumer-sts-0_20250707_214859_053141.csv,True,False,False,1751925379.8232613,648331.957578659
115679,1751924731.4914868,1751924923.043362,batch_consumer-sts-0_20250707_214859_053141.csv,True,False,False,1751925379.8232613,648331.7744731903
115689,1751924731.4916694,1751924923.0682397,batch_consumer-sts-0_20250707_214859_053141.csv,True,False,False,1751925379.8232613,648331.5918445587
115699,1751924731.4918573,1751924923.092959,batch_consumer-sts-0_20250707_214859_053141.csv,True,False,False,1751925379.8232613,648331.4039707184
115709,1751924731.4920394,1751924923.117122,batch_consumer-sts-0_20250707_214859_053141.csv,True,False,False,1751925379.8232613,648331.221818924
115719,1751924731.4922276,1751924923.1418796,batch_consumer-sts-0_20250707_214859_053141.csv,True,False,False,1751925379.8232613,648331.033706665
115729,1751924731.4924104,1751924923.1666515,batch_consumer-sts-0_20250707_214859_053141.csv,True,False,False,1751925379.8232613,648330.8508396149
115739,1751924731.4925928,1751924923.1919353,batch_consumer-sts-0_20250707_214859_053141.csv,True,False,False,1751925379.8232613,648330.6684494019
115749,1751924731.4927752,1751924923.2163336,batch_consumer-sts-0_20250707_214859_053141.csv,True,False,False,1751925379.8232613,648330.4860591888
115759,1751924731.4929783,1751924923.241788,batch_consumer-sts-0_20250707_214859_053141.csv,True,False,False,1751925379.8232613,648330.2829265594
115769,1751924731.4931717,1751924923.267361,batch_consumer-sts-0_20250707_214859_053141.csv,True,False,False,1751925379.8232613,648330.0895690918
115779,1751924731.4933732,1751924923.292636,batch_consumer-sts-0_20250707_214859_053141.csv,True,False,False,1751925379.8232613,648329.8881053925
115789,1751924731.4935803,1751924923.3171363,batch_consumer-sts-0_20250707_214859_053141.csv,True,False,False,1751925379.8232613,648329.6809196472
115799,1751924731.4937809,1751924923.3418958,batch_consumer-sts-0_20250707_214859_053141.csv,True,False,False,1751925379.8232613,648329.4804096222
115809,1751924731.4939754,1751924923.3669915,batch_consumer-sts-0_20250707_214859_053141.csv,True,False,False,1751925379.8232613,648329.2858600616
115819,1751924731.4941723,1751924923.3919933,batch_consumer-sts-0_20250707_214859_053141.csv,True,False,False,1751925379.8232613,648329.0889263153
115829,1751924731.4943616,1751924923.4164162,batch_consumer-sts-0_20250707_214859_053141.csv,True,False,False,1751925379.8232613,648328.8996219635
115839,1751924731.4945433,1751924923.4410186,batch_consumer-sts-0_20250707_214859_053141.csv,True,False,False,1751925379.8232613,648328.7179470062
115849,1751924731.494719,1751924923.4657595,batch_consumer-sts-0_20250707_214859_053141.csv,True,False,False,1751925379.8232613,648328.5422325134
115859,1751924731.4949048,1751924923.490958,batch_consumer-sts-0_20250707_214859_053141.csv,True,False,False,1751925379.8232613,648328.3565044403
115869,1751924731.495082,1751924923.5156317,batch_consumer-sts-0_20250707_214859_053141.csv,True,False,False,1751925379.8232613,648328.179359436
115879,1751924731.4952652,1751924923.5405042,batch_consumer-sts-0_20250707_214859_053141.csv,True,False,False,1751925379.8232613,648327.9960155487
115889,1751924731.4954388,1751924923.5654185,batch_consumer-sts-0_20250707_214859_053141.csv,True,False,False,1751925379.8232613,648327.8224468231
115899,1751924731.495619,1751924923.5906954,batch_consumer-sts-0_20250707_214859_053141.csv,True,False,False,1751925379.8232613,648327.6422023773
115909,1751924731.495795,1751924923.614736,batch_consumer-sts-0_20250707_214859_053141.csv,True,False,False,1751925379.8232613,648327.466249466
115919,1751924731.4959788,1751924923.639678,batch_consumer-sts-0_20250707_214859_053141.csv,True,False,False,1751925379.8232613,648327.2824287415
115929,1751924731.4961605,1751924923.6660855,batch_consumer-sts-0_20250707_214859_053141.csv,True,False,False,1751925379.8232613,648327.1007537842
115939,1751924731.49635,1751924923.6910026,batch_consumer-sts-0_20250707_214859_053141.csv,True,False,False,1751925379.8232613,648326.9112110138
121079,1751924733.807953,1751924923.715112,batch_consumer-sts-0_20250707_214859_053141.csv,True,False,False,1751925379.8232613,646015.308380127
121089,1751924733.8081665,1751924923.739807,batch_consumer-sts-0_20250707_214859_053141.csv,True,False,False,1751925379.8232613,646015.0947570801
121099,1751924733.8083637,1751924923.7648492,batch_consumer-sts-0_20250707_214859_053141.csv,True,False,False,1751925379.8232613,646014.8975849152
121109,1751924733.808566,1751924923.7896342,batch_consumer-sts-0_20250707_214859_053141.csv,True,False,False,1751925379.8232613,646014.6951675415
121119,1751924733.8087604,1751924923.818045,batch_consumer-sts-0_20250707_214859_053141.csv,True,False,False,1751925379.8232613,646014.5008563995
121129,1751924733.8089569,1751924923.8434055,batch_consumer-sts-0_20250707_214859_053141.csv,True,False,False,1751925379.8232613,646014.3043994904
121139,1751924733.809151,1751924923.917652,batch_consumer-sts-0_20250707_214859_053141.csv,True,False,False,1751925379.8232613,646014.110326767
121149,1751924733.8093486,1751924923.9454825,batch_consumer-sts-0_20250707_214859_053141.csv,True,False,False,1751925379.8232613,646013.9126777649
121159,1751924733.8095465,1751924923.970638,batch_consumer-sts-0_20250707_214859_053141.csv,True,False,False,1751925379.8232613,646013.7147903442
121169,1751924733.8097453,1751924923.9956026,batch_consumer-sts-0_20250707_214859_053141.csv,True,False,False,1751925379.8232613,646013.5159492493
121179,1751924733.8099394,1751924924.0200186,batch_consumer-sts-0_20250707_214859_053141.csv,True,False,False,1751925379.8232613,646013.3218765259
121189,1751924733.8101296,1751924924.0450432,batch_consumer-sts-0_20250707_214859_053141.csv,True,False,False,1751925379.8232613,646013.1316184998
121199,1751924733.810363,1751924924.0732355,batch_consumer-sts-0_20250707_214859_053141.csv,True,False,False,1751925379.8232613,646012.8982067108
121209,1751924733.8105624,1751924924.0979826,batch_consumer-sts-0_20250707_214859_053141.csv,True,False,False,1751925379.8232613,646012.6988887787
121219,1751924733.8107605,1751924924.1233888,batch_consumer-sts-0_20250707_214859_053141.csv,True,False,False,1751925379.8232613,646012.5007629395
121229,1751924733.810974,1751924924.1486645,batch_consumer-sts-0_20250707_214859_053141.csv,True,False,False,1751925379.8232613,646012.2873783112
121239,1751924733.811165,1751924924.1738634,batch_consumer-sts-0_20250707_214859_053141.csv,True,False,False,1751925379.8232613,646012.0961666107
121249,1751924733.8113554,1751924924.198911,batch_consumer-sts-0_20250707_214859_053141.csv,True,False,False,1751925379.8232613,646011.9059085846
121259,1751924733.8115416,1751924924.224038,batch_consumer-sts-0_20250707_214859_053141.csv,True,False,False,1751925379.8232613,646011.7197036743
121269,1751924733.8117294,1751924924.2490146,batch_consumer-sts-0_20250707_214859_053141.csv,True,False,False,1751925379.8232613,646011.531829834
121279,1751924733.811918,1751924924.274185,batch_consumer-sts-0_20250707_214859_053141.csv,True,False,False,1751925379.8232613,646011.3432407379
121289,1751924733.8121102,1751924924.2984326,batch_consumer-sts-0_20250707_214859_053141.csv,True,False,False,1751925379.8232613,646011.1510753632
121299,1751924733.812298,1751924924.3238811,batch_consumer-sts-0_20250707_214859_053141.csv,True,False,False,1751925379.8232613,646010.9632015228
121309,1751924733.8124871,1751924924.348764,batch_consumer-sts-0_20250707_214859_053141.csv,True,False,False,1751925379.8232613,646010.7741355896
121319,1751924733.8126829,1751924924.7323658,batch_consumer-sts-0_20250707_214859_053141.csv,True,False,False,1751925379.8232613,646010.5783939362
121329,1751924733.8128788,1751924924.7571447,batch_consumer-sts-0_20250707_214859_053141.csv,True,False,False,1751925379.8232613,646010.3824138641
121339,1751924733.8130698,1751924924.7817144,batch_consumer-sts-0_20250707_214859_053141.csv,True,False,False,1751925379.8232613,646010.1914405823
121349,1751924733.8132854,1751924924.8068824,batch_consumer-sts-0_20250707_214859_053141.csv,True,False,False,1751925379.8232613,646009.9759101868
121359,1751924733.8134823,1751924924.8311732,batch_consumer-sts-0_20250707_214859_053141.csv,True,False,False,1751925379.8232613,646009.7789764404
121369,1751924733.8136816,1751924925.8579571,batch_consumer-sts-0_20250707_214859_053141.csv,True,False,False,1751925379.8232613,646009.5796585083
121379,1751924733.8139513,1751924925.88289,batch_consumer-sts-0_20250707_214859_053141.csv,True,False,False,1751925379.8232613,646009.3100070953
121389,1751924733.81416,1751924925.9088197,batch_consumer-sts-0_20250707_214859_053141.csv,True,False,False,1751925379.8232613,646009.10115242
121399,1751924733.8143706,1751924925.9338083,batch_consumer-sts-0_20250707_214859_053141.csv,True,False,False,1751925379.8232613,646008.8906288147
121409,1751924733.814583,1751924925.9584594,batch_consumer-sts-0_20250707_214859_053141.csv,True,False,False,1751925379.8232613,646008.6781978607
121419,1751924733.8147724,1751924925.983362,batch_consumer-sts-0_20250707_214859_053141.csv,True,False,False,1751925379.8232613,646008.4888935089
121429,1751924733.8149643,1751924926.0077689,batch_consumer-sts-0_20250707_214859_053141.csv,True,False,False,1751925379.8232613,646008.2969665527
121439,1751924733.8151703,1751924926.032586,batch_consumer-sts-0_20250707_214859_053141.csv,True,False,False,1751925379.8232613,646008.0909729004
122129,1751924734.3761475,1751924926.0572386,batch_consumer-sts-0_20250707_214859_053141.csv,True,False,False,1751925379.8232613,645447.1137523651
122139,1751924734.491068,1751924926.083377,batch_consumer-sts-0_20250707_214859_053141.csv,True,False,False,1751925379.8232613,645332.1933746338
122149,1751924734.4913318,1751924926.1066003,batch_consumer-sts-0_20250707_214859_053141.csv,True,False,False,1751925379.8232613,645331.9294452667
122159,1751924734.4916046,1751924926.1309724,batch_consumer-sts-0_20250707_214859_053141.csv,True,False,False,1751925379.8232613,645331.6566944122
122169,1751924734.491845,1751924926.1555667,batch_consumer-sts-0_20250707_214859_053141.csv,True,False,False,1751925379.8232613,645331.4163684845
122179,1751924734.4920535,1751924926.180426,batch_consumer-sts-0_20250707_214859_053141.csv,True,False,False,1751925379.8232613,645331.2077522278
122189,1751924734.4923024,1751924926.2051935,batch_consumer-sts-0_20250707_214859_053141.csv,True,False,False,1751925379.8232613,645330.9588432312
122199,1751924734.4925356,1751924926.229697,batch_consumer-sts-0_20250707_214859_053141.csv,True,False,False,1751925379.8232613,645330.7256698608
122209,1751924734.4927783,1751924926.25463,batch_consumer-sts-0_20250707_214859_053141.csv,True,False,False,1751925379.8232613,645330.4829597473
122219,1751924734.4930422,1751924926.279357,batch_consumer-sts-0_20250707_214859_053141.csv,True,False,False,1751925379.8232613,645330.2190303802
122229,1751924734.4932833,1751924926.3041432,batch_consumer-sts-0_20250707_214859_053141.csv,True,False,False,1751925379.8232613,645329.9779891968
122239,1751924734.4934895,1751924926.3289669,batch_consumer-sts-0_20250707_214859_053141.csv,True,False,False,1751925379.8232613,645329.7717571259
122249,1751924734.4936984,1751924926.3536904,batch_consumer-sts-0_20250707_214859_053141.csv,True,False,False,1751925379.8232613,645329.5629024506
122259,1751924734.4939086,1751924926.3786922,batch_consumer-sts-0_20250707_214859_053141.csv,True,False,False,1751925379.8232613,645329.3526172638
122269,1751924734.4941127,1751924926.4033406,batch_consumer-sts-0_20250707_214859_053141.csv,True,False,False,1751925379.8232613,645329.1485309601
122279,1751924734.4943843,1751924926.428621,batch_consumer-sts-0_20250707_214859_053141.csv,True,False,False,1751925379.8232613,645328.8769721985
122289,1751924734.4946284,1751924926.4538677,batch_consumer-sts-0_20250707_214859_053141.csv,True,False,False,1751925379.8232613,645328.6328315735
122299,1751924734.4948733,1751924926.4788952,batch_consumer-sts-0_20250707_214859_053141.csv,True,False,False,1751925379.8232613,645328.3879756927
122309,1751924734.4951146,1751924926.503712,batch_consumer-sts-0_20250707_214859_053141.csv,True,False,False,1751925379.8232613,645328.1466960907
122319,1751924734.4953744,1751924926.5296214,batch_consumer-sts-0_20250707_214859_053141.csv,True,False,False,1751925379.8232613,645327.8868198395
122329,1751924734.4956014,1751924926.5580063,batch_consumer-sts-0_20250707_214859_053141.csv,True,False,False,1751925379.8232613,645327.6598453522
122339,1751924734.495798,1751924926.5825708,batch_consumer-sts-0_20250707_214859_053141.csv,True,False,False,1751925379.8232613,645327.4631500244
122349,1751924734.495991,1751924926.606774,batch_consumer-sts-0_20250707_214859_053141.csv,True,False,False,1751925379.8232613,645327.2702693939
122359,1751924734.496183,1751924926.6314366,batch_consumer-sts-0_20250707_214859_053141.csv,True,False,False,1751925379.8232613,645327.0783424377
122369,1751924734.4963758,1751924926.6564298,batch_consumer-sts-0_20250707_214859_053141.csv,True,False,False,1751925379.8232613,645326.8854618073
122379,1751924734.4965675,1751924926.881873,batch_consumer-sts-0_20250707_214859_053141.csv,True,False,False,1751925379.8232613,645326.6937732697
122389,1751924734.496761,1751924926.9070148,batch_consumer-sts-0_20250707_214859_053141.csv,True,False,False,1751925379.8232613,645326.5001773834
122399,1751924734.496956,1751924926.931843,batch_consumer-sts-0_20250707_214859_053141.csv,True,False,False,1751925379.8232613,645326.3051509857
122409,1751924734.4971583,1751924926.9568558,batch_consumer-sts-0_20250707_214859_053141.csv,True,False,False,1751925379.8232613,645326.1029720306
135689,1751924738.6790416,1751924926.981529,batch_consumer-sts-0_20250707_214859_053141.csv,True,False,False,1751925379.8232613,641144.2196369171
135699,1751924738.6793804,1751924927.0060182,batch_consumer-sts-0_20250707_214859_053141.csv,True,False,False,1751925379.8232613,641143.8808441162
135709,1751924738.6797209,1751924927.0305643,batch_consumer-sts-0_20250707_214859_053141.csv,True,False,False,1751925379.8232613,641143.5403823853
135719,1751924738.6800735,1751924927.0549915,batch_consumer-sts-0_20250707_214859_053141.csv,True,False,False,1751925379.8232613,641143.1877613068
135729,1751924738.6804204,1751924927.079224,batch_consumer-sts-0_20250707_214859_053141.csv,True,False,False,1751925379.8232613,641142.8408622742
135739,1751924738.6807563,1751924927.103834,batch_consumer-sts-0_20250707_214859_053141.csv,True,False,False,1751925379.8232613,641142.5049304962
135749,1751924738.6810915,1751924927.128396,batch_consumer-sts-0_20250707_214859_053141.csv,True,False,False,1751925379.8232613,641142.169713974
135759,1751924738.6814272,1751924927.1537411,batch_consumer-sts-0_20250707_214859_053141.csv,True,False,False,1751925379.8232613,641141.8340206146
135769,1751924738.681746,1751924927.1783376,batch_consumer-sts-0_20250707_214859_053141.csv,True,False,False,1751925379.8232613,641141.5152549744
135779,1751924738.6820629,1751924927.2017365,batch_consumer-sts-0_20250707_214859_053141.csv,True,False,False,1751925379.8232613,641141.1983966827
135789,1751924738.682415,1751924927.2265575,batch_consumer-sts-0_20250707_214859_053141.csv,True,False,False,1751925379.8232613,641140.8462524414
135799,1751924738.682757,1751924927.251548,batch_consumer-sts-0_20250707_214859_053141.csv,True,False,False,1751925379.8232613,641140.504360199
135809,1751924738.683108,1751924927.2764018,batch_consumer-sts-0_20250707_214859_053141.csv,True,False,False,1751925379.8232613,641140.153169632
135819,1751924738.683465,1751924927.301418,batch_consumer-sts-0_20250707_214859_053141.csv,True,False,False,1751925379.8232613,641139.796257019
145749,1751924742.1203823,1751924927.326275,batch_consumer-sts-0_20250707_214859_053141.csv,True,False,False,1751925379.8232613,637702.8789520264
145759,1751924742.1207805,1751924927.351351,batch_consumer-sts-0_20250707_214859_053141.csv,True,False,False,1751925379.8232613,637702.4807929993
145769,1751924742.12118,1751924927.3760536,batch_consumer-sts-0_20250707_214859_053141.csv,True,False,False,1751925379.8232613,637702.0812034607
145779,1751924742.1215773,1751924927.4007645,batch_consumer-sts-0_20250707_214859_053141.csv,True,False,False,1751925379.8232613,637701.6839981079
145789,1751924742.1219697,1751924927.4261324,batch_consumer-sts-0_20250707_214859_053141.csv,True,False,False,1751925379.8232613,637701.2915611267
145799,1751924742.122396,1751924927.45112,batch_consumer-sts-0_20250707_214859_053141.csv,True,False,False,1751925379.8232613,637700.8652687073
145809,1751924742.1227748,1751924927.4754417,batch_consumer-sts-0_20250707_214859_053141.csv,True,False,False,1751925379.8232613,637700.4864215851
145819,1751924742.1231556,1751924927.5007083,batch_consumer-sts-0_20250707_214859_053141.csv,True,False,False,1751925379.8232613,637700.1056671143
145829,1751924742.1235385,1751924927.5284848,batch_consumer-sts-0_20250707_214859_053141.csv,True,False,False,1751925379.8232613,637699.7227668762
145839,1751924742.123924,1751924927.5530586,batch_consumer-sts-0_20250707_214859_053141.csv,True,False,False,1751925379.8232613,637699.3372440338
145849,1751924742.1242704,1751924927.5775568,batch_consumer-sts-0_20250707_214859_053141.csv,True,False,False,1751925379.8232613,637698.9908218384
145859,1751924742.1245158,1751924927.601894,batch_consumer-sts-0_20250707_214859_053141.csv,True,False,False,1751925379.8232613,637698.7454891205
145869,1751924742.1247702,1751924927.626193,batch_consumer-sts-0_20250707_214859_053141.csv,True,False,False,1751925379.8232613,637698.4910964966
145879,1751924742.1250205,1751924927.6504738,batch_consumer-sts-0_20250707_214859_053141.csv,True,False,False,1751925379.8232613,637698.2407569885
145889,1751924742.1252923,1751924927.6752594,batch_consumer-sts-0_20250707_214859_053141.csv,True,False,False,1751925379.8232613,637697.9689598083
145899,1751924742.125549,1751924927.698923,batch_consumer-sts-0_20250707_214859_053141.csv,True,False,False,1751925379.8232613,637697.7121829987
145909,1751924742.1257982,1751924927.7235873,batch_consumer-sts-0_20250707_214859_053141.csv,True,False,False,1751925379.8232613,637697.4630355835
145919,1751924742.1260488,1751924927.7486937,batch_consumer-sts-0_20250707_214859_053141.csv,True,False,False,1751925379.8232613,637697.2124576569
145929,1751924742.1263251,1751924927.7741127,batch_consumer-sts-0_20250707_214859_053141.csv,True,False,False,1751925379.8232613,637696.9361305237
145939,1751924742.1265814,1751924927.7988875,batch_consumer-sts-0_20250707_214859_053141.csv,True,False,False,1751925379.8232613,637696.6798305511
145949,1751924742.126841,1751924927.823899,batch_consumer-sts-0_20250707_214859_053141.csv,True,False,False,1751925379.8232613,637696.4201927185
145959,1751924742.1270974,1751924927.848848,batch_consumer-sts-0_20250707_214859_053141.csv,True,False,False,1751925379.8232613,637696.163892746
145969,1751924742.1273544,1751924927.8737907,batch_consumer-sts-0_20250707_214859_053141.csv,True,False,False,1751925379.8232613,637695.9068775177
145979,1751924742.1276095,1751924927.898977,batch_consumer-sts-0_20250707_214859_053141.csv,True,False,False,1751925379.8232613,637695.6517696381
145989,1751924742.1278603,1751924927.9240685,batch_consumer-sts-0_20250707_214859_053141.csv,True,False,False,1751925379.8232613,637695.4009532928
145999,1751924742.1281064,1751924927.9489548,batch_consumer-sts-0_20250707_214859_053141.csv,True,False,False,1751925379.8232613,637695.1549053192
146009,1751924742.1283507,1751924927.9738832,batch_consumer-sts-0_20250707_214859_053141.csv,True,False,False,1751925379.8232613,637694.9105262756
146019,1751924742.1285996,1751924927.998931,batch_consumer-sts-0_20250707_214859_053141.csv,True,False,False,1751925379.8232613,637694.661617279
146029,1751924742.1288486,1751924928.027453,batch_consumer-sts-0_20250707_214859_053141.csv,True,False,False,1751925379.8232613,637694.4127082825
146039,1751924742.1291034,1751924928.0526164,batch_consumer-sts-0_20250707_214859_053141.csv,True,False,False,1751925379.8232613,637694.1578388214
146049,1751924742.1293485,1751924928.077695,batch_consumer-sts-0_20250707_214859_053141.csv,True,False,False,1751925379.8232613,637693.9127445221
146059,1751924742.129593,1751924928.102667,batch_consumer-sts-0_20250707_214859_053141.csv,True,False,False,1751925379.8232613,637693.6683654785
146069,1751924742.1298356,1751924928.127743,batch_consumer-sts-0_20250707_214859_053141.csv,True,False,False,1751925379.8232613,637693.425655365
146079,1751924742.1300857,1751924928.1526492,batch_consumer-sts-0_20250707_214859_053141.csv,True,False,False,1751925379.8232613,637693.1755542755
146089,1751924742.1303504,1751924928.1777377,batch_consumer-sts-0_20250707_214859_053141.csv,True,False,False,1751925379.8232613,637692.9109096527
146099,1751924742.130602,1751924928.202751,batch_consumer-sts-0_20250707_214859_053141.csv,True,False,False,1751925379.8232613,637692.6593780518
146109,1751924742.1308455,1751924928.2275283,batch_consumer-sts-0_20250707_214859_053141.csv,True,False,False,1751925379.8232613,637692.4157142639
146119,1751924742.131097,1751924928.2526174,batch_consumer-sts-0_20250707_214859_053141.csv,True,False,False,1751925379.8232613,637692.164182663
146129,1751924742.1313517,1751924928.277573,batch_consumer-sts-0_20250707_214859_053141.csv,True,False,False,1751925379.8232613,637691.9095516205
146139,1751924742.131605,1751924928.3028595,batch_consumer-sts-0_20250707_214859_053141.csv,True,False,False,1751925379.8232613,637691.6563510895
146149,1751924742.131848,1751924928.3286045,batch_consumer-sts-0_20250707_214859_053141.csv,True,False,False,1751925379.8232613,637691.4131641388
146159,1751924742.1320975,1751924928.3553574,batch_consumer-sts-0_20250707_214859_053141.csv,True,False,False,1751925379.8232613,637691.163778305
146169,1751924742.132344,1751924928.3824823,batch_consumer-sts-0_20250707_214859_053141.csv,True,False,False,1751925379.8232613,637690.9172534943
146179,1751924742.1325853,1751924928.4073894,batch_consumer-sts-0_20250707_214859_053141.csv,True,False,False,1751925379.8232613,637690.6759738922
146189,1751924742.132834,1751924928.4311204,batch_consumer-sts-0_20250707_214859_053141.csv,True,False,False,1751925379.8232613,637690.4273033142
146199,1751924742.1330786,1751924928.45591,batch_consumer-sts-0_20250707_214859_053141.csv,True,False,False,1751925379.8232613,637690.182685852
146209,1751924742.1333256,1751924928.4805958,batch_consumer-sts-0_20250707_214859_053141.csv,True,False,False,1751925379.8232613,637689.9356842041
146219,1751924742.133575,1751924928.5055802,batch_consumer-sts-0_20250707_214859_053141.csv,True,False,False,1751925379.8232613,637689.6862983704
146229,1751924742.1338136,1751924928.5301938,batch_consumer-sts-0_20250707_214859_053141.csv,True,False,False,1751925379.8232613,637689.4476413727
146239,1751924742.1340582,1751924928.5546806,batch_consumer-sts-0_20250707_214859_053141.csv,True,False,False,1751925379.8232613,637689.2030239105
146249,1751924742.1343143,1751924928.5789263,batch_consumer-sts-0_20250707_214859_053141.csv,True,False,False,1751925379.8232613,637688.9469623566
146259,1751924742.134561,1751924928.6034143,batch_consumer-sts-0_20250707_214859_053141.csv,True,False,False,1751925379.8232613,637688.7001991272
146269,1751924742.1348226,1751924928.627771,batch_consumer-sts-0_20250707_214859_053141.csv,True,False,False,1751925379.8232613,637688.4386539459
146279,1751924742.135074,1751924928.652024,batch_consumer-sts-0_20250707_214859_053141.csv,True,False,False,1751925379.8232613,637688.1873607635
147699,1751924743.0545468,1751924928.676782,batch_consumer-sts-0_20250707_214859_053141.csv,True,False,False,1751925379.8232613,636768.714427948
147709,1751924743.0548017,1751924928.701287,batch_consumer-sts-0_20250707_214859_053141.csv,True,False,False,1751925379.8232613,636768.4595584869
147719,1751924743.0550394,1751924928.7258606,batch_consumer-sts-0_20250707_214859_053141.csv,True,False,False,1751925379.8232613,636768.2218551636
147729,1751924743.0552697,1751924928.7508235,batch_consumer-sts-0_20250707_214859_053141.csv,True,False,False,1751925379.8232613,636767.9915428162
147739,1751924743.0555024,1751924928.7752726,batch_consumer-sts-0_20250707_214859_053141.csv,True,False,False,1751925379.8232613,636767.758846283
147749,1751924743.0557327,1751924928.8003151,batch_consumer-sts-0_20250707_214859_053141.csv,True,False,False,1751925379.8232613,636767.5285339355
147759,1751924743.0559652,1751924928.826818,batch_consumer-sts-0_20250707_214859_053141.csv,True,False,False,1751925379.8232613,636767.2960758209
147769,1751924743.056192,1751924928.8524408,batch_consumer-sts-0_20250707_214859_053141.csv,True,False,False,1751925379.8232613,636767.0693397522
147779,1751924743.056427,1751924928.8803084,batch_consumer-sts-0_20250707_214859_053141.csv,True,False,False,1751925379.8232613,636766.8342590332
147789,1751924743.0566628,1751924928.9061222,batch_consumer-sts-0_20250707_214859_053141.csv,True,False,False,1751925379.8232613,636766.5984630585
147799,1751924743.0568922,1751924928.9357915,batch_consumer-sts-0_20250707_214859_053141.csv,True,False,False,1751925379.8232613,636766.3691043854
147809,1751924743.0571232,1751924928.9608862,batch_consumer-sts-0_20250707_214859_053141.csv,True,False,False,1751925379.8232613,636766.1380767822
147819,1751924743.0573535,1751924929.03573,batch_consumer-sts-0_20250707_214859_053141.csv,True,False,False,1751925379.8232613,636765.9077644348
147829,1751924743.0575824,1751924929.0606525,batch_consumer-sts-0_20250707_214859_053141.csv,True,False,False,1751925379.8232613,636765.6788825989
147839,1751924743.0578165,1751924929.0854938,batch_consumer-sts-0_20250707_214859_053141.csv,True,False,False,1751925379.8232613,636765.4447555542
147849,1751924743.0580535,1751924929.110072,batch_consumer-sts-0_20250707_214859_053141.csv,True,False,False,1751925379.8232613,636765.2077674866
147859,1751924743.0582938,1751924929.1350996,batch_consumer-sts-0_20250707_214859_053141.csv,True,False,False,1751925379.8232613,636764.9674415588
147869,1751924743.0585282,1751924929.1592453,batch_consumer-sts-0_20250707_214859_053141.csv,True,False,False,1751925379.8232613,636764.7330760956
147879,1751924743.058761,1751924929.1846125,batch_consumer-sts-0_20250707_214859_053141.csv,True,False,False,1751925379.8232613,636764.5003795624
147889,1751924743.0590029,1751924929.208852,batch_consumer-sts-0_20250707_214859_053141.csv,True,False,False,1751925379.8232613,636764.2583847046
147899,1751924743.0592415,1751924929.2335386,batch_consumer-sts-0_20250707_214859_053141.csv,True,False,False,1751925379.8232613,636764.0197277069
147909,1751924743.0594845,1751924929.2585108,batch_consumer-sts-0_20250707_214859_053141.csv,True,False,False,1751925379.8232613,636763.7767791748
147919,1751924743.059722,1751924929.2834723,batch_consumer-sts-0_20250707_214859_053141.csv,True,False,False,1751925379.8232613,636763.53931427
147929,1751924743.0599604,1751924929.3079228,batch_consumer-sts-0_20250707_214859_053141.csv,True,False,False,1751925379.8232613,636763.3008956909
147939,1751924743.0601945,1751924929.332214,batch_consumer-sts-0_20250707_214859_053141.csv,True,False,False,1751925379.8232613,636763.0667686462
147949,1751924743.0605092,1751924929.360071,batch_consumer-sts-0_20250707_214859_053141.csv,True,False,False,1751925379.8232613,636762.7520561218
147959,1751924743.0609553,1751924929.387949,batch_consumer-sts-0_20250707_214859_053141.csv,True,False,False,1751925379.8232613,636762.3059749603
147969,1751924743.0613704,1751924929.411765,batch_consumer-sts-0_20250707_214859_053141.csv,True,False,False,1751925379.8232613,636761.8908882141
147979,1751924743.0617745,1751924929.436232,batch_consumer-sts-0_20250707_214859_053141.csv,True,False,False,1751925379.8232613,636761.4867687225
147989,1751924743.0621665,1751924929.4607005,batch_consumer-sts-0_20250707_214859_053141.csv,True,False,False,1751925379.8232613,636761.0948085785
147999,1751924743.062437,1751924929.9540408,batch_consumer-sts-0_20250707_214859_053141.csv,True,False,False,1751925379.8232613,636760.8242034912
148009,1751924743.062692,1751924929.979034,batch_consumer-sts-0_20250707_214859_053141.csv,True,False,False,1751925379.8232613,636760.5693340302
148019,1751924743.0629268,1751924930.0028615,batch_consumer-sts-0_20250707_214859_053141.csv,True,False,False,1751925379.8232613,636760.3344917297
148029,1751924743.0631735,1751924930.027591,batch_consumer-sts-0_20250707_214859_053141.csv,True,False,False,1751925379.8232613,636760.0877285004
148039,1751924743.0634792,1751924930.0522015,batch_consumer-sts-0_20250707_214859_053141.csv,True,False,False,1751925379.8232613,636759.782075882
148049,1751924743.0639088,1751924931.079166,batch_consumer-sts-0_20250707_214859_053141.csv,True,False,False,1751925379.8232613,636759.3524456024
148059,1751924743.0642972,1751924931.1024706,batch_consumer-sts-0_20250707_214859_053141.csv,True,False,False,1751925379.8232613,636758.9640617371
148069,1751924743.064669,1751924931.1267,batch_consumer-sts-0_20250707_214859_053141.csv,True,False,False,1751925379.8232613,636758.5923671722
148079,1751924743.064961,1751924931.1511474,batch_consumer-sts-0_20250707_214859_053141.csv,True,False,False,1751925379.8232613,636758.3003044128
148089,1751924743.0652063,1751924931.175497,batch_consumer-sts-0_20250707_214859_053141.csv,True,False,False,1751925379.8232613,636758.054971695
148099,1751924743.0654447,1751924931.200327,batch_consumer-sts-0_20250707_214859_053141.csv,True,False,False,1751925379.8232613,636757.8165531158
148109,1751924743.065683,1751924931.2249806,batch_consumer-sts-0_20250707_214859_053141.csv,True,False,False,1751925379.8232613,636757.5783729553
148119,1751924743.0659194,1751924931.2497597,batch_consumer-sts-0_20250707_214859_053141.csv,True,False,False,1751925379.8232613,636757.3418617249
148129,1751924743.066169,1751924931.2748144,batch_consumer-sts-0_20250707_214859_053141.csv,True,False,False,1751925379.8232613,636757.0922374725
148139,1751924743.066404,1751924931.3004856,batch_consumer-sts-0_20250707_214859_053141.csv,True,False,False,1751925379.8232613,636756.8571567535
148149,1751924743.0666375,1751924931.3252606,batch_consumer-sts-0_20250707_214859_053141.csv,True,False,False,1751925379.8232613,636756.6237449646
148159,1751924743.0668595,1751924931.3512871,batch_consumer-sts-0_20250707_214859_053141.csv,True,False,False,1751925379.8232613,636756.4017772675
148169,1751924743.0670907,1751924931.3762944,batch_consumer-sts-0_20250707_214859_053141.csv,True,False,False,1751925379.8232613,636756.1705112457
148179,1751924743.0673232,1751924931.4013636,batch_consumer-sts-0_20250707_214859_053141.csv,True,False,False,1751925379.8232613,636755.9380531311
148189,1751924743.0675564,1751924931.4254093,batch_consumer-sts-0_20250707_214859_053141.csv,True,False,False,1751925379.8232613,636755.7048797607
148199,1751924743.0677874,1751924931.4504244,batch_consumer-sts-0_20250707_214859_053141.csv,True,False,False,1751925379.8232613,636755.4738521576
148209,1751924743.0680156,1751924931.4759452,batch_consumer-sts-0_20250707_214859_053141.csv,True,False,False,1751925379.8232613,636755.2456855774
148219,1751924743.0682447,1751924931.5020494,batch_consumer-sts-0_20250707_214859_053141.csv,True,False,False,1751925379.8232613,636755.0165653229
148229,1751924743.0684805,1751924931.529441,batch_consumer-sts-0_20250707_214859_053141.csv,True,False,False,1751925379.8232613,636754.7807693481
148239,1751924743.0687134,1751924931.5542583,batch_consumer-sts-0_20250707_214859_053141.csv,True,False,False,1751925379.8232613,636754.5478343964
148249,1751924743.0689511,1751924931.5798323,batch_consumer-sts-0_20250707_214859_053141.csv,True,False,False,1751925379.8232613,636754.310131073
148259,1751924743.0691838,1751924931.6050978,batch_consumer-sts-0_20250707_214859_053141.csv,True,False,False,1751925379.8232613,636754.0774345398
148269,1751924743.0694184,1751924931.6299217,batch_consumer-sts-0_20250707_214859_053141.csv,True,False,False,1751925379.8232613,636753.842830658
148279,1751924743.069653,1751924931.655013,batch_consumer-sts-0_20250707_214859_053141.csv,True,False,False,1751925379.8232613,636753.6082267761
148289,1751924743.0699685,1751924931.679941,batch_consumer-sts-0_20250707_214859_053141.csv,True,False,False,1751925379.8232613,636753.292798996
148299,1751924743.0702858,1751924931.7048194,batch_consumer-sts-0_20250707_214859_053141.csv,True,False,False,1751925379.8232613,636752.9754638672
148309,1751924743.070639,1751924931.7295356,batch_consumer-sts-0_20250707_214859_053141.csv,True,False,False,1751925379.8232613,636752.6223659515
148319,1751924743.070995,1751924931.754847,batch_consumer-sts-0_20250707_214859_053141.csv,True,False,False,1751925379.8232613,636752.2661685944
148329,1751924743.071314,1751924931.7798023,batch_consumer-sts-0_20250707_214859_053141.csv,True,False,False,1751925379.8232613,636751.9471645355
148339,1751924743.0716815,1751924931.883968,batch_consumer-sts-0_20250707_214859_053141.csv,True,False,False,1751925379.8232613,636751.5797615051
148349,1751924743.0720215,1751924931.9082603,batch_consumer-sts-0_20250707_214859_053141.csv,True,False,False,1751925379.8232613,636751.2397766113
148359,1751924743.0723758,1751924931.932673,batch_consumer-sts-0_20250707_214859_053141.csv,True,False,False,1751925379.8232613,636750.8854866028
148369,1751924743.0726955,1751924931.9589076,batch_consumer-sts-0_20250707_214859_053141.csv,True,False,False,1751925379.8232613,636750.5657672882
148379,1751924743.073022,1751924931.983868,batch_consumer-sts-0_20250707_214859_053141.csv,True,False,False,1751925379.8232613,636750.2393722534
148389,1751924743.0733602,1751924932.0082276,batch_consumer-sts-0_20250707_214859_053141.csv,True,False,False,1751925379.8232613,636749.9010562897
148399,1751924743.0739162,1751924932.033209,batch_consumer-sts-0_20250707_214859_053141.csv,True,False,False,1751925379.8232613,636749.3450641632
148409,1751924743.074239,1751924932.057829,batch_consumer-sts-0_20250707_214859_053141.csv,True,False,False,1751925379.8232613,636749.0222454071
148419,1751924743.0745647,1751924932.0826235,batch_consumer-sts-0_20250707_214859_053141.csv,True,False,False,1751925379.8232613,636748.696565628
148429,1751924743.0748136,1751924932.107623,batch_consumer-sts-0_20250707_214859_053141.csv,True,False,False,1751925379.8232613,636748.4476566315
148439,1751924743.0750563,1751924932.1325765,batch_consumer-sts-0_20250707_214859_053141.csv,True,False,False,1751925379.8232613,636748.204946518
148449,1751924743.075308,1751924932.1664371,batch_consumer-sts-0_20250707_214859_053141.csv,True,False,False,1751925379.8232613,636747.9531764984
148459,1751924743.0755558,1751924932.1911314,batch_consumer-sts-0_20250707_214859_053141.csv,True,False,False,1751925379.8232613,636747.7054595947
148469,1751924743.0758145,1751924932.2152052,batch_consumer-sts-0_20250707_214859_053141.csv,True,False,False,1751925379.8232613,636747.4467754364
148479,1751924743.076017,1751924932.2397685,batch_consumer-sts-0_20250707_214859_053141.csv,True,False,False,1751925379.8232613,636747.2443580627
148489,1751924743.076228,1751924932.265437,batch_consumer-sts-0_20250707_214859_053141.csv,True,False,False,1751925379.8232613,636747.0333576202
148499,1751924743.07645,1751924932.2984998,batch_consumer-sts-0_20250707_214859_053141.csv,True,False,False,1751925379.8232613,636746.8111515045
148509,1751924743.0766387,1751924932.323296,batch_consumer-sts-0_20250707_214859_053141.csv,True,False,False,1751925379.8232613,636746.6225624084
148519,1751924743.076851,1751924932.348949,batch_consumer-sts-0_20250707_214859_053141.csv,True,False,False,1751925379.8232613,636746.410369873
148529,1751924743.077047,1751924932.3743165,batch_consumer-sts-0_20250707_214859_053141.csv,True,False,False,1751925379.8232613,636746.2141513824
148539,1751924743.077246,1751924932.400042,batch_consumer-sts-0_20250707_214859_053141.csv,True,False,False,1751925379.8232613,636746.0153102875
148549,1751924743.077437,1751924932.4248233,batch_consumer-sts-0_20250707_214859_053141.csv,True,False,False,1751925379.8232613,636745.8243370056
148559,1751924743.0776627,1751924932.4495642,batch_consumer-sts-0_20250707_214859_053141.csv,True,False,False,1751925379.8232613,636745.5985546112
148569,1751924743.0779092,1751924932.474549,batch_consumer-sts-0_20250707_214859_053141.csv,True,False,False,1751925379.8232613,636745.3520298004
148579,1751924743.0781436,1751924932.5002024,batch_consumer-sts-0_20250707_214859_053141.csv,True,False,False,1751925379.8232613,636745.1176643372
148589,1751924743.078405,1751924932.5262856,batch_consumer-sts-0_20250707_214859_053141.csv,True,False,False,1751925379.8232613,636744.8563575745
148599,1751924743.078638,1751924932.5518324,batch_consumer-sts-0_20250707_214859_053141.csv,True,False,False,1751925379.8232613,636744.6231842041
148609,1751924743.078874,1751924932.5770335,batch_consumer-sts-0_20250707_214859_053141.csv,True,False,False,1751925379.8232613,636744.3871498108
148619,1751924743.0791066,1751924932.602065,batch_consumer-sts-0_20250707_214859_053141.csv,True,False,False,1751925379.8232613,636744.1546916962
148629,1751924743.079343,1751924932.6268196,batch_consumer-sts-0_20250707_214859_053141.csv,True,False,False,1751925379.8232613,636743.9181804657
148639,1751924743.0795732,1751924932.6518457,batch_consumer-sts-0_20250707_214859_053141.csv,True,False,False,1751925379.8232613,636743.6881065369
148649,1751924743.2043712,1751924932.6768656,batch_consumer-sts-0_20250707_214859_053141.csv,True,False,False,1751925379.8232613,636618.8900470734
148659,1751924743.2046216,1751924932.702097,batch_consumer-sts-0_20250707_214859_053141.csv,True,False,False,1751925379.8232613,636618.6397075653
148669,1751924743.2048645,1751924932.7265306,batch_consumer-sts-0_20250707_214859_053141.csv,True,False,False,1751925379.8232613,636618.3967590332
148679,1751924743.205102,1751924932.750949,batch_consumer-sts-0_20250707_214859_053141.csv,True,False,False,1751925379.8232613,636618.1592941284
148689,1751924743.2053442,1751924932.780006,batch_consumer-sts-0_20250707_214859_053141.csv,True,False,False,1751925379.8232613,636617.917060852
148699,1751924743.2055802,1751924932.8047888,batch_consumer-sts-0_20250707_214859_053141.csv,True,False,False,1751925379.8232613,636617.6810264587
148709,1751924743.2058184,1751924932.8292572,batch_consumer-sts-0_20250707_214859_053141.csv,True,False,False,1751925379.8232613,636617.4428462982
148719,1751924743.206056,1751924932.8542712,batch_consumer-sts-0_20250707_214859_053141.csv,True,False,False,1751925379.8232613,636617.2051429749
148729,1751924743.2063074,1751924932.8790977,batch_consumer-sts-0_20250707_214859_053141.csv,True,False,False,1751925379.8232613,636616.9538497925
148739,1751924743.2065508,1751924932.9039698,batch_consumer-sts-0_20250707_214859_053141.csv,True,False,False,1751925379.8232613,636616.7104244232
148749,1751924743.206794,1751924932.9284775,batch_consumer-sts-0_20250707_214859_053141.csv,True,False,False,1751925379.8232613,636616.4672374725
148759,1751924743.2070303,1751924932.9528766,batch_consumer-sts-0_20250707_214859_053141.csv,True,False,False,1751925379.8232613,636616.2309646606
148769,1751924743.2072675,1751924932.9774778,batch_consumer-sts-0_20250707_214859_053141.csv,True,False,False,1751925379.8232613,636615.9937381744
148779,1751924743.2074857,1751924933.001997,batch_consumer-sts-0_20250707_214859_053141.csv,True,False,False,1751925379.8232613,636615.7755851746
148789,1751924743.207671,1751924933.027686,batch_consumer-sts-0_20250707_214859_053141.csv,True,False,False,1751925379.8232613,636615.5903339386
148799,1751924743.2078578,1751924933.0523338,batch_consumer-sts-0_20250707_214859_053141.csv,True,False,False,1751925379.8232613,636615.4034137726
148809,1751924743.2080424,1751924933.077427,batch_consumer-sts-0_20250707_214859_053141.csv,True,False,False,1751925379.8232613,636615.2188777924
148819,1751924743.2082732,1751924933.102325,batch_consumer-sts-0_20250707_214859_053141.csv,True,False,False,1751925379.8232613,636614.9880886078
148829,1751924743.208513,1751924933.1268775,batch_consumer-sts-0_20250707_214859_053141.csv,True,False,False,1751925379.8232613,636614.7482395172
148839,1751924743.2088711,1751924933.15109,batch_consumer-sts-0_20250707_214859_053141.csv,True,False,False,1751925379.8232613,636614.3901348114
148849,1751924743.2092867,1751924933.1757717,batch_consumer-sts-0_20250707_214859_053141.csv,True,False,False,1751925379.8232613,636613.974571228
148859,1751924743.2097018,1751924933.2004447,batch_consumer-sts-0_20250707_214859_053141.csv,True,False,False,1751925379.8232613,636613.5594844818
148869,1751924743.210125,1751924933.2243378,batch_consumer-sts-0_20250707_214859_053141.csv,True,False,False,1751925379.8232613,636613.1362915039
148879,1751924743.210568,1751924933.249025,batch_consumer-sts-0_20250707_214859_053141.csv,True,False,False,1751925379.8232613,636612.6933097839
148889,1751924743.210982,1751924933.2738614,batch_consumer-sts-0_20250707_214859_053141.csv,True,False,False,1751925379.8232613,636612.279176712
148899,1751924743.211405,1751924933.2982314,batch_consumer-sts-0_20250707_214859_053141.csv,True,False,False,1751925379.8232613,636611.8562221527
148909,1751924743.211813,1751924933.322811,batch_consumer-sts-0_20250707_214859_053141.csv,True,False,False,1751925379.8232613,636611.4482879639
148919,1751924743.2122157,1751924933.347798,batch_consumer-sts-0_20250707_214859_053141.csv,True,False,False,1751925379.8232613,636611.0455989838
148929,1751924743.212628,1751924933.3724766,batch_consumer-sts-0_20250707_214859_053141.csv,True,False,False,1751925379.8232613,636610.6333732605
148939,1751924743.21305,1751924933.396866,batch_consumer-sts-0_20250707_214859_053141.csv,True,False,False,1751925379.8232613,636610.2113723755
148949,1751924743.2134778,1751924933.4208226,batch_consumer-sts-0_20250707_214859_053141.csv,True,False,False,1751925379.8232613,636609.783411026
148959,1751924743.2139044,1751924933.4464426,batch_consumer-sts-0_20250707_214859_053141.csv,True,False,False,1751925379.8232613,636609.356880188
148969,1751924743.2143395,1751924933.4724567,batch_consumer-sts-0_20250707_214859_053141.csv,True,False,False,1751925379.8232613,636608.9217662811
148979,1751924743.214765,1751924933.4977863,batch_consumer-sts-0_20250707_214859_053141.csv,True,False,False,1751925379.8232613,636608.4961891174
148989,1751924743.215166,1751924933.524435,batch_consumer-sts-0_20250707_214859_053141.csv,True,False,False,1751925379.8232613,636608.0951690674
148999,1751924743.2155845,1751924933.5491705,batch_consumer-sts-0_20250707_214859_053141.csv,True,False,False,1751925379.8232613,636607.6767444611
149009,1751924743.2160025,1751924933.5741217,batch_consumer-sts-0_20250707_214859_053141.csv,True,False,False,1751925379.8232613,636607.2587966919
149019,1751924743.216415,1751924933.602109,batch_consumer-sts-0_20250707_214859_053141.csv,True,False,False,1751925379.8232613,636606.84633255
149029,1751924743.216832,1751924933.626672,batch_consumer-sts-0_20250707_214859_053141.csv,True,False,False,1751925379.8232613,636606.4293384552
149039,1751924743.21725,1751924933.651212,batch_consumer-sts-0_20250707_214859_053141.csv,True,False,False,1751925379.8232613,636606.0111522675
149049,1751924743.2176616,1751924933.6757493,batch_consumer-sts-0_20250707_214859_053141.csv,True,False,False,1751925379.8232613,636605.5996417999
149059,1751924743.2180705,1751924933.7000568,batch_consumer-sts-0_20250707_214859_053141.csv,True,False,False,1751925379.8232613,636605.1907539368
149069,1751924743.2184837,1751924933.7272851,batch_consumer-sts-0_20250707_214859_053141.csv,True,False,False,1751925379.8232613,636604.7775745392
149079,1751924743.2189126,1751924933.7519543,batch_consumer-sts-0_20250707_214859_053141.csv,True,False,False,1751925379.8232613,636604.3486595154
149089,1751924743.219317,1751924933.7765944,batch_consumer-sts-0_20250707_214859_053141.csv,True,False,False,1751925379.8232613,636603.9443016052
149099,1751924743.2196686,1751924933.800957,batch_consumer-sts-0_20250707_214859_053141.csv,True,False,False,1751925379.8232613,636603.592634201
149109,1751924743.2200005,1751924933.8247864,batch_consumer-sts-0_20250707_214859_053141.csv,True,False,False,1751925379.8232613,636603.2607555389
149119,1751924743.2203276,1751924933.8496797,batch_consumer-sts-0_20250707_214859_053141.csv,True,False,False,1751925379.8232613,636602.9336452484
149129,1751924743.220642,1751924933.874555,batch_consumer-sts-0_20250707_214859_053141.csv,True,False,False,1751925379.8232613,636602.6191711426
149139,1751924743.2209594,1751924933.8992813,batch_consumer-sts-0_20250707_214859_053141.csv,True,False,False,1751925379.8232613,636602.3018360138
149149,1751924743.221371,1751924933.9243734,batch_consumer-sts-0_20250707_214859_053141.csv,True,False,False,1751925379.8232613,636601.8903255463
149159,1751924743.2217803,1751924933.9492972,batch_consumer-sts-0_20250707_214859_053141.csv,True,False,False,1751925379.8232613,636601.480960846
149169,1751924743.222191,1751924933.9748662,batch_consumer-sts-0_20250707_214859_053141.csv,True,False,False,1751925379.8232613,636601.0701656342
149179,1751924743.2226102,1751924933.999814,batch_consumer-sts-0_20250707_214859_053141.csv,True,False,False,1751925379.8232613,636600.6510257721
149189,1751924743.2230213,1751924934.024515,batch_consumer-sts-0_20250707_214859_053141.csv,True,False,False,1751925379.8232613,636600.2399921417
149199,1751924743.2234387,1751924934.0494926,batch_consumer-sts-0_20250707_214859_053141.csv,True,False,False,1751925379.8232613,636599.8225212097
149209,1751924743.2238414,1751924934.074711,batch_consumer-sts-0_20250707_214859_053141.csv,True,False,False,1751925379.8232613,636599.4198322296
149219,1751924743.2242584,1751924934.3973866,batch_consumer-sts-0_20250707_214859_053141.csv,True,False,False,1751925379.8232613,636599.0028381348
149229,1751924743.2246766,1751924934.4227448,batch_consumer-sts-0_20250707_214859_053141.csv,True,False,False,1751925379.8232613,636598.584651947
149239,1751924743.2250972,1751924934.447845,batch_consumer-sts-0_20250707_214859_053141.csv,True,False,False,1751925379.8232613,636598.1640815735
149249,1751924743.2255197,1751924934.4732714,batch_consumer-sts-0_20250707_214859_053141.csv,True,False,False,1751925379.8232613,636597.7416038513
149259,1751924743.22594,1751924934.497471,batch_consumer-sts-0_20250707_214859_053141.csv,True,False,False,1751925379.8232613,636597.3212718964
149269,1751924743.226373,1751924934.523906,batch_consumer-sts-0_20250707_214859_053141.csv,True,False,False,1751925379.8232613,636596.8883037567
149279,1751924743.226791,1751924934.548844,batch_consumer-sts-0_20250707_214859_053141.csv,True,False,False,1751925379.8232613,636596.4703559875
149289,1751924743.227212,1751924934.573466,batch_consumer-sts-0_20250707_214859_053141.csv,True,False,False,1751925379.8232613,636596.0493087769
149299,1751924743.227629,1751924934.5980847,batch_consumer-sts-0_20250707_214859_053141.csv,True,False,False,1751925379.8232613,636595.632314682
149309,1751924743.2280524,1751924935.0614264,batch_consumer-sts-0_20250707_214859_053141.csv,True,False,False,1751925379.8232613,636595.2088832855
149319,1751924743.2284794,1751924935.086293,batch_consumer-sts-0_20250707_214859_053141.csv,True,False,False,1751925379.8232613,636594.7818756104
149329,1751924743.2288926,1751924935.1104505,batch_consumer-sts-0_20250707_214859_053141.csv,True,False,False,1751925379.8232613,636594.3686962128
149339,1751924743.229324,1751924935.1352818,batch_consumer-sts-0_20250707_214859_053141.csv,True,False,False,1751925379.8232613,636593.9371585846
149349,1751924743.2298608,1751924935.1599324,batch_consumer-sts-0_20250707_214859_053141.csv,True,False,False,1751925379.8232613,636593.400478363
149359,1751924743.2302835,1751924935.1848028,batch_consumer-sts-0_20250707_214859_053141.csv,True,False,False,1751925379.8232613,636592.9777622223
149369,1751924743.230694,1751924935.2092004,batch_consumer-sts-0_20250707_214859_053141.csv,True,False,False,1751925379.8232613,636592.5672054291
149379,1751924743.2311106,1751924935.2343245,batch_consumer-sts-0_20250707_214859_053141.csv,True,False,False,1751925379.8232613,636592.1506881714
149389,1751924743.2314975,1751924935.2594123,batch_consumer-sts-0_20250707_214859_053141.csv,True,False,False,1751925379.8232613,636591.7637348175
149399,1751924743.231827,1751924935.2844803,batch_consumer-sts-0_20250707_214859_053141.csv,True,False,False,1751925379.8232613,636591.4342403412
149409,1751924743.232183,1751924935.3088036,batch_consumer-sts-0_20250707_214859_053141.csv,True,False,False,1751925379.8232613,636591.0782814026
149419,1751924743.23262,1751924935.3336773,batch_consumer-sts-0_20250707_214859_053141.csv,True,False,False,1751925379.8232613,636590.6412601471
149429,1751924743.2330332,1751924935.3585062,batch_consumer-sts-0_20250707_214859_053141.csv,True,False,False,1751925379.8232613,636590.2280807495
149439,1751924743.2334578,1751924935.3835158,batch_consumer-sts-0_20250707_214859_053141.csv,True,False,False,1751925379.8232613,636589.8034572601
149449,1751924743.233872,1751924936.4105284,batch_consumer-sts-0_20250707_214859_053141.csv,True,False,False,1751925379.8232613,636589.3893241882
149459,1751924743.2343009,1751924936.43814,batch_consumer-sts-0_20250707_214859_053141.csv,True,False,False,1751925379.8232613,636588.9604091644
149469,1751924743.2347238,1751924936.463365,batch_consumer-sts-0_20250707_214859_053141.csv,True,False,False,1751925379.8232613,636588.5374546051
149479,1751924743.2352693,1751924936.48792,batch_consumer-sts-0_20250707_214859_053141.csv,True,False,False,1751925379.8232613,636587.9919528961
149489,1751924743.235702,1751924936.5123718,batch_consumer-sts-0_20250707_214859_053141.csv,True,False,False,1751925379.8232613,636587.559223175
149499,1751924743.2363684,1751924936.5371895,batch_consumer-sts-0_20250707_214859_053141.csv,True,False,False,1751925379.8232613,636586.8928432465
149509,1751924743.238467,1751924936.56204,batch_consumer-sts-0_20250707_214859_053141.csv,True,False,False,1751925379.8232613,636584.7942829132
149519,1751924743.2388928,1751924936.5874188,batch_consumer-sts-0_20250707_214859_053141.csv,True,False,False,1751925379.8232613,636584.3684673309
149529,1751924743.239312,1751924936.6120648,batch_consumer-sts-0_20250707_214859_053141.csv,True,False,False,1751925379.8232613,636583.9493274689
149539,1751924743.2397225,1751924936.636818,batch_consumer-sts-0_20250707_214859_053141.csv,True,False,False,1751925379.8232613,636583.5387706757
149549,1751924743.240134,1751924936.6618366,batch_consumer-sts-0_20250707_214859_053141.csv,True,False,False,1751925379.8232613,636583.1272602081
149559,1751924743.240556,1751924936.6883752,batch_consumer-sts-0_20250707_214859_053141.csv,True,False,False,1751925379.8232613,636582.7052593231
149569,1751924743.240965,1751924936.7129042,batch_consumer-sts-0_20250707_214859_053141.csv,True,False,False,1751925379.8232613,636582.29637146
149579,1751924743.2413754,1751924936.738133,batch_consumer-sts-0_20250707_214859_053141.csv,True,False,False,1751925379.8232613,636581.8858146667
149589,1751924743.241793,1751924936.7641754,batch_consumer-sts-0_20250707_214859_053141.csv,True,False,False,1751925379.8232613,636581.4683437347
149599,1751924743.2422128,1751924936.7898664,batch_consumer-sts-0_20250707_214859_053141.csv,True,False,False,1751925379.8232613,636581.048488617
149609,1751924743.2426317,1751924936.8143728,batch_consumer-sts-0_20250707_214859_053141.csv,True,False,False,1751925379.8232613,636580.6295871735
149619,1751924743.2430582,1751924936.8391376,batch_consumer-sts-0_20250707_214859_053141.csv,True,False,False,1751925379.8232613,636580.2030563354
149629,1751924743.2434883,1751924936.863952,batch_consumer-sts-0_20250707_214859_053141.csv,True,False,False,1751925379.8232613,636579.7729492188
149639,1751924743.2438548,1751924936.8887072,batch_consumer-sts-0_20250707_214859_053141.csv,True,False,False,1751925379.8232613,636579.4064998627
149649,1751924743.2441974,1751924937.0579195,batch_consumer-sts-0_20250707_214859_053141.csv,True,False,False,1751925379.8232613,636579.0638923645
149659,1751924743.2445765,1751924937.0831015,batch_consumer-sts-0_20250707_214859_053141.csv,True,False,False,1751925379.8232613,636578.6848068237
149669,1751924743.244917,1751924937.1076052,batch_consumer-sts-0_20250707_214859_053141.csv,True,False,False,1751925379.8232613,636578.3443450928
149679,1751924743.2452922,1751924937.1327567,batch_consumer-sts-0_20250707_214859_053141.csv,True,False,False,1751925379.8232613,636577.9690742493
149689,1751924743.2457128,1751924937.1577458,batch_consumer-sts-0_20250707_214859_053141.csv,True,False,False,1751925379.8232613,636577.5485038757
149699,1751924743.2461314,1751924937.1827102,batch_consumer-sts-0_20250707_214859_053141.csv,True,False,False,1751925379.8232613,636577.1298408508
149709,1751924743.246585,1751924937.2073345,batch_consumer-sts-0_20250707_214859_053141.csv,True,False,False,1751925379.8232613,636576.6763687134
149719,1751924743.2469285,1751924937.232245,batch_consumer-sts-0_20250707_214859_053141.csv,True,False,False,1751925379.8232613,636576.3328075409
149729,1751924743.247211,1751924937.2567222,batch_consumer-sts-0_20250707_214859_053141.csv,True,False,False,1751925379.8232613,636576.0502815247
149739,1751924743.2475755,1751924937.2812126,batch_consumer-sts-0_20250707_214859_053141.csv,True,False,False,1751925379.8232613,636575.6857395172
149749,1751924743.2479355,1751924937.3057585,batch_consumer-sts-0_20250707_214859_053141.csv,True,False,False,1751925379.8232613,636575.3257274628
149759,1751924743.2482252,1751924937.3305132,batch_consumer-sts-0_20250707_214859_053141.csv,True,False,False,1751925379.8232613,636575.0360488892
149769,1751924743.2485728,1751924937.355197,batch_consumer-sts-0_20250707_214859_053141.csv,True,False,False,1751925379.8232613,636574.6884346008
149779,1751924743.248923,1751924937.3797705,batch_consumer-sts-0_20250707_214859_053141.csv,True,False,False,1751925379.8232613,636574.3381977081
149789,1751924743.2491944,1751924937.4043195,batch_consumer-sts-0_20250707_214859_053141.csv,True,False,False,1751925379.8232613,636574.0668773651
149799,1751924743.2495513,1751924937.4292874,batch_consumer-sts-0_20250707_214859_053141.csv,True,False,False,1751925379.8232613,636573.7099647522
149809,1751924743.2499194,1751924937.4544847,batch_consumer-sts-0_20250707_214859_053141.csv,True,False,False,1751925379.8232613,636573.3418464661
149819,1751924743.2503142,1751924937.479815,batch_consumer-sts-0_20250707_214859_053141.csv,True,False,False,1751925379.8232613,636572.9470252991
149829,1751924743.2506,1751924937.5044117,batch_consumer-sts-0_20250707_214859_053141.csv,True,False,False,1751925379.8232613,636572.6611614227
149839,1751924743.2509184,1751924937.5287626,batch_consumer-sts-0_20250707_214859_053141.csv,True,False,False,1751925379.8232613,636572.3428726196
149849,1751924743.2512517,1751924937.5543835,batch_consumer-sts-0_20250707_214859_053141.csv,True,False,False,1751925379.8232613,636572.009563446
149859,1751924743.2515638,1751924937.5798829,batch_consumer-sts-0_20250707_214859_053141.csv,True,False,False,1751925379.8232613,636571.697473526
149869,1751924743.251847,1751924937.604359,batch_consumer-sts-0_20250707_214859_053141.csv,True,False,False,1751925379.8232613,636571.414232254
149879,1751924743.2521932,1751924937.630325,batch_consumer-sts-0_20250707_214859_053141.csv,True,False,False,1751925379.8232613,636571.0680484772
149889,1751924743.2525475,1751924937.6556802,batch_consumer-sts-0_20250707_214859_053141.csv,True,False,False,1751925379.8232613,636570.7137584686
149899,1751924743.2529073,1751924937.6806564,batch_consumer-sts-0_20250707_214859_053141.csv,True,False,False,1751925379.8232613,636570.3539848328
149909,1751924743.2532177,1751924937.7055662,batch_consumer-sts-0_20250707_214859_053141.csv,True,False,False,1751925379.8232613,636570.0435638428
149919,1751924743.2535777,1751924937.730997,batch_consumer-sts-0_20250707_214859_053141.csv,True,False,False,1751925379.8232613,636569.6835517883
149929,1751924743.2539215,1751924937.7563653,batch_consumer-sts-0_20250707_214859_053141.csv,True,False,False,1751925379.8232613,636569.3397521973
149939,1751924743.2542531,1751924937.7818463,batch_consumer-sts-0_20250707_214859_053141.csv,True,False,False,1751925379.8232613,636569.0081119537
149949,1751924743.254556,1751924937.8071637,batch_consumer-sts-0_20250707_214859_053141.csv,True,False,False,1751925379.8232613,636568.7053203583
149959,1751924743.2548902,1751924937.832176,batch_consumer-sts-0_20250707_214859_053141.csv,True,False,False,1751925379.8232613,636568.3710575104
149969,1751924743.2552028,1751924937.8573947,batch_consumer-sts-0_20250707_214859_053141.csv,True,False,False,1751925379.8232613,636568.0584907532
149979,1751924743.255495,1751924937.8820455,batch_consumer-sts-0_20250707_214859_053141.csv,True,False,False,1751925379.8232613,636567.7661895752
149989,1751924743.255836,1751924937.906525,batch_consumer-sts-0_20250707_214859_053141.csv,True,False,False,1751925379.8232613,636567.4252510071
149999,1751924743.2561471,1751924937.931255,batch_consumer-sts-0_20250707_214859_053141.csv,True,False,False,1751925379.8232613,636567.1141147614
150009,1751924743.2564394,1751924937.9561164,batch_consumer-sts-0_20250707_214859_053141.csv,True,False,False,1751925379.8232613,636566.8218135834
150019,1751924743.256672,1751924937.9806952,batch_consumer-sts-0_20250707_214859_053141.csv,True,False,False,1751925379.8232613,636566.5893554688
150029,1751924743.2568977,1751924938.0055048,batch_consumer-sts-0_20250707_214859_053141.csv,True,False,False,1751925379.8232613,636566.3635730743
150039,1751924743.2572095,1751924938.030702,batch_consumer-sts-0_20250707_214859_053141.csv,True,False,False,1751925379.8232613,636566.0517215729
152459,1751924743.719642,1751924938.0554602,batch_consumer-sts-0_20250707_214859_053141.csv,True,False,False,1751925379.8232613,636103.6193370819
152469,1751924743.71989,1751924938.0802083,batch_consumer-sts-0_20250707_214859_053141.csv,True,False,False,1751925379.8232613,636103.3711433411
152479,1751924743.7201235,1751924938.1045802,batch_consumer-sts-0_20250707_214859_053141.csv,True,False,False,1751925379.8232613,636103.1377315521
152489,1751924743.7203536,1751924938.1287975,batch_consumer-sts-0_20250707_214859_053141.csv,True,False,False,1751925379.8232613,636102.9076576233
152499,1751924743.7205985,1751924938.1565783,batch_consumer-sts-0_20250707_214859_053141.csv,True,False,False,1751925379.8232613,636102.6628017426
152509,1751924743.7208405,1751924938.180895,batch_consumer-sts-0_20250707_214859_053141.csv,True,False,False,1751925379.8232613,636102.4208068848
180339,1751924752.718119,1751924938.205065,batch_consumer-sts-0_20250707_214859_053141.csv,True,False,False,1751925379.8232613,627105.1423549652
180349,1751924752.718389,1751924938.2296555,batch_consumer-sts-0_20250707_214859_053141.csv,True,False,False,1751925379.8232613,627104.8722267151
180359,1751924752.7185895,1751924938.254359,batch_consumer-sts-0_20250707_214859_053141.csv,True,False,False,1751925379.8232613,627104.6717166901
180369,1751924752.718784,1751924938.2793298,batch_consumer-sts-0_20250707_214859_053141.csv,True,False,False,1751925379.8232613,627104.4771671295
180379,1751924752.7189765,1751924938.3043923,batch_consumer-sts-0_20250707_214859_053141.csv,True,False,False,1751925379.8232613,627104.2847633362
180389,1751924752.719172,1751924938.32946,batch_consumer-sts-0_20250707_214859_053141.csv,True,False,False,1751925379.8232613,627104.0892601013
180399,1751924752.7193696,1751924938.3557878,batch_consumer-sts-0_20250707_214859_053141.csv,True,False,False,1751925379.8232613,627103.8916110992
180409,1751924752.719563,1751924938.3803706,batch_consumer-sts-0_20250707_214859_053141.csv,True,False,False,1751925379.8232613,627103.6982536316
180419,1751924752.7197542,1751924938.4039135,batch_consumer-sts-0_20250707_214859_053141.csv,True,False,False,1751925379.8232613,627103.5070419312
180429,1751924752.7199478,1751924938.4287882,batch_consumer-sts-0_20250707_214859_053141.csv,True,False,False,1751925379.8232613,627103.3134460449
180439,1751924752.72013,1751924938.4535291,batch_consumer-sts-0_20250707_214859_053141.csv,True,False,False,1751925379.8232613,627103.1312942505
180449,1751924752.7203093,1751924938.4785209,batch_consumer-sts-0_20250707_214859_053141.csv,True,False,False,1751925379.8232613,627102.952003479
180459,1751924752.7204957,1751924938.5040534,batch_consumer-sts-0_20250707_214859_053141.csv,True,False,False,1751925379.8232613,627102.7655601501
180469,1751924752.7206783,1751924938.5287516,batch_consumer-sts-0_20250707_214859_053141.csv,True,False,False,1751925379.8232613,627102.5829315186
180479,1751924752.720864,1751924938.554207,batch_consumer-sts-0_20250707_214859_053141.csv,True,False,False,1751925379.8232613,627102.3972034454
180489,1751924752.721052,1751924938.5794325,batch_consumer-sts-0_20250707_214859_053141.csv,True,False,False,1751925379.8232613,627102.2093296051
180499,1751924752.7212331,1751924938.6046023,batch_consumer-sts-0_20250707_214859_053141.csv,True,False,False,1751925379.8232613,627102.028131485
180509,1751924752.7214122,1751924938.6290953,batch_consumer-sts-0_20250707_214859_053141.csv,True,False,False,1751925379.8232613,627101.8490791321
180519,1751924752.721592,1751924938.653936,batch_consumer-sts-0_20250707_214859_053141.csv,True,False,False,1751925379.8232613,627101.6693115234
180529,1751924752.7217717,1751924938.6789773,batch_consumer-sts-0_20250707_214859_053141.csv,True,False,False,1751925379.8232613,627101.4895439148
180539,1751924752.7219515,1751924938.704365,batch_consumer-sts-0_20250707_214859_053141.csv,True,False,False,1751925379.8232613,627101.3097763062
180549,1751924752.722128,1751924938.729365,batch_consumer-sts-0_20250707_214859_053141.csv,True,False,False,1751925379.8232613,627101.1333465576
180559,1751924752.7223148,1751924938.7527733,batch_consumer-sts-0_20250707_214859_053141.csv,True,False,False,1751925379.8232613,627100.9464263916
180569,1751924752.7225015,1751924938.777793,batch_consumer-sts-0_20250707_214859_053141.csv,True,False,False,1751925379.8232613,627100.7597446442
180579,1751924752.722761,1751924938.8027592,batch_consumer-sts-0_20250707_214859_053141.csv,True,False,False,1751925379.8232613,627100.5003452301
180589,1751924752.7229886,1751924938.827542,batch_consumer-sts-0_20250707_214859_053141.csv,True,False,False,1751925379.8232613,627100.2726554871
180599,1751924752.7231886,1751924938.8525038,batch_consumer-sts-0_20250707_214859_053141.csv,True,False,False,1751925379.8232613,627100.0726222992
180609,1751924752.723383,1751924938.8789809,batch_consumer-sts-0_20250707_214859_053141.csv,True,False,False,1751925379.8232613,627099.8783111572
180619,1751924752.723607,1751924938.903792,batch_consumer-sts-0_20250707_214859_053141.csv,True,False,False,1751925379.8232613,627099.6541976929
180629,1751924752.723822,1751924938.9285564,batch_consumer-sts-0_20250707_214859_053141.csv,True,False,False,1751925379.8232613,627099.4391441345
180639,1751924752.7240424,1751924938.9531786,batch_consumer-sts-0_20250707_214859_053141.csv,True,False,False,1751925379.8232613,627099.2188453674
180649,1751924752.7242675,1751924938.9781866,batch_consumer-sts-0_20250707_214859_053141.csv,True,False,False,1751925379.8232613,627098.9937782288
180659,1751924752.7244842,1751924939.0029056,batch_consumer-sts-0_20250707_214859_053141.csv,True,False,False,1751925379.8232613,627098.7770557404
180669,1751924752.7246995,1751924939.0275204,batch_consumer-sts-0_20250707_214859_053141.csv,True,False,False,1751925379.8232613,627098.5617637634
180679,1751924752.7249477,1751924939.246045,batch_consumer-sts-0_20250707_214918_116794.csv,True,False,False,1751925379.8232613,627098.3135700226
180689,1751924752.7251432,1751924939.2726293,batch_consumer-sts-0_20250707_214918_116794.csv,True,False,False,1751925379.8232613,627098.1180667877
180699,1751924752.7253237,1751924939.297916,batch_consumer-sts-0_20250707_214918_116794.csv,True,False,False,1751925379.8232613,627097.9375839233
180709,1751924752.7255025,1751924939.3232553,batch_consumer-sts-0_20250707_214918_116794.csv,True,False,False,1751925379.8232613,627097.758769989
180719,1751924752.7256827,1751924939.3503768,batch_consumer-sts-0_20250707_214918_116794.csv,True,False,False,1751925379.8232613,627097.5785255432
180729,1751924752.7258646,1751924939.3752391,batch_consumer-sts-0_20250707_214918_116794.csv,True,False,False,1751925379.8232613,627097.3966121674
180739,1751924752.7260456,1751924939.3989775,batch_consumer-sts-0_20250707_214918_116794.csv,True,False,False,1751925379.8232613,627097.2156524658
180749,1751924752.7262526,1751924939.4232996,batch_consumer-sts-0_20250707_214918_116794.csv,True,False,False,1751925379.8232613,627097.0087051392
180759,1751924752.7264462,1751924939.448507,batch_consumer-sts-0_20250707_214918_116794.csv,True,False,False,1751925379.8232613,627096.8151092529
180769,1751924752.7266486,1751924939.4739308,batch_consumer-sts-0_20250707_214918_116794.csv,True,False,False,1751925379.8232613,627096.6126918793
180779,1751924752.7268348,1751924939.499163,batch_consumer-sts-0_20250707_214918_116794.csv,True,False,False,1751925379.8232613,627096.426486969
180789,1751924752.7270265,1751924939.526755,batch_consumer-sts-0_20250707_214918_116794.csv,True,False,False,1751925379.8232613,627096.2347984314
180799,1751924752.7272234,1751924939.5515618,batch_consumer-sts-0_20250707_214918_116794.csv,True,False,False,1751925379.8232613,627096.0378646851
180809,1751924752.7274303,1751924939.5764189,batch_consumer-sts-0_20250707_214918_116794.csv,True,False,False,1751925379.8232613,627095.8309173584
180819,1751924752.7276244,1751924939.6012836,batch_consumer-sts-0_20250707_214918_116794.csv,True,False,False,1751925379.8232613,627095.636844635
180829,1751924752.727815,1751924939.626041,batch_consumer-sts-0_20250707_214918_116794.csv,True,False,False,1751925379.8232613,627095.4463481903
180839,1751924752.7280068,1751924939.651193,batch_consumer-sts-0_20250707_214918_116794.csv,True,False,False,1751925379.8232613,627095.2544212341
180849,1751924752.7281914,1751924939.6762862,batch_consumer-sts-0_20250707_214918_116794.csv,True,False,False,1751925379.8232613,627095.0698852539
180859,1751924752.728381,1751924939.7005796,batch_consumer-sts-0_20250707_214918_116794.csv,True,False,False,1751925379.8232613,627094.8803424835
180869,1751924752.728566,1751924939.9854436,batch_consumer-sts-0_20250707_214918_116794.csv,True,False,False,1751925379.8232613,627094.6953296661
180879,1751924752.7287405,1751924940.0105913,batch_consumer-sts-0_20250707_214918_116794.csv,True,False,False,1751925379.8232613,627094.5208072662
180889,1751924752.7289183,1751924940.035326,batch_consumer-sts-0_20250707_214918_116794.csv,True,False,False,1751925379.8232613,627094.3429470062
180899,1751924752.7291005,1751924940.0602598,batch_consumer-sts-0_20250707_214918_116794.csv,True,False,False,1751925379.8232613,627094.1607952118
180909,1751924752.7292814,1751924940.0850573,batch_consumer-sts-0_20250707_214918_116794.csv,True,False,False,1751925379.8232613,627093.9798355103
180919,1751924752.7294624,1751924940.1096804,batch_consumer-sts-0_20250707_214918_116794.csv,True,False,False,1751925379.8232613,627093.7988758087
180929,1751924752.7296422,1751924940.134554,batch_consumer-sts-0_20250707_214918_116794.csv,True,False,False,1751925379.8232613,627093.6191082001
180939,1751924752.729831,1751924940.1602683,batch_consumer-sts-0_20250707_214918_116794.csv,True,False,False,1751925379.8232613,627093.4302806854
180949,1751924752.7300167,1751924940.1858027,batch_consumer-sts-0_20250707_214918_116794.csv,True,False,False,1751925379.8232613,627093.2445526123
180959,1751924752.7302072,1751924940.210389,batch_consumer-sts-0_20250707_214918_116794.csv,True,False,False,1751925379.8232613,627093.0540561676
180969,1751924752.730391,1751924940.23569,batch_consumer-sts-0_20250707_214918_116794.csv,True,False,False,1751925379.8232613,627092.8702354431
180979,1751924752.7305658,1751924940.260725,batch_consumer-sts-0_20250707_214918_116794.csv,True,False,False,1751925379.8232613,627092.6954746246
180989,1751924752.730777,1751924940.2858708,batch_consumer-sts-0_20250707_214918_116794.csv,True,False,False,1751925379.8232613,627092.4842357635
183819,1751924754.3325925,1751924940.3105152,batch_consumer-sts-0_20250707_214918_116794.csv,True,False,False,1751925379.8232613,625490.6687736511
183829,1751924754.3328235,1751924940.3356075,batch_consumer-sts-0_20250707_214918_116794.csv,True,False,False,1751925379.8232613,625490.437746048
183839,1751924754.3330176,1751924940.3608131,batch_consumer-sts-0_20250707_214918_116794.csv,True,False,False,1751925379.8232613,625490.2436733246
183849,1751924754.3332005,1751924940.3857555,batch_consumer-sts-0_20250707_214918_116794.csv,True,False,False,1751925379.8232613,625490.0608062744
183859,1751924754.3333807,1751924940.4101264,batch_consumer-sts-0_20250707_214918_116794.csv,True,False,False,1751925379.8232613,625489.8805618286
183869,1751924754.333567,1751924940.4361649,batch_consumer-sts-0_20250707_214918_116794.csv,True,False,False,1751925379.8232613,625489.6943569183
183879,1751924754.3337524,1751924940.4615235,batch_consumer-sts-0_20250707_214918_116794.csv,True,False,False,1751925379.8232613,625489.5088672638
183889,1751924754.333937,1751924940.4873748,batch_consumer-sts-0_20250707_214918_116794.csv,True,False,False,1751925379.8232613,625489.3243312836
183899,1751924754.334118,1751924941.513431,batch_consumer-sts-0_20250707_214918_116794.csv,True,False,False,1751925379.8232613,625489.143371582
183909,1751924754.334371,1751924941.5389178,batch_consumer-sts-0_20250707_214918_116794.csv,True,False,False,1751925379.8232613,625488.890171051
183919,1751924754.334608,1751924941.5637794,batch_consumer-sts-0_20250707_214918_116794.csv,True,False,False,1751925379.8232613,625488.6531829834
183929,1751924754.3348374,1751924941.5885704,batch_consumer-sts-0_20250707_214918_116794.csv,True,False,False,1751925379.8232613,625488.4238243103
183939,1751924754.3350725,1751924941.6127226,batch_consumer-sts-0_20250707_214918_116794.csv,True,False,False,1751925379.8232613,625488.1887435913
183949,1751924754.3353088,1751924941.6376812,batch_consumer-sts-0_20250707_214918_116794.csv,True,False,False,1751925379.8232613,625487.9524707794
183959,1751924754.3355289,1751924941.6624355,batch_consumer-sts-0_20250707_214918_116794.csv,True,False,False,1751925379.8232613,625487.7324104309
183969,1751924754.3357084,1751924941.6871004,batch_consumer-sts-0_20250707_214918_116794.csv,True,False,False,1751925379.8232613,625487.5528812408
183979,1751924754.3358967,1751924941.7123775,batch_consumer-sts-0_20250707_214918_116794.csv,True,False,False,1751925379.8232613,625487.3645305634
183989,1751924754.336077,1751924941.7362602,batch_consumer-sts-0_20250707_214918_116794.csv,True,False,False,1751925379.8232613,625487.1842861176
183999,1751924754.3362598,1751924941.7611904,batch_consumer-sts-0_20250707_214918_116794.csv,True,False,False,1751925379.8232613,625487.0014190674
184009,1751924754.3364372,1751924941.7854402,batch_consumer-sts-0_20250707_214918_116794.csv,True,False,False,1751925379.8232613,625486.8240356445
184019,1751924754.336617,1751924941.8104725,batch_consumer-sts-0_20250707_214918_116794.csv,True,False,False,1751925379.8232613,625486.6442680359
184029,1751924754.3368132,1751924941.83681,batch_consumer-sts-0_20250707_214918_116794.csv,True,False,False,1751925379.8232613,625486.4480495453
184039,1751924754.3370056,1751924941.861683,batch_consumer-sts-0_20250707_214918_116794.csv,True,False,False,1751925379.8232613,625486.255645752
184049,1751924754.3371992,1751924941.8866982,batch_consumer-sts-0_20250707_214918_116794.csv,True,False,False,1751925379.8232613,625486.0620498657
184059,1751924754.3373952,1751924941.911189,batch_consumer-sts-0_20250707_214918_116794.csv,True,False,False,1751925379.8232613,625485.8660697937
184069,1751924754.337596,1751924941.9364667,batch_consumer-sts-0_20250707_214918_116794.csv,True,False,False,1751925379.8232613,625485.6653213501
184079,1751924754.3377922,1751924941.9612548,batch_consumer-sts-0_20250707_214918_116794.csv,True,False,False,1751925379.8232613,625485.4691028595
184089,1751924754.3380024,1751924941.9862037,batch_consumer-sts-0_20250707_214918_116794.csv,True,False,False,1751925379.8232613,625485.2588176727
184099,1751924754.338228,1751924942.0107422,batch_consumer-sts-0_20250707_214918_116794.csv,True,False,False,1751925379.8232613,625485.0332736969
184109,1751924754.3384545,1751924942.433159,batch_consumer-sts-0_20250707_214918_116794.csv,True,False,False,1751925379.8232613,625484.8067760468
184119,1751924754.3386755,1751924942.4626122,batch_consumer-sts-0_20250707_214918_116794.csv,True,False,False,1751925379.8232613,625484.5857620239
184129,1751924754.3388968,1751924942.4873986,batch_consumer-sts-0_20250707_214918_116794.csv,True,False,False,1751925379.8232613,625484.3645095825
184139,1751924754.3391168,1751924942.5116296,batch_consumer-sts-0_20250707_214918_116794.csv,True,False,False,1751925379.8232613,625484.144449234
184149,1751924754.3393464,1751924942.5364883,batch_consumer-sts-0_20250707_214918_116794.csv,True,False,False,1751925379.8232613,625483.9148521423
184159,1751924754.3395495,1751924942.5610986,batch_consumer-sts-0_20250707_214918_116794.csv,True,False,False,1751925379.8232613,625483.7117195129
184169,1751924754.3397255,1751924942.5860424,batch_consumer-sts-0_20250707_214918_116794.csv,True,False,False,1751925379.8232613,625483.5357666016
184179,1751924754.3399167,1751924942.6107082,batch_consumer-sts-0_20250707_214918_116794.csv,True,False,False,1751925379.8232613,625483.3445549011
184189,1751924754.340099,1751924942.6359117,batch_consumer-sts-0_20250707_214918_116794.csv,True,False,False,1751925379.8232613,625483.1621646881
184199,1751924754.3402836,1751924942.661344,batch_consumer-sts-0_20250707_214918_116794.csv,True,False,False,1751925379.8232613,625482.9776287079
184209,1751924754.3404646,1751924942.6851933,batch_consumer-sts-0_20250707_214918_116794.csv,True,False,False,1751925379.8232613,625482.7966690063
184219,1751924754.3406498,1751924942.7106154,batch_consumer-sts-0_20250707_214918_116794.csv,True,False,False,1751925379.8232613,625482.6114177704
184229,1751924754.3408377,1751924942.7363431,batch_consumer-sts-0_20250707_214918_116794.csv,True,False,False,1751925379.8232613,625482.42354393
184239,1751924754.3410163,1751924942.7615066,batch_consumer-sts-0_20250707_214918_116794.csv,True,False,False,1751925379.8232613,625482.2449684143
184249,1751924754.3411984,1751924942.786279,batch_consumer-sts-0_20250707_214918_116794.csv,True,False,False,1751925379.8232613,625482.0628166199
184259,1751924754.3413806,1751924942.810599,batch_consumer-sts-0_20250707_214918_116794.csv,True,False,False,1751925379.8232613,625481.8806648254
184269,1751924754.3415625,1751924942.8358176,batch_consumer-sts-0_20250707_214918_116794.csv,True,False,False,1751925379.8232613,625481.6987514496
184279,1751924754.3417444,1751924942.8609924,batch_consumer-sts-0_20250707_214918_116794.csv,True,False,False,1751925379.8232613,625481.5168380737
184289,1751924754.3419316,1751924942.8859046,batch_consumer-sts-0_20250707_214918_116794.csv,True,False,False,1751925379.8232613,625481.3296794891
184299,1751924754.3421187,1751924942.9115644,batch_consumer-sts-0_20250707_214918_116794.csv,True,False,False,1751925379.8232613,625481.1425209045
184309,1751924754.3423476,1751924942.9370108,batch_consumer-sts-0_20250707_214918_116794.csv,True,False,False,1751925379.8232613,625480.9136390686
184319,1751924754.3425674,1751924942.9618757,batch_consumer-sts-0_20250707_214918_116794.csv,True,False,False,1751925379.8232613,625480.6938171387
184329,1751924754.3427858,1751924942.98722,batch_consumer-sts-0_20250707_214918_116794.csv,True,False,False,1751925379.8232613,625480.4754257202
184339,1751924754.3430078,1751924943.011786,batch_consumer-sts-0_20250707_214918_116794.csv,True,False,False,1751925379.8232613,625480.2534580231
184349,1751924754.3432295,1751924943.0386715,batch_consumer-sts-0_20250707_214918_116794.csv,True,False,False,1751925379.8232613,625480.0317287445
184359,1751924754.343464,1751924943.063309,batch_consumer-sts-0_20250707_214918_116794.csv,True,False,False,1751925379.8232613,625479.7973632812
184369,1751924754.3436477,1751924943.088353,batch_consumer-sts-0_20250707_214918_116794.csv,True,False,False,1751925379.8232613,625479.6135425568
184379,1751924754.3438318,1751924943.1130383,batch_consumer-sts-0_20250707_214918_116794.csv,True,False,False,1751925379.8232613,625479.4294834137
184389,1751924754.3440156,1751924943.1380925,batch_consumer-sts-0_20250707_214918_116794.csv,True,False,False,1751925379.8232613,625479.2456626892
184399,1751924754.3442032,1751924943.1628003,batch_consumer-sts-0_20250707_214918_116794.csv,True,False,False,1751925379.8232613,625479.0580272675
184409,1751924754.3443902,1751924943.1873922,batch_consumer-sts-0_20250707_214918_116794.csv,True,False,False,1751925379.8232613,625478.8711071014
184419,1751924754.3445764,1751924943.2117207,batch_consumer-sts-0_20250707_214918_116794.csv,True,False,False,1751925379.8232613,625478.6849021912
184429,1751924754.3447585,1751924943.2372005,batch_consumer-sts-0_20250707_214918_116794.csv,True,False,False,1751925379.8232613,625478.5027503967
184439,1751924754.3449616,1751924943.2621207,batch_consumer-sts-0_20250707_214918_116794.csv,True,False,False,1751925379.8232613,625478.2996177673
184449,1751924754.3451483,1751924943.287033,batch_consumer-sts-0_20250707_214918_116794.csv,True,False,False,1751925379.8232613,625478.1129360199
184459,1751924754.3453376,1751924943.311765,batch_consumer-sts-0_20250707_214918_116794.csv,True,False,False,1751925379.8232613,625477.9236316681
184469,1751924754.3455188,1751924943.336559,batch_consumer-sts-0_20250707_214918_116794.csv,True,False,False,1751925379.8232613,625477.742433548
184479,1751924754.3456948,1751924943.361195,batch_consumer-sts-0_20250707_214918_116794.csv,True,False,False,1751925379.8232613,625477.5664806366
184489,1751924754.3458805,1751924943.386001,batch_consumer-sts-0_20250707_214918_116794.csv,True,False,False,1751925379.8232613,625477.3807525635
184499,1751924754.3460622,1751924943.410474,batch_consumer-sts-0_20250707_214918_116794.csv,True,False,False,1751925379.8232613,625477.1990776062
184509,1751924754.3462744,1751924943.435154,batch_consumer-sts-0_20250707_214918_116794.csv,True,False,False,1751925379.8232613,625476.9868850708
184519,1751924754.3467083,1751924943.4605172,batch_consumer-sts-0_20250707_214918_116794.csv,True,False,False,1751925379.8232613,625476.5529632568
184529,1751924754.3469012,1751924943.485524,batch_consumer-sts-0_20250707_214918_116794.csv,True,False,False,1751925379.8232613,625476.3600826263
184539,1751924754.347093,1751924943.509879,batch_consumer-sts-0_20250707_214918_116794.csv,True,False,False,1751925379.8232613,625476.1681556702
184549,1751924754.3472826,1751924943.5345166,batch_consumer-sts-0_20250707_214918_116794.csv,True,False,False,1751925379.8232613,625475.9786128998
184559,1751924754.347479,1751924943.5595648,batch_consumer-sts-0_20250707_214918_116794.csv,True,False,False,1751925379.8232613,625475.7821559906
184569,1751924754.3476596,1751924943.5846474,batch_consumer-sts-0_20250707_214918_116794.csv,True,False,False,1751925379.8232613,625475.6016731262
184579,1751924754.3478446,1751924943.6088212,batch_consumer-sts-0_20250707_214918_116794.csv,True,False,False,1751925379.8232613,625475.4166603088
184589,1751924754.3480246,1751924943.633416,batch_consumer-sts-0_20250707_214918_116794.csv,True,False,False,1751925379.8232613,625475.2366542816
184599,1751924754.3482144,1751924943.658167,batch_consumer-sts-0_20250707_214918_116794.csv,True,False,False,1751925379.8232613,625475.0468730927
184609,1751924754.3483868,1751924943.6830792,batch_consumer-sts-0_20250707_214918_116794.csv,True,False,False,1751925379.8232613,625474.87449646
184619,1751924754.3485618,1751924943.7078238,batch_consumer-sts-0_20250707_214918_116794.csv,True,False,False,1751925379.8232613,625474.6994972229
184629,1751924754.34874,1751924943.7354205,batch_consumer-sts-0_20250707_214918_116794.csv,True,False,False,1751925379.8232613,625474.5211601257
184639,1751924754.3489172,1751924943.760636,batch_consumer-sts-0_20250707_214918_116794.csv,True,False,False,1751925379.8232613,625474.3440151215
184649,1751924754.3490922,1751924943.7899113,batch_consumer-sts-0_20250707_214918_116794.csv,True,False,False,1751925379.8232613,625474.1690158844
184659,1751924754.3492663,1751924943.814166,batch_consumer-sts-0_20250707_214918_116794.csv,True,False,False,1751925379.8232613,625473.9949703217
184669,1751924754.3494382,1751924943.8390484,batch_consumer-sts-0_20250707_214918_116794.csv,True,False,False,1751925379.8232613,625473.8230705261
184679,1751924754.349613,1751924943.864693,batch_consumer-sts-0_20250707_214918_116794.csv,True,False,False,1751925379.8232613,625473.6483097076
184689,1751924754.34979,1751924943.8896694,batch_consumer-sts-0_20250707_214918_116794.csv,True,False,False,1751925379.8232613,625473.4711647034
184699,1751924754.3499682,1751924943.913642,batch_consumer-sts-0_20250707_214918_116794.csv,True,False,False,1751925379.8232613,625473.2930660248
184709,1751924754.3501482,1751924943.9380803,batch_consumer-sts-0_20250707_214918_116794.csv,True,False,False,1751925379.8232613,625473.1130599976
184719,1751924754.350361,1751924943.9620008,batch_consumer-sts-0_20250707_214918_116794.csv,True,False,False,1751925379.8232613,625472.9001522064
184729,1751924754.3505597,1751924943.9868858,batch_consumer-sts-0_20250707_214918_116794.csv,True,False,False,1751925379.8232613,625472.70154953
184739,1751924754.3507557,1751924944.0110178,batch_consumer-sts-0_20250707_214918_116794.csv,True,False,False,1751925379.8232613,625472.505569458
184749,1751924754.3509517,1751924944.0360987,batch_consumer-sts-0_20250707_214918_116794.csv,True,False,False,1751925379.8232613,625472.309589386
184759,1751924754.351149,1751924944.0615425,batch_consumer-sts-0_20250707_214918_116794.csv,True,False,False,1751925379.8232613,625472.1121788025
184769,1751924754.351348,1751924944.0859582,batch_consumer-sts-0_20250707_214918_116794.csv,True,False,False,1751925379.8232613,625471.9133377075
184779,1751924754.3515463,1751924944.112016,batch_consumer-sts-0_20250707_214918_116794.csv,True,False,False,1751925379.8232613,625471.7149734497
184789,1751924754.351727,1751924944.1361868,batch_consumer-sts-0_20250707_214918_116794.csv,True,False,False,1751925379.8232613,625471.5342521667
184799,1751924754.3519118,1751924944.160603,batch_consumer-sts-0_20250707_214918_116794.csv,True,False,False,1751925379.8232613,625471.349477768
184809,1751924754.352097,1751924944.1850958,batch_consumer-sts-0_20250707_214918_116794.csv,True,False,False,1751925379.8232613,625471.164226532
184819,1751924754.352279,1751924944.2098188,batch_consumer-sts-0_20250707_214918_116794.csv,True,False,False,1751925379.8232613,625470.9823131561
184829,1751924754.352456,1751924944.2345638,batch_consumer-sts-0_20250707_214918_116794.csv,True,False,False,1751925379.8232613,625470.8051681519
184839,1751924754.3526564,1751924944.259378,batch_consumer-sts-0_20250707_214918_116794.csv,True,False,False,1751925379.8232613,625470.6048965454
184849,1751924754.3528335,1751924944.2844062,batch_consumer-sts-0_20250707_214918_116794.csv,True,False,False,1751925379.8232613,625470.4277515411
184859,1751924754.353035,1751924944.3091445,batch_consumer-sts-0_20250707_214918_116794.csv,True,False,False,1751925379.8232613,625470.2262878418
184869,1751924754.3532226,1751924944.425794,batch_consumer-sts-0_20250707_214918_116794.csv,True,False,False,1751925379.8232613,625470.03865242
184879,1751924754.3534186,1751924944.4505951,batch_consumer-sts-0_20250707_214918_116794.csv,True,False,False,1751925379.8232613,625469.842672348
184889,1751924754.353608,1751924944.4754095,batch_consumer-sts-0_20250707_214918_116794.csv,True,False,False,1751925379.8232613,625469.6533679962
184899,1751924754.3537946,1751924944.5003264,batch_consumer-sts-0_20250707_214918_116794.csv,True,False,False,1751925379.8232613,625469.4666862488
184909,1751924754.353979,1751924944.5241632,batch_consumer-sts-0_20250707_214918_116794.csv,True,False,False,1751925379.8232613,625469.2821502686
184919,1751924754.354174,1751924944.548782,batch_consumer-sts-0_20250707_214918_116794.csv,True,False,False,1751925379.8232613,625469.0873622894
184929,1751924754.3543863,1751924944.573487,batch_consumer-sts-0_20250707_214918_116794.csv,True,False,False,1751925379.8232613,625468.8749313354
184939,1751924754.354589,1751924944.5985572,batch_consumer-sts-0_20250707_214918_116794.csv,True,False,False,1751925379.8232613,625468.6722755432
184949,1751924754.354787,1751924944.6238863,batch_consumer-sts-0_20250707_214918_116794.csv,True,False,False,1751925379.8232613,625468.474149704
184959,1751924754.3549786,1751924944.6491742,batch_consumer-sts-0_20250707_214918_116794.csv,True,False,False,1751925379.8232613,625468.282699585
184969,1751924754.355174,1751924944.673412,batch_consumer-sts-0_20250707_214918_116794.csv,True,False,False,1751925379.8232613,625468.0871963501
184979,1751924754.35537,1751924944.6983526,batch_consumer-sts-0_20250707_214918_116794.csv,True,False,False,1751925379.8232613,625467.8912162781
184989,1751924754.3555632,1751924944.7217107,batch_consumer-sts-0_20250707_214918_116794.csv,True,False,False,1751925379.8232613,625467.698097229
184999,1751924754.3557386,1751924944.746274,batch_consumer-sts-0_20250707_214918_116794.csv,True,False,False,1751925379.8232613,625467.5226211548
185009,1751924754.3559165,1751924944.7714422,batch_consumer-sts-0_20250707_214918_116794.csv,True,False,False,1751925379.8232613,625467.3447608948
185019,1751924754.3560956,1751924944.7953951,batch_consumer-sts-0_20250707_214918_116794.csv,True,False,False,1751925379.8232613,625467.1657085419
185029,1751924754.3562772,1751924944.8196716,batch_consumer-sts-0_20250707_214918_116794.csv,True,False,False,1751925379.8232613,625466.9840335846
185039,1751924754.3564565,1751924944.8442829,batch_consumer-sts-0_20250707_214918_116794.csv,True,False,False,1751925379.8232613,625466.8047428131
185049,1751924754.3566368,1751924944.9073248,batch_consumer-sts-0_20250707_214918_116794.csv,True,False,False,1751925379.8232613,625466.6244983673
185059,1751924754.35684,1751924944.9320014,batch_consumer-sts-0_20250707_214918_116794.csv,True,False,False,1751925379.8232613,625466.4213657379
185069,1751924754.3570232,1751924944.956228,batch_consumer-sts-0_20250707_214918_116794.csv,True,False,False,1751925379.8232613,625466.2380218506
185079,1751924754.3572006,1751924944.9804566,batch_consumer-sts-0_20250707_214918_116794.csv,True,False,False,1751925379.8232613,625466.0606384277
185089,1751924754.357383,1751924945.0045528,batch_consumer-sts-0_20250707_214918_116794.csv,True,False,False,1751925379.8232613,625465.8782482147
185099,1751924754.3575616,1751924945.029463,batch_consumer-sts-0_20250707_214918_116794.csv,True,False,False,1751925379.8232613,625465.699672699
185109,1751924754.3577366,1751924945.054414,batch_consumer-sts-0_20250707_214918_116794.csv,True,False,False,1751925379.8232613,625465.5246734619
185119,1751924754.3579156,1751924945.079101,batch_consumer-sts-0_20250707_214918_116794.csv,True,False,False,1751925379.8232613,625465.345621109
185129,1751924754.3580885,1751924945.103525,batch_consumer-sts-0_20250707_214918_116794.csv,True,False,False,1751925379.8232613,625465.1727676392
185139,1751924754.3582897,1751924945.1400187,batch_consumer-sts-0_20250707_214918_116794.csv,True,False,False,1751925379.8232613,625464.9715423584
185149,1751924754.358478,1751924945.1649034,batch_consumer-sts-0_20250707_214918_116794.csv,True,False,False,1751925379.8232613,625464.7831916809
185159,1751924754.3586657,1751924945.1896837,batch_consumer-sts-0_20250707_214918_116794.csv,True,False,False,1751925379.8232613,625464.5955562592
185169,1751924754.3588605,1751924945.2139935,batch_consumer-sts-0_20250707_214918_116794.csv,True,False,False,1751925379.8232613,625464.40076828
185179,1751924754.3590498,1751924945.239018,batch_consumer-sts-0_20250707_214918_116794.csv,True,False,False,1751925379.8232613,625464.2114639282
185189,1751924754.3592436,1751924945.2645898,batch_consumer-sts-0_20250707_214918_116794.csv,True,False,False,1751925379.8232613,625464.0176296234
185199,1751924754.3594508,1751924945.2897515,batch_consumer-sts-0_20250707_214918_116794.csv,True,False,False,1751925379.8232613,625463.8104438782
185209,1751924754.556533,1751924945.3140745,batch_consumer-sts-0_20250707_214918_116794.csv,True,False,False,1751925379.8232613,625266.7281627655
185219,1751924754.5567462,1751924945.3388588,batch_consumer-sts-0_20250707_214918_116794.csv,True,False,False,1751925379.8232613,625266.5150165558
185229,1751924754.5569508,1751924945.3640175,batch_consumer-sts-0_20250707_214918_116794.csv,True,False,False,1751925379.8232613,625266.3104534149
185239,1751924754.5571415,1751924945.3887355,batch_consumer-sts-0_20250707_214918_116794.csv,True,False,False,1751925379.8232613,625266.1197185516
185249,1751924754.5573297,1751924945.413089,batch_consumer-sts-0_20250707_214918_116794.csv,True,False,False,1751925379.8232613,625265.9316062927
185259,1751924754.5575106,1751924945.4377484,batch_consumer-sts-0_20250707_214918_116794.csv,True,False,False,1751925379.8232613,625265.7506465912
185269,1751924754.557694,1751924945.4625103,batch_consumer-sts-0_20250707_214918_116794.csv,True,False,False,1751925379.8232613,625265.5673027039
185279,1751924754.557884,1751924945.4875257,batch_consumer-sts-0_20250707_214918_116794.csv,True,False,False,1751925379.8232613,625265.3772830963
185289,1751924754.5580668,1751924945.5120428,batch_consumer-sts-0_20250707_214918_116794.csv,True,False,False,1751925379.8232613,625265.1944160461
185299,1751924754.5582793,1751924946.5393598,batch_consumer-sts-0_20250707_214918_116794.csv,True,False,False,1751925379.8232613,625264.9819850922
185309,1751924754.5584671,1751924946.564608,batch_consumer-sts-0_20250707_214918_116794.csv,True,False,False,1751925379.8232613,625264.7941112518
185319,1751924754.558662,1751924946.5895798,batch_consumer-sts-0_20250707_214918_116794.csv,True,False,False,1751925379.8232613,625264.5993232727
185329,1751924754.5589015,1751924946.6143925,batch_consumer-sts-0_20250707_214918_116794.csv,True,False,False,1751925379.8232613,625264.3597126007
185339,1751924754.5591235,1751924946.639446,batch_consumer-sts-0_20250707_214918_116794.csv,True,False,False,1751925379.8232613,625264.1377449036
185349,1751924754.5593436,1751924946.6645637,batch_consumer-sts-0_20250707_214918_116794.csv,True,False,False,1751925379.8232613,625263.917684555
185359,1751924754.5595555,1751924946.689499,batch_consumer-sts-0_20250707_214918_116794.csv,True,False,False,1751925379.8232613,625263.7057304382
185369,1751924754.5597425,1751924946.712681,batch_consumer-sts-0_20250707_214918_116794.csv,True,False,False,1751925379.8232613,625263.5188102722
185379,1751924754.5599792,1751924946.7373056,batch_consumer-sts-0_20250707_214918_116794.csv,True,False,False,1751925379.8232613,625263.2820606232
185389,1751924754.5601764,1751924946.7619288,batch_consumer-sts-0_20250707_214918_116794.csv,True,False,False,1751925379.8232613,625263.0848884583
185399,1751924754.560365,1751924946.7864616,batch_consumer-sts-0_20250707_214918_116794.csv,True,False,False,1751925379.8232613,625262.8962993622
185409,1751924754.5605533,1751924946.8109584,batch_consumer-sts-0_20250707_214918_116794.csv,True,False,False,1751925379.8232613,625262.7079486847
185419,1751924754.56075,1751924946.8357563,batch_consumer-sts-0_20250707_214918_116794.csv,True,False,False,1751925379.8232613,625262.5112533569
185429,1751924754.560946,1751924946.8604052,batch_consumer-sts-0_20250707_214918_116794.csv,True,False,False,1751925379.8232613,625262.3152732849
185439,1751924754.561146,1751924946.885369,batch_consumer-sts-0_20250707_214918_116794.csv,True,False,False,1751925379.8232613,625262.115240097
185449,1751924754.561332,1751924946.9095857,batch_consumer-sts-0_20250707_214918_116794.csv,True,False,False,1751925379.8232613,625261.9292736053
185459,1751924754.5615172,1751924946.9346075,batch_consumer-sts-0_20250707_214918_116794.csv,True,False,False,1751925379.8232613,625261.7440223694
185469,1751924754.5617,1751924946.9595675,batch_consumer-sts-0_20250707_214918_116794.csv,True,False,False,1751925379.8232613,625261.5611553192
185479,1751924754.5618992,1751924946.984084,batch_consumer-sts-0_20250707_214918_116794.csv,True,False,False,1751925379.8232613,625261.3620758057
185489,1751924754.5624158,1751924947.008103,batch_consumer-sts-0_20250707_214918_116794.csv,True,False,False,1751925379.8232613,625260.8454227448
185499,1751924754.5631917,1751924947.033001,batch_consumer-sts-0_20250707_214918_116794.csv,True,False,False,1751925379.8232613,625260.0696086884
185509,1751924754.5634353,1751924947.057608,batch_consumer-sts-0_20250707_214918_116794.csv,True,False,False,1751925379.8232613,625259.8259449005
185519,1751924754.5636854,1751924947.0819736,batch_consumer-sts-0_20250707_214918_116794.csv,True,False,False,1751925379.8232613,625259.575843811
185529,1751924754.5639138,1751924947.1064076,batch_consumer-sts-0_20250707_214918_116794.csv,True,False,False,1751925379.8232613,625259.3474388123
185539,1751924754.5641546,1751924947.131011,batch_consumer-sts-0_20250707_214918_116794.csv,True,False,False,1751925379.8232613,625259.1066360474
185549,1751924754.5647233,1751924947.2805066,batch_consumer-sts-0_20250707_214918_116794.csv,True,False,False,1751925379.8232613,625258.5380077362
185559,1751924754.5649605,1751924947.3051472,batch_consumer-sts-0_20250707_214918_116794.csv,True,False,False,1751925379.8232613,625258.30078125
185569,1751924754.5655158,1751924947.3294036,batch_consumer-sts-0_20250707_214918_116794.csv,True,False,False,1751925379.8232613,625257.7455043793
185579,1751924754.5657084,1751924947.354172,batch_consumer-sts-0_20250707_214918_116794.csv,True,False,False,1751925379.8232613,625257.5528621674
185589,1751924754.5659013,1751924947.3793314,batch_consumer-sts-0_20250707_214918_116794.csv,True,False,False,1751925379.8232613,625257.3599815369
185599,1751924754.5660944,1751924947.4044423,batch_consumer-sts-0_20250707_214918_116794.csv,True,False,False,1751925379.8232613,625257.1668624878
185609,1751924754.5663326,1751924947.4295156,batch_consumer-sts-0_20250707_214918_116794.csv,True,False,False,1751925379.8232613,625256.9286823273
185619,1751924754.566552,1751924947.4545977,batch_consumer-sts-0_20250707_214918_116794.csv,True,False,False,1751925379.8232613,625256.7093372345
185629,1751924754.5667772,1751924947.479781,batch_consumer-sts-0_20250707_214918_116794.csv,True,False,False,1751925379.8232613,625256.4840316772
185639,1751924754.566992,1751924947.504634,batch_consumer-sts-0_20250707_214918_116794.csv,True,False,False,1751925379.8232613,625256.2692165375
185649,1751924754.5672033,1751924947.5298183,batch_consumer-sts-0_20250707_214918_116794.csv,True,False,False,1751925379.8232613,625256.0579776764
185659,1751924754.5674214,1751924947.554714,batch_consumer-sts-0_20250707_214918_116794.csv,True,False,False,1751925379.8232613,625255.8398246765
185669,1751924754.5676148,1751924947.5807185,batch_consumer-sts-0_20250707_214918_116794.csv,True,False,False,1751925379.8232613,625255.6464672089
185679,1751924754.5678034,1751924947.6049285,batch_consumer-sts-0_20250707_214918_116794.csv,True,False,False,1751925379.8232613,625255.4578781128
185689,1751924754.5679927,1751924947.6294758,batch_consumer-sts-0_20250707_214918_116794.csv,True,False,False,1751925379.8232613,625255.268573761
185699,1751924754.5681858,1751924947.6551132,batch_consumer-sts-0_20250707_214918_116794.csv,True,False,False,1751925379.8232613,625255.0754547119
185709,1751924754.5683837,1751924947.680387,batch_consumer-sts-0_20250707_214918_116794.csv,True,False,False,1751925379.8232613,625254.8775672913
185719,1751924754.5685656,1751924947.79229,batch_consumer-sts-0_20250707_214918_116794.csv,True,False,False,1751925379.8232613,625254.6956539154
185729,1751924754.56875,1751924947.816457,batch_consumer-sts-0_20250707_214918_116794.csv,True,False,False,1751925379.8232613,625254.5113563538
185739,1751924754.56893,1751924947.840902,batch_consumer-sts-0_20250707_214918_116794.csv,True,False,False,1751925379.8232613,625254.3313503265
185749,1751924754.5691123,1751924947.8652613,batch_consumer-sts-0_20250707_214918_116794.csv,True,False,False,1751925379.8232613,625254.1489601135
185759,1751924754.5692966,1751924947.888949,batch_consumer-sts-0_20250707_214918_116794.csv,True,False,False,1751925379.8232613,625253.9646625519
185769,1751924754.5694811,1751924947.9134357,batch_consumer-sts-0_20250707_214918_116794.csv,True,False,False,1751925379.8232613,625253.7801265717
185779,1751924754.569672,1751924947.938166,batch_consumer-sts-0_20250707_214918_116794.csv,True,False,False,1751925379.8232613,625253.5891532898
185789,1751924754.569857,1751924947.961949,batch_consumer-sts-0_20250707_214918_116794.csv,True,False,False,1751925379.8232613,625253.404378891
185799,1751924754.5700395,1751924947.9870048,batch_consumer-sts-0_20250707_214918_116794.csv,True,False,False,1751925379.8232613,625253.2217502594
185809,1751924754.570257,1751924948.011214,batch_consumer-sts-0_20250707_214918_116794.csv,True,False,False,1751925379.8232613,625253.0043125153
185819,1751924754.570494,1751924948.0358374,batch_consumer-sts-0_20250707_214918_116794.csv,True,False,False,1751925379.8232613,625252.7673244476
185829,1751924754.5706954,1751924948.0604951,batch_consumer-sts-0_20250707_214918_116794.csv,True,False,False,1751925379.8232613,625252.5658607483
185839,1751924754.570893,1751924948.0849175,batch_consumer-sts-0_20250707_214918_116794.csv,True,False,False,1751925379.8232613,625252.3682117462
185849,1751924754.5710914,1751924948.1090326,batch_consumer-sts-0_20250707_214918_116794.csv,True,False,False,1751925379.8232613,625252.1698474884
185859,1751924754.5712874,1751924948.1333685,batch_consumer-sts-0_20250707_214918_116794.csv,True,False,False,1751925379.8232613,625251.9738674164
185869,1751924754.571492,1751924948.1583903,batch_consumer-sts-0_20250707_214918_116794.csv,True,False,False,1751925379.8232613,625251.7693042755
185879,1751924754.5716743,1751924948.183042,batch_consumer-sts-0_20250707_214918_116794.csv,True,False,False,1751925379.8232613,625251.5869140625
185889,1751924754.5718515,1751924948.2073808,batch_consumer-sts-0_20250707_214918_116794.csv,True,False,False,1751925379.8232613,625251.4097690582
185899,1751924754.572039,1751924948.2323244,batch_consumer-sts-0_20250707_214918_116794.csv,True,False,False,1751925379.8232613,625251.222372055
185909,1751924754.5722249,1751924948.257739,batch_consumer-sts-0_20250707_214918_116794.csv,True,False,False,1751925379.8232613,625251.0364055634
185919,1751924754.5724056,1751924948.2835476,batch_consumer-sts-0_20250707_214918_116794.csv,True,False,False,1751925379.8232613,625250.8556842804
185929,1751924754.572613,1751924948.308078,batch_consumer-sts-0_20250707_214918_116794.csv,True,False,False,1751925379.8232613,625250.6482601166
185939,1751924754.5728078,1751924948.333134,batch_consumer-sts-0_20250707_214918_116794.csv,True,False,False,1751925379.8232613,625250.4534721375
185949,1751924754.5729966,1751924948.3599367,batch_consumer-sts-0_20250707_214918_116794.csv,True,False,False,1751925379.8232613,625250.2646446228
185959,1751924754.5731893,1751924948.3847077,batch_consumer-sts-0_20250707_214918_116794.csv,True,False,False,1751925379.8232613,625250.0720024109
185969,1751924754.5733738,1751924948.410634,batch_consumer-sts-0_20250707_214918_116794.csv,True,False,False,1751925379.8232613,625249.8874664307
185979,1751924754.5735629,1751924948.435617,batch_consumer-sts-0_20250707_214918_116794.csv,True,False,False,1751925379.8232613,625249.6984004974
185989,1751924754.573752,1751924948.4602046,batch_consumer-sts-0_20250707_214918_116794.csv,True,False,False,1751925379.8232613,625249.5093345642
185999,1751924754.5739474,1751924948.4842992,batch_consumer-sts-0_20250707_214918_116794.csv,True,False,False,1751925379.8232613,625249.3138313293
186009,1751924754.574143,1751924948.5090945,batch_consumer-sts-0_20250707_214918_116794.csv,True,False,False,1751925379.8232613,625249.1183280945
186019,1751924754.5743828,1751924948.5342226,batch_consumer-sts-0_20250707_214918_116794.csv,True,False,False,1751925379.8232613,625248.8784790039
186029,1751924754.5746512,1751924948.558773,batch_consumer-sts-0_20250707_214918_116794.csv,True,False,False,1751925379.8232613,625248.6100196838
186039,1751924754.5748637,1751924948.5842395,batch_consumer-sts-0_20250707_214918_116794.csv,True,False,False,1751925379.8232613,625248.3975887299
186049,1751924754.5750787,1751924948.6085515,batch_consumer-sts-0_20250707_214918_116794.csv,True,False,False,1751925379.8232613,625248.1825351715
186059,1751924754.5752945,1751924948.6330268,batch_consumer-sts-0_20250707_214918_116794.csv,True,False,False,1751925379.8232613,625247.9667663574
186069,1751924754.5755117,1751924948.6589742,batch_consumer-sts-0_20250707_214918_116794.csv,True,False,False,1751925379.8232613,625247.7495670319
186079,1751924754.5757244,1751924948.6839683,batch_consumer-sts-0_20250707_214918_116794.csv,True,False,False,1751925379.8232613,625247.5368976593
186089,1751924754.5759242,1751924948.708603,batch_consumer-sts-0_20250707_214918_116794.csv,True,False,False,1751925379.8232613,625247.33710289
186099,1751924754.576121,1751924948.7337186,batch_consumer-sts-0_20250707_214918_116794.csv,True,False,False,1751925379.8232613,625247.1401691437
186109,1751924754.5763147,1751924948.758177,batch_consumer-sts-0_20250707_214918_116794.csv,True,False,False,1751925379.8232613,625246.9465732574
186119,1751924754.576506,1751924948.7818055,batch_consumer-sts-0_20250707_214918_116794.csv,True,False,False,1751925379.8232613,625246.755361557
186129,1751924754.5767183,1751924948.8060608,batch_consumer-sts-0_20250707_214918_116794.csv,True,False,False,1751925379.8232613,625246.542930603
186139,1751924754.5769064,1751924948.8308213,batch_consumer-sts-0_20250707_214918_116794.csv,True,False,False,1751925379.8232613,625246.3548183441
186149,1751924754.5770922,1751924948.855447,batch_consumer-sts-0_20250707_214918_116794.csv,True,False,False,1751925379.8232613,625246.169090271
186159,1751924754.5773008,1751924948.8808882,batch_consumer-sts-0_20250707_214918_116794.csv,True,False,False,1751925379.8232613,625245.9604740143
186169,1751924754.5774937,1751924948.9057202,batch_consumer-sts-0_20250707_214918_116794.csv,True,False,False,1751925379.8232613,625245.7675933838
186179,1751924754.5776868,1751924948.9305592,batch_consumer-sts-0_20250707_214918_116794.csv,True,False,False,1751925379.8232613,625245.5744743347
186189,1751924754.5778792,1751924948.9555647,batch_consumer-sts-0_20250707_214918_116794.csv,True,False,False,1751925379.8232613,625245.3820705414
186199,1751924754.5780988,1751924948.9804564,batch_consumer-sts-0_20250707_214918_116794.csv,True,False,False,1751925379.8232613,625245.16248703
186209,1751924754.5783374,1751924949.004964,batch_consumer-sts-0_20250707_214918_116794.csv,True,False,False,1751925379.8232613,625244.9238300323
186219,1751924754.5785615,1751924949.0295348,batch_consumer-sts-0_20250707_214918_116794.csv,True,False,False,1751925379.8232613,625244.699716568
186229,1751924754.5787866,1751924949.0545928,batch_consumer-sts-0_20250707_214918_116794.csv,True,False,False,1751925379.8232613,625244.4746494293
186239,1751924754.5790052,1751924949.07943,batch_consumer-sts-0_20250707_214918_116794.csv,True,False,False,1751925379.8232613,625244.2560195923
186249,1751924754.5792327,1751924949.105315,batch_consumer-sts-0_20250707_214918_116794.csv,True,False,False,1751925379.8232613,625244.0285682678
186259,1751924754.579462,1751924949.1303985,batch_consumer-sts-0_20250707_214918_116794.csv,True,False,False,1751925379.8232613,625243.7992095947
186269,1751924754.5797951,1751924949.1558874,batch_consumer-sts-0_20250707_214918_116794.csv,True,False,False,1751925379.8232613,625243.4661388397
186279,1751924754.579985,1751924949.1815012,batch_consumer-sts-0_20250707_214918_116794.csv,True,False,False,1751925379.8232613,625243.2763576508
186289,1751924754.580168,1751924949.2061682,batch_consumer-sts-0_20250707_214918_116794.csv,True,False,False,1751925379.8232613,625243.093252182
186299,1751924754.580353,1751924949.230844,batch_consumer-sts-0_20250707_214918_116794.csv,True,False,False,1751925379.8232613,625242.9082393646
186309,1751924754.580541,1751924949.257584,batch_consumer-sts-0_20250707_214918_116794.csv,True,False,False,1751925379.8232613,625242.7203655243
186319,1751924754.580725,1751924949.2828228,batch_consumer-sts-0_20250707_214918_116794.csv,True,False,False,1751925379.8232613,625242.5363063812
186329,1751924754.580912,1751924949.307297,batch_consumer-sts-0_20250707_214918_116794.csv,True,False,False,1751925379.8232613,625242.3491477966
186339,1751924754.5810933,1751924949.332538,batch_consumer-sts-0_20250707_214918_116794.csv,True,False,False,1751925379.8232613,625242.1679496765
186349,1751924754.5812802,1751924949.3601408,batch_consumer-sts-0_20250707_214918_116794.csv,True,False,False,1751925379.8232613,625241.9810295105
186359,1751924754.5814686,1751924949.385913,batch_consumer-sts-0_20250707_214918_116794.csv,True,False,False,1751925379.8232613,625241.792678833
186369,1751924754.5816474,1751924949.410408,batch_consumer-sts-0_20250707_214918_116794.csv,True,False,False,1751925379.8232613,625241.6138648987
186379,1751924754.5818284,1751924949.435443,batch_consumer-sts-0_20250707_214918_116794.csv,True,False,False,1751925379.8232613,625241.4329051971
186389,1751924754.5823452,1751924950.2578502,batch_consumer-sts-0_20250707_214918_116794.csv,True,False,False,1751925379.8232613,625240.9160137177
186399,1751924754.5826569,1751924950.2828453,batch_consumer-sts-0_20250707_214918_116794.csv,True,False,False,1751925379.8232613,625240.6044006348
186409,1751924754.582878,1751924950.308081,batch_consumer-sts-0_20250707_214918_116794.csv,True,False,False,1751925379.8232613,625240.3831481934
186419,1751924754.5832758,1751924950.3327634,batch_consumer-sts-0_20250707_214918_116794.csv,True,False,False,1751925379.8232613,625239.9854660034
186429,1751924754.5835166,1751924950.357434,batch_consumer-sts-0_20250707_214918_116794.csv,True,False,False,1751925379.8232613,625239.7446632385
186439,1751924754.5837376,1751924950.382407,batch_consumer-sts-0_20250707_214918_116794.csv,True,False,False,1751925379.8232613,625239.5236492157
186449,1751924754.5842505,1751924950.4069526,batch_consumer-sts-0_20250707_214918_116794.csv,True,False,False,1751925379.8232613,625239.010810852
186459,1751924754.584463,1751924950.4318612,batch_consumer-sts-0_20250707_214918_116794.csv,True,False,False,1751925379.8232613,625238.7983798981
186469,1751924754.5846777,1751924950.4565942,batch_consumer-sts-0_20250707_214918_116794.csv,True,False,False,1751925379.8232613,625238.5835647583
186479,1751924754.584883,1751924950.4814763,batch_consumer-sts-0_20250707_214918_116794.csv,True,False,False,1751925379.8232613,625238.3782863617
186489,1751924754.5850823,1751924950.5069926,batch_consumer-sts-0_20250707_214918_116794.csv,True,False,False,1751925379.8232613,625238.1789684296
186499,1751924754.5852604,1751924950.5317464,batch_consumer-sts-0_20250707_214918_116794.csv,True,False,False,1751925379.8232613,625238.000869751
186509,1751924754.5854418,1751924950.5569563,batch_consumer-sts-0_20250707_214918_116794.csv,True,False,False,1751925379.8232613,625237.8194332123
186519,1751924754.585619,1751924950.5816278,batch_consumer-sts-0_20250707_214918_116794.csv,True,False,False,1751925379.8232613,625237.642288208
186529,1751924754.5858135,1751924950.6067543,batch_consumer-sts-0_20250707_214918_116794.csv,True,False,False,1751925379.8232613,625237.4477386475
186539,1751924754.585999,1751924950.6314764,batch_consumer-sts-0_20250707_214918_116794.csv,True,False,False,1751925379.8232613,625237.2622489929
186549,1751924754.5861988,1751924950.6565082,batch_consumer-sts-0_20250707_214918_116794.csv,True,False,False,1751925379.8232613,625237.0624542236
186559,1751924754.5863934,1751924950.681083,batch_consumer-sts-0_20250707_214918_116794.csv,True,False,False,1751925379.8232613,625236.8679046631
186569,1751924754.58658,1751924950.7055058,batch_consumer-sts-0_20250707_214918_116794.csv,True,False,False,1751925379.8232613,625236.6812229156
186579,1751924754.5867712,1751924950.7307708,batch_consumer-sts-0_20250707_214918_116794.csv,True,False,False,1751925379.8232613,625236.4900112152
186589,1751924754.5869956,1751924950.7558715,batch_consumer-sts-0_20250707_214918_116794.csv,True,False,False,1751925379.8232613,625236.2656593323
186599,1751924754.5872009,1751924950.7808864,batch_consumer-sts-0_20250707_214918_116794.csv,True,False,False,1751925379.8232613,625236.0603809357
186609,1751924754.5873833,1751924950.8055696,batch_consumer-sts-0_20250707_214918_116794.csv,True,False,False,1751925379.8232613,625235.8779907227
186619,1751924754.587574,1751924950.830762,batch_consumer-sts-0_20250707_214918_116794.csv,True,False,False,1751925379.8232613,625235.6872558594
186629,1751924754.5877657,1751924950.8558874,batch_consumer-sts-0_20250707_214918_116794.csv,True,False,False,1751925379.8232613,625235.4955673218
186639,1751924754.5879557,1751924950.8809843,batch_consumer-sts-0_20250707_214918_116794.csv,True,False,False,1751925379.8232613,625235.3055477142
186649,1751924754.5881643,1751924950.90716,batch_consumer-sts-0_20250707_214918_116794.csv,True,False,False,1751925379.8232613,625235.0969314575
186659,1751924754.5883477,1751924950.9325042,batch_consumer-sts-0_20250707_214918_116794.csv,True,False,False,1751925379.8232613,625234.9135875702
186669,1751924754.5885527,1751924950.9580777,batch_consumer-sts-0_20250707_214918_116794.csv,True,False,False,1751925379.8232613,625234.7085475922
186679,1751924754.5887482,1751924950.9822946,batch_consumer-sts-0_20250707_214918_116794.csv,True,False,False,1751925379.8232613,625234.5130443573
186689,1751924754.5889456,1751924951.0067725,batch_consumer-sts-0_20250707_214918_116794.csv,True,False,False,1751925379.8232613,625234.3156337738
186699,1751924754.5891457,1751924952.0336835,batch_consumer-sts-0_20250707_214918_116794.csv,True,False,False,1751925379.8232613,625234.1156005859
186709,1751924754.589382,1751924952.058789,batch_consumer-sts-0_20250707_214918_116794.csv,True,False,False,1751925379.8232613,625233.879327774
186719,1751924754.5896027,1751924952.0838325,batch_consumer-sts-0_20250707_214918_116794.csv,True,False,False,1751925379.8232613,625233.6585521698
186729,1751924754.5898194,1751924952.1084332,batch_consumer-sts-0_20250707_214918_116794.csv,True,False,False,1751925379.8232613,625233.4418296814
186739,1751924754.590039,1751924952.1331575,batch_consumer-sts-0_20250707_214918_116794.csv,True,False,False,1751925379.8232613,625233.22224617
186749,1751924754.5902617,1751924952.1600862,batch_consumer-sts-0_20250707_214918_116794.csv,True,False,False,1751925379.8232613,625232.9995632172
186759,1751924754.590485,1751924952.1851528,batch_consumer-sts-0_20250707_214918_116794.csv,True,False,False,1751925379.8232613,625232.7761650085
186769,1751924754.590676,1751924952.2098415,batch_consumer-sts-0_20250707_214918_116794.csv,True,False,False,1751925379.8232613,625232.5851917267
186779,1751924754.5908625,1751924952.234284,batch_consumer-sts-0_20250707_214918_116794.csv,True,False,False,1751925379.8232613,625232.3987483978
186789,1751924754.591058,1751924952.2588522,batch_consumer-sts-0_20250707_214918_116794.csv,True,False,False,1751925379.8232613,625232.203245163
186799,1751924754.5912445,1751924952.3265572,batch_consumer-sts-0_20250707_214918_116794.csv,True,False,False,1751925379.8232613,625232.0168018341
186809,1751924754.5914452,1751924952.3515904,batch_consumer-sts-0_20250707_214918_116794.csv,True,False,False,1751925379.8232613,625231.8160533905
186819,1751924754.5916238,1751924952.3765974,batch_consumer-sts-0_20250707_214918_116794.csv,True,False,False,1751925379.8232613,625231.6374778748
186829,1751924754.5918036,1751924952.401401,batch_consumer-sts-0_20250707_214918_116794.csv,True,False,False,1751925379.8232613,625231.4577102661
186839,1751924754.59199,1751924952.4247868,batch_consumer-sts-0_20250707_214918_116794.csv,True,False,False,1751925379.8232613,625231.2712669373
186849,1751924754.5921688,1751924952.4494731,batch_consumer-sts-0_20250707_214918_116794.csv,True,False,False,1751925379.8232613,625231.0924530029
186859,1751924754.5923436,1751924952.4744203,batch_consumer-sts-0_20250707_214918_116794.csv,True,False,False,1751925379.8232613,625230.9176921844
186869,1751924754.592523,1751924952.5001185,batch_consumer-sts-0_20250707_214918_116794.csv,True,False,False,1751925379.8232613,625230.7381629944
186879,1751924754.5927007,1751924952.5277443,batch_consumer-sts-0_20250707_214918_116794.csv,True,False,False,1751925379.8232613,625230.560541153
186889,1751924754.592878,1751924952.552902,batch_consumer-sts-0_20250707_214918_116794.csv,True,False,False,1751925379.8232613,625230.3831577301
186899,1751924754.5930574,1751924952.5781343,batch_consumer-sts-0_20250707_214918_116794.csv,True,False,False,1751925379.8232613,625230.2038669586
186909,1751924754.5932384,1751924952.602708,batch_consumer-sts-0_20250707_214918_116794.csv,True,False,False,1751925379.8232613,625230.0229072571
186919,1751924754.5934114,1751924952.6277082,batch_consumer-sts-0_20250707_214918_116794.csv,True,False,False,1751925379.8232613,625229.8498153687
186929,1751924754.5935888,1751924952.6525297,batch_consumer-sts-0_20250707_214918_116794.csv,True,False,False,1751925379.8232613,625229.6724319458
186939,1751924754.5937676,1751924952.6776233,batch_consumer-sts-0_20250707_214918_116794.csv,True,False,False,1751925379.8232613,625229.4936180115
186949,1751924754.5939662,1751924952.702422,batch_consumer-sts-0_20250707_214918_116794.csv,True,False,False,1751925379.8232613,625229.2950153351
186959,1751924754.5941634,1751924952.727634,batch_consumer-sts-0_20250707_214918_116794.csv,True,False,False,1751925379.8232613,625229.0978431702
186969,1751924754.5943582,1751924952.7561357,batch_consumer-sts-0_20250707_214918_116794.csv,True,False,False,1751925379.8232613,625228.903055191
186979,1751924754.5945494,1751924952.7812133,batch_consumer-sts-0_20250707_214918_116794.csv,True,False,False,1751925379.8232613,625228.7118434906
186989,1751924754.594747,1751924952.8063114,batch_consumer-sts-0_20250707_214918_116794.csv,True,False,False,1751925379.8232613,625228.5141944885
186999,1751924754.594939,1751924952.8308754,batch_consumer-sts-0_20250707_214918_116794.csv,True,False,False,1751925379.8232613,625228.3222675323
187009,1751924754.5951414,1751924952.8561063,batch_consumer-sts-0_20250707_214918_116794.csv,True,False,False,1751925379.8232613,625228.1198501587
187019,1751924754.5953386,1751924952.8814049,batch_consumer-sts-0_20250707_214918_116794.csv,True,False,False,1751925379.8232613,625227.9226779938
187029,1751924754.595549,1751924952.9088526,batch_consumer-sts-0_20250707_214918_116794.csv,True,False,False,1751925379.8232613,625227.7121543884
187039,1751924754.5957336,1751924952.934476,batch_consumer-sts-0_20250707_214918_116794.csv,True,False,False,1751925379.8232613,625227.5276184082
187049,1751924754.595919,1751924952.960679,batch_consumer-sts-0_20250707_214918_116794.csv,True,False,False,1751925379.8232613,625227.3423671722
187059,1751924754.5961025,1751924952.986397,batch_consumer-sts-0_20250707_214918_116794.csv,True,False,False,1751925379.8232613,625227.1587848663
187069,1751924754.5963013,1751924953.010498,batch_consumer-sts-0_20250707_214918_116794.csv,True,False,False,1751925379.8232613,625226.9599437714
187079,1751924754.59649,1751924953.0356116,batch_consumer-sts-0_20250707_214918_116794.csv,True,False,False,1751925379.8232613,625226.7713546753
188329,1751924756.777691,1751924953.0605776,batch_consumer-sts-0_20250707_214918_116794.csv,True,False,False,1751925379.8232613,623045.5703735352
188339,1751924756.7780075,1751924953.085436,batch_consumer-sts-0_20250707_214918_116794.csv,True,False,False,1751925379.8232613,623045.2537536621
188349,1751924756.7783992,1751924953.1096883,batch_consumer-sts-0_20250707_214918_116794.csv,True,False,False,1751925379.8232613,623044.8620319366
188359,1751924756.7788146,1751924953.1348288,batch_consumer-sts-0_20250707_214918_116794.csv,True,False,False,1751925379.8232613,623044.4467067719
188369,1751924756.7792358,1751924953.1596644,batch_consumer-sts-0_20250707_214918_116794.csv,True,False,False,1751925379.8232613,623044.0254211426
188379,1751924756.7796445,1751924953.1845183,batch_consumer-sts-0_20250707_214918_116794.csv,True,False,False,1751925379.8232613,623043.616771698
188389,1751924756.7800682,1751924953.209126,batch_consumer-sts-0_20250707_214918_116794.csv,True,False,False,1751925379.8232613,623043.1931018829
188399,1751924756.780475,1751924953.2336814,batch_consumer-sts-0_20250707_214918_116794.csv,True,False,False,1751925379.8232613,623042.786359787
188409,1751924756.7809029,1751924953.2584202,batch_consumer-sts-0_20250707_214918_116794.csv,True,False,False,1751925379.8232613,623042.3583984375
188419,1751924756.7814062,1751924953.283099,batch_consumer-sts-0_20250707_214918_116794.csv,True,False,False,1751925379.8232613,623041.855096817
188429,1751924756.78182,1751924953.3079906,batch_consumer-sts-0_20250707_214918_116794.csv,True,False,False,1751925379.8232613,623041.4412021637
188439,1751924756.7822435,1751924953.3327763,batch_consumer-sts-0_20250707_214918_116794.csv,True,False,False,1751925379.8232613,623041.0177707672
188449,1751924756.7826538,1751924953.357797,batch_consumer-sts-0_20250707_214918_116794.csv,True,False,False,1751925379.8232613,623040.6074523926
188459,1751924756.7830954,1751924953.384937,batch_consumer-sts-0_20250707_214918_116794.csv,True,False,False,1751925379.8232613,623040.1659011841
188469,1751924756.7834969,1751924953.4097528,batch_consumer-sts-0_20250707_214918_116794.csv,True,False,False,1751925379.8232613,623039.7644042969
188479,1751924756.7839143,1751924953.4348843,batch_consumer-sts-0_20250707_214918_116794.csv,True,False,False,1751925379.8232613,623039.3469333649
188489,1751924756.7843454,1751924953.4596248,batch_consumer-sts-0_20250707_214918_116794.csv,True,False,False,1751925379.8232613,623038.9158725739
188499,1751924756.7847583,1751924953.4860156,batch_consumer-sts-0_20250707_214918_116794.csv,True,False,False,1751925379.8232613,623038.5029315948
188509,1751924756.7851715,1751924953.5109992,batch_consumer-sts-0_20250707_214918_116794.csv,True,False,False,1751925379.8232613,623038.0897521973
188519,1751924756.785602,1751924953.535893,batch_consumer-sts-0_20250707_214918_116794.csv,True,False,False,1751925379.8232613,623037.6591682434
188529,1751924756.7860308,1751924953.5610025,batch_consumer-sts-0_20250707_214918_116794.csv,True,False,False,1751925379.8232613,623037.2304916382
188539,1751924756.786459,1751924953.5861988,batch_consumer-sts-0_20250707_214918_116794.csv,True,False,False,1751925379.8232613,623036.8022918701
188549,1751924756.7868805,1751924953.611534,batch_consumer-sts-0_20250707_214918_116794.csv,True,False,False,1751925379.8232613,623036.3807678223
188559,1751924756.787294,1751924953.636701,batch_consumer-sts-0_20250707_214918_116794.csv,True,False,False,1751925379.8232613,623035.9673500061
188569,1751924756.7877104,1751924953.662672,batch_consumer-sts-0_20250707_214918_116794.csv,True,False,False,1751925379.8232613,623035.5508327484
188579,1751924756.7881172,1751924953.6873617,batch_consumer-sts-0_20250707_214918_116794.csv,True,False,False,1751925379.8232613,623035.1440906525
188589,1751924756.7885256,1751924953.7126422,batch_consumer-sts-0_20250707_214918_116794.csv,True,False,False,1751925379.8232613,623034.7356796265
188599,1751924756.7889411,1751924953.7376142,batch_consumer-sts-0_20250707_214918_116794.csv,True,False,False,1751925379.8232613,623034.3201160431
188609,1751924756.789363,1751924953.7623386,batch_consumer-sts-0_20250707_214918_116794.csv,True,False,False,1751925379.8232613,623033.8983535767
188619,1751924756.7897778,1751924953.7874925,batch_consumer-sts-0_20250707_214918_116794.csv,True,False,False,1751925379.8232613,623033.483505249
188629,1751924756.790227,1751924953.8124256,batch_consumer-sts-0_20250707_214918_116794.csv,True,False,False,1751925379.8232613,623033.034324646
188639,1751924756.7906656,1751924953.836728,batch_consumer-sts-0_20250707_214918_116794.csv,True,False,False,1751925379.8232613,623032.5956344604
188649,1751924756.7910783,1751924953.8613486,batch_consumer-sts-0_20250707_214918_116794.csv,True,False,False,1751925379.8232613,623032.1829319
188659,1751924756.7914994,1751924953.886268,batch_consumer-sts-0_20250707_214918_116794.csv,True,False,False,1751925379.8232613,623031.7618846893
188669,1751924756.791942,1751924953.910838,batch_consumer-sts-0_20250707_214918_116794.csv,True,False,False,1751925379.8232613,623031.3193798065
188679,1751924756.7923534,1751924953.9357738,batch_consumer-sts-0_20250707_214918_116794.csv,True,False,False,1751925379.8232613,623030.907869339
188689,1751924756.792786,1751924953.9604158,batch_consumer-sts-0_20250707_214918_116794.csv,True,False,False,1751925379.8232613,623030.4753780365
188699,1751924756.7932026,1751924953.985,batch_consumer-sts-0_20250707_214918_116794.csv,True,False,False,1751925379.8232613,623030.0586223602
188709,1751924756.793635,1751924954.009578,batch_consumer-sts-0_20250707_214918_116794.csv,True,False,False,1751925379.8232613,623029.6263694763
188719,1751924756.794073,1751924954.0341146,batch_consumer-sts-0_20250707_214918_116794.csv,True,False,False,1751925379.8232613,623029.1881561279
188729,1751924756.7944975,1751924954.0595534,batch_consumer-sts-0_20250707_214918_116794.csv,True,False,False,1751925379.8232613,623028.7637710571
188739,1751924756.794913,1751924954.0849392,batch_consumer-sts-0_20250707_214918_116794.csv,True,False,False,1751925379.8232613,623028.3482074738
188749,1751924756.7953303,1751924954.1112063,batch_consumer-sts-0_20250707_214918_116794.csv,True,False,False,1751925379.8232613,623027.9309749603
188759,1751924756.7957406,1751924954.1358988,batch_consumer-sts-0_20250707_214918_116794.csv,True,False,False,1751925379.8232613,623027.5206565857
188769,1751924756.796129,1751924954.16071,batch_consumer-sts-0_20250707_214918_116794.csv,True,False,False,1751925379.8232613,623027.1322727203
188779,1751924756.7965405,1751924954.185628,batch_consumer-sts-0_20250707_214918_116794.csv,True,False,False,1751925379.8232613,623026.7207622528
188789,1751924756.796966,1751924954.21077,batch_consumer-sts-0_20250707_214918_116794.csv,True,False,False,1751925379.8232613,623026.2951850891
188799,1751924756.7973807,1751924954.235588,batch_consumer-sts-0_20250707_214918_116794.csv,True,False,False,1751925379.8232613,623025.88057518
188809,1751924756.797808,1751924954.2607906,batch_consumer-sts-0_20250707_214918_116794.csv,True,False,False,1751925379.8232613,623025.4533290863
188819,1751924756.798238,1751924954.2859385,batch_consumer-sts-0_20250707_214918_116794.csv,True,False,False,1751925379.8232613,623025.0232219696
188829,1751924756.798678,1751924954.3122337,batch_consumer-sts-0_20250707_214918_116794.csv,True,False,False,1751925379.8232613,623024.5833396912
188839,1751924756.7990968,1751924954.336696,batch_consumer-sts-0_20250707_214918_116794.csv,True,False,False,1751925379.8232613,623024.1644382477
188849,1751924756.7995143,1751924954.361204,batch_consumer-sts-0_20250707_214918_116794.csv,True,False,False,1751925379.8232613,623023.7469673157
188859,1751924756.799925,1751924954.3850715,batch_consumer-sts-0_20250707_214918_116794.csv,True,False,False,1751925379.8232613,623023.3361721039
188869,1751924756.8003466,1751924954.4095547,batch_consumer-sts-0_20250707_214918_116794.csv,True,False,False,1751925379.8232613,623022.914648056
188879,1751924756.8007658,1751924954.43437,batch_consumer-sts-0_20250707_214918_116794.csv,True,False,False,1751925379.8232613,623022.495508194
188889,1751924756.8011684,1751924954.4592416,batch_consumer-sts-0_20250707_214918_116794.csv,True,False,False,1751925379.8232613,623022.0928192139
188899,1751924756.8015912,1751924954.48428,batch_consumer-sts-0_20250707_214918_116794.csv,True,False,False,1751925379.8232613,623021.6701030731
188909,1751924756.8020265,1751924954.5088007,batch_consumer-sts-0_20250707_214918_116794.csv,True,False,False,1751925379.8232613,623021.2347507477
188919,1751924756.8024445,1751924954.533888,batch_consumer-sts-0_20250707_214918_116794.csv,True,False,False,1751925379.8232613,623020.8168029785
188929,1751924756.8028698,1751924954.5590484,batch_consumer-sts-0_20250707_214918_116794.csv,True,False,False,1751925379.8232613,623020.3914642334
188939,1751924756.8032792,1751924954.612003,batch_consumer-sts-0_20250707_214918_116794.csv,True,False,False,1751925379.8232613,623019.9820995331
188949,1751924756.8036864,1751924954.6368778,batch_consumer-sts-0_20250707_214918_116794.csv,True,False,False,1751925379.8232613,623019.5748806
188959,1751924756.804111,1751924954.6615207,batch_consumer-sts-0_20250707_214918_116794.csv,True,False,False,1751925379.8232613,623019.1502571106
188969,1751924756.8045394,1751924954.685947,batch_consumer-sts-0_20250707_214918_116794.csv,True,False,False,1751925379.8232613,623018.721818924
188979,1751924756.8049648,1751924955.1935492,batch_consumer-sts-0_20250707_214918_116794.csv,True,False,False,1751925379.8232613,623018.2964801788
188989,1751924756.8053885,1751924955.2175348,batch_consumer-sts-0_20250707_214918_116794.csv,True,False,False,1751925379.8232613,623017.8728103638
188999,1751924756.805801,1751924955.2419524,batch_consumer-sts-0_20250707_214918_116794.csv,True,False,False,1751925379.8232613,623017.4603462219
189009,1751924756.8062382,1751924955.266057,batch_consumer-sts-0_20250707_214918_116794.csv,True,False,False,1751925379.8232613,623017.0230865479
189019,1751924756.806657,1751924955.2902908,batch_consumer-sts-0_20250707_214918_116794.csv,True,False,False,1751925379.8232613,623016.6041851044
189029,1751924756.807277,1751924955.3136218,batch_consumer-sts-0_20250707_214918_116794.csv,True,False,False,1751925379.8232613,623015.9842967987
189039,1751924756.8076704,1751924955.338194,batch_consumer-sts-0_20250707_214918_116794.csv,True,False,False,1751925379.8232613,623015.5909061432
189049,1751924756.8080788,1751924955.362459,batch_consumer-sts-0_20250707_214918_116794.csv,True,False,False,1751925379.8232613,623015.1824951172
189059,1751924756.8085053,1751924955.3869212,batch_consumer-sts-0_20250707_214918_116794.csv,True,False,False,1751925379.8232613,623014.7559642792
189069,1751924756.8089075,1751924955.4115045,batch_consumer-sts-0_20250707_214918_116794.csv,True,False,False,1751925379.8232613,623014.3537521362
189079,1751924756.8093278,1751924955.436059,batch_consumer-sts-0_20250707_214918_116794.csv,True,False,False,1751925379.8232613,623013.9334201813
189089,1751924756.8097408,1751924955.4604597,batch_consumer-sts-0_20250707_214918_116794.csv,True,False,False,1751925379.8232613,623013.5204792023
189099,1751924756.8101506,1751924955.485108,batch_consumer-sts-0_20250707_214918_116794.csv,True,False,False,1751925379.8232613,623013.1106376648
189109,1751924756.8105693,1751924955.509575,batch_consumer-sts-0_20250707_214918_116794.csv,True,False,False,1751925379.8232613,623012.6919746399
189119,1751924756.8109865,1751924955.5341785,batch_consumer-sts-0_20250707_214918_116794.csv,True,False,False,1751925379.8232613,623012.2747421265
189129,1751924756.8114166,1751924955.5579343,batch_consumer-sts-0_20250707_214918_116794.csv,True,False,False,1751925379.8232613,623011.8446350098
189139,1751924756.8118386,1751924955.5824046,batch_consumer-sts-0_20250707_214918_116794.csv,True,False,False,1751925379.8232613,623011.4226341248
189149,1751924756.8122544,1751924955.6066935,batch_consumer-sts-0_20250707_214918_116794.csv,True,False,False,1751925379.8232613,623011.0068321228
189159,1751924756.8126726,1751924955.6311731,batch_consumer-sts-0_20250707_214918_116794.csv,True,False,False,1751925379.8232613,623010.5886459351
189169,1751924756.8130825,1751924955.655702,batch_consumer-sts-0_20250707_214918_116794.csv,True,False,False,1751925379.8232613,623010.1788043976
189179,1751924756.813496,1751924955.6807516,batch_consumer-sts-0_20250707_214918_116794.csv,True,False,False,1751925379.8232613,623009.7651481628
189189,1751924756.8139217,1751924955.7053385,batch_consumer-sts-0_20250707_214918_116794.csv,True,False,False,1751925379.8232613,623009.3395709991
189199,1751924756.8143597,1751924955.7300253,batch_consumer-sts-0_20250707_214918_116794.csv,True,False,False,1751925379.8232613,623008.9015960693
189209,1751924756.8147738,1751924955.7549798,batch_consumer-sts-0_20250707_214918_116794.csv,True,False,False,1751925379.8232613,623008.4874629974
189219,1751924756.815205,1751924955.779622,batch_consumer-sts-0_20250707_214918_116794.csv,True,False,False,1751925379.8232613,623008.0561637878
189229,1751924756.8155792,1751924955.8041403,batch_consumer-sts-0_20250707_214918_116794.csv,True,False,False,1751925379.8232613,623007.6820850372
189239,1751924756.815914,1751924955.8284132,batch_consumer-sts-0_20250707_214918_116794.csv,True,False,False,1751925379.8232613,623007.3473453522
189249,1751924756.816258,1751924955.8530374,batch_consumer-sts-0_20250707_214918_116794.csv,True,False,False,1751925379.8232613,623007.0033073425
189259,1751924756.816583,1751924955.877931,batch_consumer-sts-0_20250707_214918_116794.csv,True,False,False,1751925379.8232613,623006.6783428192
189269,1751924756.8169055,1751924955.9025614,batch_consumer-sts-0_20250707_214918_116794.csv,True,False,False,1751925379.8232613,623006.3557624817
189279,1751924756.8172855,1751924955.927506,batch_consumer-sts-0_20250707_214918_116794.csv,True,False,False,1751925379.8232613,623005.9757232666
197629,1751924758.9961212,1751924955.9523647,batch_consumer-sts-0_20250707_214918_116794.csv,True,False,False,1751925379.8232613,620827.1400928497
197639,1751924758.9963632,1751924955.976938,batch_consumer-sts-0_20250707_214918_116794.csv,True,False,False,1751925379.8232613,620826.898097992
197649,1751924758.9966075,1751924956.0015514,batch_consumer-sts-0_20250707_214918_116794.csv,True,False,False,1751925379.8232613,620826.6537189484
197659,1751924758.9968455,1751924956.0260696,batch_consumer-sts-0_20250707_214918_116794.csv,True,False,False,1751925379.8232613,620826.4157772064
197669,1751924758.9970803,1751924956.0500138,batch_consumer-sts-0_20250707_214918_116794.csv,True,False,False,1751925379.8232613,620826.180934906
197679,1751924758.997314,1751924957.0755692,batch_consumer-sts-0_20250707_214918_116794.csv,True,False,False,1751925379.8232613,620825.9472846985
197689,1751924758.9975383,1751924957.1002924,batch_consumer-sts-0_20250707_214918_116794.csv,True,False,False,1751925379.8232613,620825.7229328156
197699,1751924758.9977684,1751924957.1244354,batch_consumer-sts-0_20250707_214918_116794.csv,True,False,False,1751925379.8232613,620825.4928588867
197709,1751924758.998001,1751924957.1484387,batch_consumer-sts-0_20250707_214918_116794.csv,True,False,False,1751925379.8232613,620825.2601623535
197719,1751924758.9982412,1751924957.1725025,batch_consumer-sts-0_20250707_214918_116794.csv,True,False,False,1751925379.8232613,620825.0200748444
197729,1751924758.9984715,1751924957.1967108,batch_consumer-sts-0_20250707_214918_116794.csv,True,False,False,1751925379.8232613,620824.789762497
197739,1751924758.9987006,1751924957.220868,batch_consumer-sts-0_20250707_214918_116794.csv,True,False,False,1751925379.8232613,620824.5606422424
197749,1751924758.998933,1751924957.2453847,batch_consumer-sts-0_20250707_214918_116794.csv,True,False,False,1751925379.8232613,620824.3281841278
197759,1751924758.9991612,1751924957.2699287,batch_consumer-sts-0_20250707_214918_116794.csv,True,False,False,1751925379.8232613,620824.1000175476
197769,1751924758.9993863,1751924957.293949,batch_consumer-sts-0_20250707_214918_116794.csv,True,False,False,1751925379.8232613,620823.8749504089
197779,1751924758.9996216,1751924957.317886,batch_consumer-sts-0_20250707_214918_116794.csv,True,False,False,1751925379.8232613,620823.6396312714
197789,1751924758.9998531,1751924957.3419738,batch_consumer-sts-0_20250707_214918_116794.csv,True,False,False,1751925379.8232613,620823.408126831
197799,1751924759.000091,1751924957.3664334,batch_consumer-sts-0_20250707_214918_116794.csv,True,False,False,1751925379.8232613,620823.1701850891
197809,1751924759.000317,1751924957.4621618,batch_consumer-sts-0_20250707_214918_116794.csv,True,False,False,1751925379.8232613,620822.9441642761
197819,1751924759.000546,1751924957.4865303,batch_consumer-sts-0_20250707_214918_116794.csv,True,False,False,1751925379.8232613,620822.7152824402
197829,1751924759.0007837,1751924957.5111606,batch_consumer-sts-0_20250707_214918_116794.csv,True,False,False,1751925379.8232613,620822.4775791168
197839,1751924759.0010178,1751924957.535435,batch_consumer-sts-0_20250707_214918_116794.csv,True,False,False,1751925379.8232613,620822.2434520721
197849,1751924759.001252,1751924957.55983,batch_consumer-sts-0_20250707_214918_116794.csv,True,False,False,1751925379.8232613,620822.0093250275
197859,1751924759.001485,1751924957.5841212,batch_consumer-sts-0_20250707_214918_116794.csv,True,False,False,1751925379.8232613,620821.7761516571
197869,1751924759.0017238,1751924957.6082675,batch_consumer-sts-0_20250707_214918_116794.csv,True,False,False,1751925379.8232613,620821.5374946594
197879,1751924759.001961,1751924957.6324286,batch_consumer-sts-0_20250707_214918_116794.csv,True,False,False,1751925379.8232613,620821.3002681732
197889,1751924759.00221,1751924957.655558,batch_consumer-sts-0_20250707_214918_116794.csv,True,False,False,1751925379.8232613,620821.0513591766
197899,1751924759.0024445,1751924957.6798184,batch_consumer-sts-0_20250707_214918_116794.csv,True,False,False,1751925379.8232613,620820.8167552948
197909,1751924759.0026824,1751924957.7042603,batch_consumer-sts-0_20250707_214918_116794.csv,True,False,False,1751925379.8232613,620820.5788135529
197919,1751924759.002934,1751924957.7287154,batch_consumer-sts-0_20250707_214918_116794.csv,True,False,False,1751925379.8232613,620820.3272819519
197929,1751924759.0031755,1751924957.7526722,batch_consumer-sts-0_20250707_214918_116794.csv,True,False,False,1751925379.8232613,620820.0857639313
197939,1751924759.003412,1751924957.7767186,batch_consumer-sts-0_20250707_214918_116794.csv,True,False,False,1751925379.8232613,620819.8492527008
197949,1751924759.003613,1751924957.8009448,batch_consumer-sts-0_20250707_214918_116794.csv,True,False,False,1751925379.8232613,620819.6482658386
197959,1751924759.003806,1751924957.8250074,batch_consumer-sts-0_20250707_214918_116794.csv,True,False,False,1751925379.8232613,620819.4551467896
197969,1751924759.0040002,1751924957.8492153,batch_consumer-sts-0_20250707_214918_116794.csv,True,False,False,1751925379.8232613,620819.2610740662
197979,1751924759.0042014,1751924957.8735487,batch_consumer-sts-0_20250707_214918_116794.csv,True,False,False,1751925379.8232613,620819.0598487854
197989,1751924759.004397,1751924957.8975952,batch_consumer-sts-0_20250707_214918_116794.csv,True,False,False,1751925379.8232613,620818.8643455505
197999,1751924759.0045822,1751924957.922024,batch_consumer-sts-0_20250707_214918_116794.csv,True,False,False,1751925379.8232613,620818.6790943146
198009,1751924759.004766,1751924957.9466476,batch_consumer-sts-0_20250707_214918_116794.csv,True,False,False,1751925379.8232613,620818.4952735901
198019,1751924759.0049462,1751924957.9709332,batch_consumer-sts-0_20250707_214918_116794.csv,True,False,False,1751925379.8232613,620818.3150291443
198029,1751924759.0051286,1751924957.995216,batch_consumer-sts-0_20250707_214918_116794.csv,True,False,False,1751925379.8232613,620818.1326389313
198039,1751924759.005312,1751924958.0196395,batch_consumer-sts-0_20250707_214918_116794.csv,True,False,False,1751925379.8232613,620817.949295044
198049,1751924759.0054977,1751924958.0440016,batch_consumer-sts-0_20250707_214918_116794.csv,True,False,False,1751925379.8232613,620817.7635669708
198059,1751924759.0056844,1751924958.06831,batch_consumer-sts-0_20250707_214918_116794.csv,True,False,False,1751925379.8232613,620817.5768852234
198069,1751924759.0058694,1751924958.0917904,batch_consumer-sts-0_20250707_214918_116794.csv,True,False,False,1751925379.8232613,620817.391872406
198079,1751924759.0060756,1751924958.3763998,batch_consumer-sts-0_20250707_214936_150284.csv,True,False,False,1751925379.8232613,620817.1856403351
198089,1751924759.0063212,1751924958.4012015,batch_consumer-sts-0_20250707_214936_150284.csv,True,False,False,1751925379.8232613,620816.9400691986
198099,1751924759.0065606,1751924958.4255152,batch_consumer-sts-0_20250707_214936_150284.csv,True,False,False,1751925379.8232613,620816.7006969452
198109,1751924759.0068,1751924958.4503312,batch_consumer-sts-0_20250707_214936_150284.csv,True,False,False,1751925379.8232613,620816.4613246918
198119,1751924759.0070364,1751924958.47499,batch_consumer-sts-0_20250707_214936_150284.csv,True,False,False,1751925379.8232613,620816.2248134613
198129,1751924759.0072732,1751924958.4995658,batch_consumer-sts-0_20250707_214936_150284.csv,True,False,False,1751925379.8232613,620815.9880638123
198139,1751924759.007506,1751924958.5242524,batch_consumer-sts-0_20250707_214936_150284.csv,True,False,False,1751925379.8232613,620815.755367279
198149,1751924759.0077362,1751924958.5491323,batch_consumer-sts-0_20250707_214936_150284.csv,True,False,False,1751925379.8232613,620815.5250549316
198159,1751924759.00797,1751924958.5734909,batch_consumer-sts-0_20250707_214936_150284.csv,True,False,False,1751925379.8232613,620815.2911663055
198169,1751924759.0082076,1751924958.598029,batch_consumer-sts-0_20250707_214936_150284.csv,True,False,False,1751925379.8232613,620815.0537014008
198179,1751924759.0084476,1751924958.6219988,batch_consumer-sts-0_20250707_214936_150284.csv,True,False,False,1751925379.8232613,620814.8136138916
198189,1751924759.008684,1751924958.6468923,batch_consumer-sts-0_20250707_214936_150284.csv,True,False,False,1751925379.8232613,620814.5773410797
198199,1751924759.0089223,1751924958.671352,batch_consumer-sts-0_20250707_214936_150284.csv,True,False,False,1751925379.8232613,620814.3389225006
198209,1751924759.009161,1751924958.694668,batch_consumer-sts-0_20250707_214936_150284.csv,True,False,False,1751925379.8232613,620814.1002655029
198219,1751924759.0093975,1751924958.7193682,batch_consumer-sts-0_20250707_214936_150284.csv,True,False,False,1751925379.8232613,620813.8637542725
198229,1751924759.0096374,1751924958.7438123,batch_consumer-sts-0_20250707_214936_150284.csv,True,False,False,1751925379.8232613,620813.6239051819
198239,1751924759.0098789,1751924958.7684171,batch_consumer-sts-0_20250707_214936_150284.csv,True,False,False,1751925379.8232613,620813.3823871613
198249,1751924759.0101194,1751924958.7927456,batch_consumer-sts-0_20250707_214936_150284.csv,True,False,False,1751925379.8232613,620813.1418228149
198259,1751924759.0103705,1751924958.816679,batch_consumer-sts-0_20250707_214936_150284.csv,True,False,False,1751925379.8232613,620812.8907680511
198269,1751924759.0106146,1751924958.840696,batch_consumer-sts-0_20250707_214936_150284.csv,True,False,False,1751925379.8232613,620812.6466274261
198279,1751924759.0108616,1751924958.864978,batch_consumer-sts-0_20250707_214936_150284.csv,True,False,False,1751925379.8232613,620812.3996257782
198289,1751924759.0111032,1751924958.889645,batch_consumer-sts-0_20250707_214936_150284.csv,True,False,False,1751925379.8232613,620812.1581077576
198299,1751924759.0113354,1751924958.9143147,batch_consumer-sts-0_20250707_214936_150284.csv,True,False,False,1751925379.8232613,620811.9258880615
198309,1751924759.0115714,1751924958.9388506,batch_consumer-sts-0_20250707_214936_150284.csv,True,False,False,1751925379.8232613,620811.6898536682
198319,1751924759.011887,1751924958.9637566,batch_consumer-sts-0_20250707_214936_150284.csv,True,False,False,1751925379.8232613,620811.3741874695
198329,1751924759.0121267,1751924958.9878733,batch_consumer-sts-0_20250707_214936_150284.csv,True,False,False,1751925379.8232613,620811.1345767975
198339,1751924759.0123725,1751924959.0122137,batch_consumer-sts-0_20250707_214936_150284.csv,True,False,False,1751925379.8232613,620810.8887672424
198349,1751924759.0127203,1751924959.0362673,batch_consumer-sts-0_20250707_214936_150284.csv,True,False,False,1751925379.8232613,620810.5409145355
198359,1751924759.013054,1751924959.060218,batch_consumer-sts-0_20250707_214936_150284.csv,True,False,False,1751925379.8232613,620810.2073669434
198369,1751924759.0133915,1751924959.0841522,batch_consumer-sts-0_20250707_214936_150284.csv,True,False,False,1751925379.8232613,620809.8697662354
198379,1751924759.0137298,1751924959.108212,batch_consumer-sts-0_20250707_214936_150284.csv,True,False,False,1751925379.8232613,620809.5314502716
198389,1751924759.014073,1751924959.1321025,batch_consumer-sts-0_20250707_214936_150284.csv,True,False,False,1751925379.8232613,620809.1883659363
198399,1751924759.014438,1751924959.1559143,batch_consumer-sts-0_20250707_214936_150284.csv,True,False,False,1751925379.8232613,620808.8233470917
198409,1751924759.0147731,1751924959.1802788,batch_consumer-sts-0_20250707_214936_150284.csv,True,False,False,1751925379.8232613,620808.4881305695
198419,1751924759.0151236,1751924959.204256,batch_consumer-sts-0_20250707_214936_150284.csv,True,False,False,1751925379.8232613,620808.1376552582
198429,1751924759.0154784,1751924959.2283075,batch_consumer-sts-0_20250707_214936_150284.csv,True,False,False,1751925379.8232613,620807.7828884125
198439,1751924759.015844,1751924959.2520523,batch_consumer-sts-0_20250707_214936_150284.csv,True,False,False,1751925379.8232613,620807.4171543121
198449,1751924759.0161903,1751924959.276274,batch_consumer-sts-0_20250707_214936_150284.csv,True,False,False,1751925379.8232613,620807.0709705353
198459,1751924759.0165343,1751924959.300614,batch_consumer-sts-0_20250707_214936_150284.csv,True,False,False,1751925379.8232613,620806.7269325256
198469,1751924759.0168946,1751924959.325009,batch_consumer-sts-0_20250707_214936_150284.csv,True,False,False,1751925379.8232613,620806.3666820526
198479,1751924759.0172546,1751924959.349165,batch_consumer-sts-0_20250707_214936_150284.csv,True,False,False,1751925379.8232613,620806.0066699982
198489,1751924759.0176618,1751924959.3732717,batch_consumer-sts-0_20250707_214936_150284.csv,True,False,False,1751925379.8232613,620805.5994510651
198499,1751924759.0179386,1751924959.397709,batch_consumer-sts-0_20250707_214936_150284.csv,True,False,False,1751925379.8232613,620805.3226470947
198509,1751924759.0182495,1751924959.4219007,batch_consumer-sts-0_20250707_214936_150284.csv,True,False,False,1751925379.8232613,620805.0117492676
198519,1751924759.0186026,1751924959.446135,batch_consumer-sts-0_20250707_214936_150284.csv,True,False,False,1751925379.8232613,620804.6586513519
198529,1751924759.018956,1751924959.470191,batch_consumer-sts-0_20250707_214936_150284.csv,True,False,False,1751925379.8232613,620804.3053150177
198539,1751924759.0193126,1751924959.4946158,batch_consumer-sts-0_20250707_214936_150284.csv,True,False,False,1751925379.8232613,620803.9486408234
198549,1751924759.019678,1751924959.5188932,batch_consumer-sts-0_20250707_214936_150284.csv,True,False,False,1751925379.8232613,620803.5831451416
198559,1751924759.020041,1751924959.5431476,batch_consumer-sts-0_20250707_214936_150284.csv,True,False,False,1751925379.8232613,620803.2202720642
198569,1751924759.0205462,1751924959.5674858,batch_consumer-sts-0_20250707_214936_150284.csv,True,False,False,1751925379.8232613,620802.7150630951
198579,1751924759.0218582,1751924959.5920486,batch_consumer-sts-0_20250707_214936_150284.csv,True,False,False,1751925379.8232613,620801.4030456543
198589,1751924759.0226138,1751924959.6164532,batch_consumer-sts-0_20250707_214936_150284.csv,True,False,False,1751925379.8232613,620800.6474971771
198599,1751924759.0229683,1751924959.640977,batch_consumer-sts-0_20250707_214936_150284.csv,True,False,False,1751925379.8232613,620800.29296875
198609,1751924759.0233152,1751924959.6653032,batch_consumer-sts-0_20250707_214936_150284.csv,True,False,False,1751925379.8232613,620799.9460697174
198619,1751924759.0236628,1751924959.6895866,batch_consumer-sts-0_20250707_214936_150284.csv,True,False,False,1751925379.8232613,620799.5984554291
198629,1751924759.0240102,1751924960.139532,batch_consumer-sts-0_20250707_214936_150284.csv,True,False,False,1751925379.8232613,620799.2510795593
198639,1751924759.02436,1751924960.164565,batch_consumer-sts-0_20250707_214936_150284.csv,True,False,False,1751925379.8232613,620798.9013195038
198649,1751924759.0247073,1751924960.189035,batch_consumer-sts-0_20250707_214936_150284.csv,True,False,False,1751925379.8232613,620798.553943634
198659,1751924759.0250475,1751924960.2586331,batch_consumer-sts-0_20250707_214936_150284.csv,True,False,False,1751925379.8232613,620798.2137203217
198669,1751924759.0253882,1751924960.7242851,batch_consumer-sts-0_20250707_214936_150284.csv,True,False,False,1751925379.8232613,620797.8730201721
198679,1751924759.02572,1751924960.748745,batch_consumer-sts-0_20250707_214936_150284.csv,True,False,False,1751925379.8232613,620797.5413799286
198689,1751924759.025961,1751924960.773152,batch_consumer-sts-0_20250707_214936_150284.csv,True,False,False,1751925379.8232613,620797.3003387451
198699,1751924759.0262015,1751924960.797431,batch_consumer-sts-0_20250707_214936_150284.csv,True,False,False,1751925379.8232613,620797.0597743988
198709,1751924759.0264382,1751924960.8215697,batch_consumer-sts-0_20250707_214936_150284.csv,True,False,False,1751925379.8232613,620796.8230247498
198719,1751924759.0266757,1751924960.8461108,batch_consumer-sts-0_20250707_214936_150284.csv,True,False,False,1751925379.8232613,620796.585559845
198729,1751924759.0269125,1751924960.870674,batch_consumer-sts-0_20250707_214936_150284.csv,True,False,False,1751925379.8232613,620796.3488101959
198739,1751924759.027158,1751924960.8947904,batch_consumer-sts-0_20250707_214936_150284.csv,True,False,False,1751925379.8232613,620796.1032390594
198749,1751924759.0274005,1751924960.9187543,batch_consumer-sts-0_20250707_214936_150284.csv,True,False,False,1751925379.8232613,620795.8607673645
198759,1751924759.0276396,1751924960.942938,batch_consumer-sts-0_20250707_214936_150284.csv,True,False,False,1751925379.8232613,620795.6216335297
198769,1751924759.0278752,1751924960.967289,batch_consumer-sts-0_20250707_214936_150284.csv,True,False,False,1751925379.8232613,620795.3860759735
198779,1751924759.0281148,1751924960.990444,batch_consumer-sts-0_20250707_214936_150284.csv,True,False,False,1751925379.8232613,620795.1464653015
198789,1751924759.0283575,1751924961.0152206,batch_consumer-sts-0_20250707_214936_150284.csv,True,False,False,1751925379.8232613,620794.903755188
198799,1751924759.0286,1751924961.039518,batch_consumer-sts-0_20250707_214936_150284.csv,True,False,False,1751925379.8232613,620794.661283493
198809,1751924759.0288377,1751924961.0639155,batch_consumer-sts-0_20250707_214936_150284.csv,True,False,False,1751925379.8232613,620794.4235801697
198819,1751924759.0290794,1751924961.0880065,batch_consumer-sts-0_20250707_214936_150284.csv,True,False,False,1751925379.8232613,620794.1818237305
198829,1751924759.0293157,1751924961.1119778,batch_consumer-sts-0_20250707_214936_150284.csv,True,False,False,1751925379.8232613,620793.9455509186
198839,1751924759.0295632,1751924961.1361055,batch_consumer-sts-0_20250707_214936_150284.csv,True,False,False,1751925379.8232613,620793.6980724335
198849,1751924759.029807,1751924961.1602674,batch_consumer-sts-0_20250707_214936_150284.csv,True,False,False,1751925379.8232613,620793.454170227
198859,1751924759.0300484,1751924961.184626,batch_consumer-sts-0_20250707_214936_150284.csv,True,False,False,1751925379.8232613,620793.212890625
198869,1751924759.0302958,1751924961.2089496,batch_consumer-sts-0_20250707_214936_150284.csv,True,False,False,1751925379.8232613,620792.9654121399
198879,1751924759.030543,1751924962.2348804,batch_consumer-sts-0_20250707_214936_150284.csv,True,False,False,1751925379.8232613,620792.7181720734
198889,1751924759.030788,1751924962.259475,batch_consumer-sts-0_20250707_214936_150284.csv,True,False,False,1751925379.8232613,620792.4733161926
198899,1751924759.0310228,1751924962.283707,batch_consumer-sts-0_20250707_214936_150284.csv,True,False,False,1751925379.8232613,620792.2384738922
198909,1751924759.031265,1751924962.308354,batch_consumer-sts-0_20250707_214936_150284.csv,True,False,False,1751925379.8232613,620791.9962406158
198919,1751924759.03151,1751924962.3314795,batch_consumer-sts-0_20250707_214936_150284.csv,True,False,False,1751925379.8232613,620791.7511463165
198929,1751924759.0317028,1751924962.356037,batch_consumer-sts-0_20250707_214936_150284.csv,True,False,False,1751925379.8232613,620791.5585041046
198939,1751924759.03188,1751924962.3818617,batch_consumer-sts-0_20250707_214936_150284.csv,True,False,False,1751925379.8232613,620791.3813591003
198949,1751924759.0320945,1751924962.406039,batch_consumer-sts-0_20250707_214936_150284.csv,True,False,False,1751925379.8232613,620791.1667823792
198959,1751924759.0323284,1751924962.4304178,batch_consumer-sts-0_20250707_214936_150284.csv,True,False,False,1751925379.8232613,620790.932893753
198969,1751924759.0325897,1751924962.454559,batch_consumer-sts-0_20250707_214936_150284.csv,True,False,False,1751925379.8232613,620790.6715869904
198979,1751924759.0328312,1751924962.478973,batch_consumer-sts-0_20250707_214936_150284.csv,True,False,False,1751925379.8232613,620790.4300689697
198989,1751924759.0330725,1751924962.5031338,batch_consumer-sts-0_20250707_214936_150284.csv,True,False,False,1751925379.8232613,620790.1887893677
198999,1751924759.033312,1751924962.9457452,batch_consumer-sts-0_20250707_214936_150284.csv,True,False,False,1751925379.8232613,620789.9491786957
199009,1751924759.0335448,1751924962.9693086,batch_consumer-sts-0_20250707_214936_150284.csv,True,False,False,1751925379.8232613,620789.7164821625
199019,1751924759.0337749,1751924962.9928796,batch_consumer-sts-0_20250707_214936_150284.csv,True,False,False,1751925379.8232613,620789.4864082336
199029,1751924759.0340135,1751924963.016392,batch_consumer-sts-0_20250707_214936_150284.csv,True,False,False,1751925379.8232613,620789.247751236
199039,1751924759.034256,1751924963.0400994,batch_consumer-sts-0_20250707_214936_150284.csv,True,False,False,1751925379.8232613,620789.005279541
199049,1751924759.0344863,1751924963.0640018,batch_consumer-sts-0_20250707_214936_150284.csv,True,False,False,1751925379.8232613,620788.7749671936
199059,1751924759.034724,1751924963.087823,batch_consumer-sts-0_20250707_214936_150284.csv,True,False,False,1751925379.8232613,620788.5372638702
199069,1751924759.0349612,1751924963.1114943,batch_consumer-sts-0_20250707_214936_150284.csv,True,False,False,1751925379.8232613,620788.300037384
199079,1751924759.0351908,1751924963.135101,batch_consumer-sts-0_20250707_214936_150284.csv,True,False,False,1751925379.8232613,620788.0704402924
199089,1751924759.0354297,1751924963.158755,batch_consumer-sts-0_20250707_214936_150284.csv,True,False,False,1751925379.8232613,620787.8315448761
199099,1751924759.035658,1751924963.1823778,batch_consumer-sts-0_20250707_214936_150284.csv,True,False,False,1751925379.8232613,620787.6033782959
199109,1751924759.0358942,1751924963.2058468,batch_consumer-sts-0_20250707_214936_150284.csv,True,False,False,1751925379.8232613,620787.367105484
251879,1751924763.852961,1751924963.2292857,batch_consumer-sts-0_20250707_214936_150284.csv,True,False,False,1751925379.8232613,615970.3001976013
251889,1751924763.8532124,1751924963.252888,batch_consumer-sts-0_20250707_214936_150284.csv,True,False,False,1751925379.8232613,615970.048904419
251899,1751924763.8534548,1751924963.2763624,batch_consumer-sts-0_20250707_214936_150284.csv,True,False,False,1751925379.8232613,615969.806432724
251909,1751924763.8537111,1751924963.2998395,batch_consumer-sts-0_20250707_214936_150284.csv,True,False,False,1751925379.8232613,615969.5501327515
251919,1751924763.8539472,1751924963.323345,batch_consumer-sts-0_20250707_214936_150284.csv,True,False,False,1751925379.8232613,615969.3140983582
251929,1751924763.854204,1751924963.3468368,batch_consumer-sts-0_20250707_214936_150284.csv,True,False,False,1751925379.8232613,615969.0573215485
251939,1751924763.854448,1751924963.370332,batch_consumer-sts-0_20250707_214936_150284.csv,True,False,False,1751925379.8232613,615968.8131809235
251949,1751924763.854696,1751924963.393878,batch_consumer-sts-0_20250707_214936_150284.csv,True,False,False,1751925379.8232613,615968.5652256012
251959,1751924763.854934,1751924963.4173028,batch_consumer-sts-0_20250707_214936_150284.csv,True,False,False,1751925379.8232613,615968.3272838593
251969,1751924763.8551824,1751924963.4407723,batch_consumer-sts-0_20250707_214936_150284.csv,True,False,False,1751925379.8232613,615968.0788516998
251979,1751924763.855419,1751924963.4644856,batch_consumer-sts-0_20250707_214936_150284.csv,True,False,False,1751925379.8232613,615967.8423404694
251989,1751924763.855659,1751924963.488016,batch_consumer-sts-0_20250707_214936_150284.csv,True,False,False,1751925379.8232613,615967.6022529602
251999,1751924763.8559067,1751924963.511549,batch_consumer-sts-0_20250707_214936_150284.csv,True,False,False,1751925379.8232613,615967.3545360565
252009,1751924763.8561578,1751924963.5350852,batch_consumer-sts-0_20250707_214936_150284.csv,True,False,False,1751925379.8232613,615967.1034812927
252019,1751924763.8563993,1751924963.5586004,batch_consumer-sts-0_20250707_214936_150284.csv,True,False,False,1751925379.8232613,615966.8619632721
252029,1751924763.8566394,1751924963.5822756,batch_consumer-sts-0_20250707_214936_150284.csv,True,False,False,1751925379.8232613,615966.6218757629
252039,1751924763.8568778,1751924963.6057572,batch_consumer-sts-0_20250707_214936_150284.csv,True,False,False,1751925379.8232613,615966.3834571838
252049,1751924763.8571248,1751924963.6291614,batch_consumer-sts-0_20250707_214936_150284.csv,True,False,False,1751925379.8232613,615966.1364555359
252059,1751924763.8573048,1751924963.6525652,batch_consumer-sts-0_20250707_214936_150284.csv,True,False,False,1751925379.8232613,615965.9564495087
252069,1751924763.8574874,1751924963.676038,batch_consumer-sts-0_20250707_214936_150284.csv,True,False,False,1751925379.8232613,615965.7738208771
252079,1751924763.8576748,1751924963.6996603,batch_consumer-sts-0_20250707_214936_150284.csv,True,False,False,1751925379.8232613,615965.5864238739
252089,1751924763.8578646,1751924963.7233164,batch_consumer-sts-0_20250707_214936_150284.csv,True,False,False,1751925379.8232613,615965.3966426849
252099,1751924763.8580532,1751924963.7465658,batch_consumer-sts-0_20250707_214936_150284.csv,True,False,False,1751925379.8232613,615965.2080535889
252109,1751924763.8583288,1751924963.7699664,batch_consumer-sts-0_20250707_214936_150284.csv,True,False,False,1751925379.8232613,615964.9324417114
252119,1751924763.858566,1751924963.7932782,batch_consumer-sts-0_20250707_214936_150284.csv,True,False,False,1751925379.8232613,615964.6952152252
252129,1751924763.8588068,1751924963.8165538,batch_consumer-sts-0_20250707_214936_150284.csv,True,False,False,1751925379.8232613,615964.4544124603
252139,1751924763.8590484,1751924963.838847,batch_consumer-sts-0_20250707_214936_150284.csv,True,False,False,1751925379.8232613,615964.2128944397
252149,1751924763.8592844,1751924963.8621788,batch_consumer-sts-0_20250707_214936_150284.csv,True,False,False,1751925379.8232613,615963.9768600464
252159,1751924763.8595183,1751924963.8853607,batch_consumer-sts-0_20250707_214936_150284.csv,True,False,False,1751925379.8232613,615963.7429714203
252169,1751924763.8597558,1751924963.9086351,batch_consumer-sts-0_20250707_214936_150284.csv,True,False,False,1751925379.8232613,615963.5055065155
252179,1751924763.8599892,1751924963.9318678,batch_consumer-sts-0_20250707_214936_150284.csv,True,False,False,1751925379.8232613,615963.2720947266
252189,1751924763.860232,1751924963.955084,batch_consumer-sts-0_20250707_214936_150284.csv,True,False,False,1751925379.8232613,615963.0291461945
252199,1751924763.8604662,1751924963.9784205,batch_consumer-sts-0_20250707_214936_150284.csv,True,False,False,1751925379.8232613,615962.7950191498
252209,1751924763.8607156,1751924964.0007606,batch_consumer-sts-0_20250707_214936_150284.csv,True,False,False,1751925379.8232613,615962.545633316
252219,1751924763.8609433,1751924964.0241632,batch_consumer-sts-0_20250707_214936_150284.csv,True,False,False,1751925379.8232613,615962.317943573
252229,1751924763.8611777,1751924964.048071,batch_consumer-sts-0_20250707_214936_150284.csv,True,False,False,1751925379.8232613,615962.0835781097
252239,1751924763.861414,1751924964.0718987,batch_consumer-sts-0_20250707_214936_150284.csv,True,False,False,1751925379.8232613,615961.8473052979
252249,1751924763.8616543,1751924964.0953448,batch_consumer-sts-0_20250707_214936_150284.csv,True,False,False,1751925379.8232613,615961.6069793701
252259,1751924763.8618906,1751924964.1187425,batch_consumer-sts-0_20250707_214936_150284.csv,True,False,False,1751925379.8232613,615961.3707065582
252269,1751924763.86213,1751924964.14237,batch_consumer-sts-0_20250707_214936_150284.csv,True,False,False,1751925379.8232613,615961.1313343048
252279,1751924763.862392,1751924964.1658957,batch_consumer-sts-0_20250707_214936_150284.csv,True,False,False,1751925379.8232613,615960.8693122864
252289,1751924763.8626478,1751924964.1894112,batch_consumer-sts-0_20250707_214936_150284.csv,True,False,False,1751925379.8232613,615960.613489151
252299,1751924763.862887,1751924964.2128031,batch_consumer-sts-0_20250707_214936_150284.csv,True,False,False,1751925379.8232613,615960.3743553162
252309,1751924763.8631222,1751924964.2362895,batch_consumer-sts-0_20250707_214936_150284.csv,True,False,False,1751925379.8232613,615960.1390361786
252319,1751924763.8633568,1751924964.2599227,batch_consumer-sts-0_20250707_214936_150284.csv,True,False,False,1751925379.8232613,615959.9044322968
252329,1751924763.863611,1751924964.2834797,batch_consumer-sts-0_20250707_214936_150284.csv,True,False,False,1751925379.8232613,615959.6502780914
252339,1751924763.8638723,1751924964.3069324,batch_consumer-sts-0_20250707_214936_150284.csv,True,False,False,1751925379.8232613,615959.3889713287
252349,1751924763.8641136,1751924964.330486,batch_consumer-sts-0_20250707_214936_150284.csv,True,False,False,1751925379.8232613,615959.1476917267
252359,1751924763.8643558,1751924964.3540254,batch_consumer-sts-0_20250707_214936_150284.csv,True,False,False,1751925379.8232613,615958.9054584503
252369,1751924763.864606,1751924964.377546,batch_consumer-sts-0_20250707_214936_150284.csv,True,False,False,1751925379.8232613,615958.6553573608
252379,1751924763.8648508,1751924964.4010117,batch_consumer-sts-0_20250707_214936_150284.csv,True,False,False,1751925379.8232613,615958.4105014801
252389,1751924763.8650882,1751924964.424571,batch_consumer-sts-0_20250707_214936_150284.csv,True,False,False,1751925379.8232613,615958.1730365753
252399,1751924763.8653286,1751924964.4480903,batch_consumer-sts-0_20250707_214936_150284.csv,True,False,False,1751925379.8232613,615957.9327106476
252409,1751924763.865573,1751924964.4715755,batch_consumer-sts-0_20250707_214936_150284.csv,True,False,False,1751925379.8232613,615957.688331604
252419,1751924763.8658185,1751924964.4951406,batch_consumer-sts-0_20250707_214936_150284.csv,True,False,False,1751925379.8232613,615957.4427604675
252429,1751924763.8660696,1751924964.5188272,batch_consumer-sts-0_20250707_214936_150284.csv,True,False,False,1751925379.8232613,615957.1917057037
252439,1751924763.8663197,1751924964.5425344,batch_consumer-sts-0_20250707_214936_150284.csv,True,False,False,1751925379.8232613,615956.9416046143
252449,1751924763.866712,1751924964.566449,batch_consumer-sts-0_20250707_214936_150284.csv,True,False,False,1751925379.8232613,615956.549167633
252459,1751924763.8669505,1751924964.589973,batch_consumer-sts-0_20250707_214936_150284.csv,True,False,False,1751925379.8232613,615956.310749054
252469,1751924763.86719,1751924964.6133893,batch_consumer-sts-0_20250707_214936_150284.csv,True,False,False,1751925379.8232613,615956.0713768005
252479,1751924763.8674254,1751924964.6366477,batch_consumer-sts-0_20250707_214936_150284.csv,True,False,False,1751925379.8232613,615955.8358192444
252489,1751924763.8676653,1751924964.6599178,batch_consumer-sts-0_20250707_214936_150284.csv,True,False,False,1751925379.8232613,615955.5959701538
252499,1751924763.867915,1751924964.6833742,batch_consumer-sts-0_20250707_214936_150284.csv,True,False,False,1751925379.8232613,615955.3463459015
252509,1751924763.8681593,1751924964.7067251,batch_consumer-sts-0_20250707_214936_150284.csv,True,False,False,1751925379.8232613,615955.1019668579
252519,1751924763.8683984,1751924964.730156,batch_consumer-sts-0_20250707_214936_150284.csv,True,False,False,1751925379.8232613,615954.8628330231
252529,1751924763.8686428,1751924964.7536771,batch_consumer-sts-0_20250707_214936_150284.csv,True,False,False,1751925379.8232613,615954.6184539795
252539,1751924763.8689258,1751924964.7770834,batch_consumer-sts-0_20250707_214936_150284.csv,True,False,False,1751925379.8232613,615954.3354511261
252549,1751924763.8691275,1751924964.800387,batch_consumer-sts-0_20250707_214936_150284.csv,True,False,False,1751925379.8232613,615954.1337490082
252559,1751924763.8693204,1751924964.9343526,batch_consumer-sts-0_20250707_214936_150284.csv,True,False,False,1751925379.8232613,615953.9408683777
252569,1751924763.8695118,1751924964.9579327,batch_consumer-sts-0_20250707_214936_150284.csv,True,False,False,1751925379.8232613,615953.7494182587
252579,1751924763.8697078,1751924964.981652,batch_consumer-sts-0_20250707_214936_150284.csv,True,False,False,1751925379.8232613,615953.5534381866
252589,1751924763.869911,1751924965.0054262,batch_consumer-sts-0_20250707_214936_150284.csv,True,False,False,1751925379.8232613,615953.3503055573
252599,1751924763.87011,1751924965.0293374,batch_consumer-sts-0_20250707_214936_150284.csv,True,False,False,1751925379.8232613,615953.1512260437
252609,1751924763.8703496,1751924965.0531592,batch_consumer-sts-0_20250707_214936_150284.csv,True,False,False,1751925379.8232613,615952.9116153717
252619,1751924763.8705935,1751924965.0770514,batch_consumer-sts-0_20250707_214936_150284.csv,True,False,False,1751925379.8232613,615952.6677131653
252629,1751924763.8708284,1751924965.101102,batch_consumer-sts-0_20250707_214936_150284.csv,True,False,False,1751925379.8232613,615952.4328708649
252639,1751924763.8710678,1751924965.1253555,batch_consumer-sts-0_20250707_214936_150284.csv,True,False,False,1751925379.8232613,615952.1934986115
252649,1751924763.871307,1751924965.1493256,batch_consumer-sts-0_20250707_214936_150284.csv,True,False,False,1751925379.8232613,615951.9543647766
252659,1751924763.8715742,1751924965.1731594,batch_consumer-sts-0_20250707_214936_150284.csv,True,False,False,1751925379.8232613,615951.6870975494
252669,1751924763.871815,1751924965.197358,batch_consumer-sts-0_20250707_214936_150284.csv,True,False,False,1751925379.8232613,615951.4462947845
252679,1751924763.872058,1751924965.2215402,batch_consumer-sts-0_20250707_214936_150284.csv,True,False,False,1751925379.8232613,615951.2033462524
252689,1751924763.8722963,1751924965.2457235,batch_consumer-sts-0_20250707_214936_150284.csv,True,False,False,1751925379.8232613,615950.9649276733
252699,1751924763.8725383,1751924965.2698116,batch_consumer-sts-0_20250707_214936_150284.csv,True,False,False,1751925379.8232613,615950.7229328156
252709,1751924763.8727796,1751924965.2939303,batch_consumer-sts-0_20250707_214936_150284.csv,True,False,False,1751925379.8232613,615950.4816532135
252719,1751924763.8730252,1751924965.3179598,batch_consumer-sts-0_20250707_214936_150284.csv,True,False,False,1751925379.8232613,615950.236082077
252729,1751924763.8732944,1751924965.3931236,batch_consumer-sts-0_20250707_214936_150284.csv,True,False,False,1751925379.8232613,615949.9669075012
252739,1751924763.873531,1751924965.4171298,batch_consumer-sts-0_20250707_214936_150284.csv,True,False,False,1751925379.8232613,615949.7301578522
252749,1751924763.873767,1751924965.4411557,batch_consumer-sts-0_20250707_214936_150284.csv,True,False,False,1751925379.8232613,615949.4943618774
252759,1751924763.8740098,1751924965.4650233,batch_consumer-sts-0_20250707_214936_150284.csv,True,False,False,1751925379.8232613,615949.2514133453
252769,1751924763.8742533,1751924965.4887576,batch_consumer-sts-0_20250707_214936_150284.csv,True,False,False,1751925379.8232613,615949.0079879761
252779,1751924763.8744855,1751924965.7965536,batch_consumer-sts-0_20250707_214936_150284.csv,True,False,False,1751925379.8232613,615948.77576828
252789,1751924763.8747303,1751924965.8207266,batch_consumer-sts-0_20250707_214936_150284.csv,True,False,False,1751925379.8232613,615948.5309123993
252799,1751924763.8749676,1751924965.844596,batch_consumer-sts-0_20250707_214936_150284.csv,True,False,False,1751925379.8232613,615948.2936859131
252809,1751924763.8752124,1751924965.8682978,batch_consumer-sts-0_20250707_214936_150284.csv,True,False,False,1751925379.8232613,615948.0488300323
252819,1751924763.8754482,1751924965.8918126,batch_consumer-sts-0_20250707_214936_150284.csv,True,False,False,1751925379.8232613,615947.8130340576
252829,1751924763.87569,1751924965.91526,batch_consumer-sts-0_20250707_214936_150284.csv,True,False,False,1751925379.8232613,615947.5712776184
252839,1751924763.8759267,1751924965.9388218,batch_consumer-sts-0_20250707_214936_150284.csv,True,False,False,1751925379.8232613,615947.3345279694
252849,1751924763.8761775,1751924965.9625256,batch_consumer-sts-0_20250707_214936_150284.csv,True,False,False,1751925379.8232613,615947.0837116241
252859,1751924763.8764174,1751924965.986157,batch_consumer-sts-0_20250707_214936_150284.csv,True,False,False,1751925379.8232613,615946.8438625336
252869,1751924763.8766615,1751924966.0097198,batch_consumer-sts-0_20250707_214936_150284.csv,True,False,False,1751925379.8232613,615946.5997219086
252879,1751924763.8769023,1751924966.0334077,batch_consumer-sts-0_20250707_214936_150284.csv,True,False,False,1751925379.8232613,615946.3589191437
252889,1751924763.8771434,1751924966.0572574,batch_consumer-sts-0_20250707_214936_150284.csv,True,False,False,1751925379.8232613,615946.1178779602
252899,1751924763.87738,1751924966.0810585,batch_consumer-sts-0_20250707_214936_150284.csv,True,False,False,1751925379.8232613,615945.8813667297
252909,1751924763.87761,1751924966.1048243,batch_consumer-sts-0_20250707_214936_150284.csv,True,False,False,1751925379.8232613,615945.6512928009
252919,1751924763.8778412,1751924966.1282086,batch_consumer-sts-0_20250707_214936_150284.csv,True,False,False,1751925379.8232613,615945.4200267792
252929,1751924763.8780775,1751924966.1515312,batch_consumer-sts-0_20250707_214936_150284.csv,True,False,False,1751925379.8232613,615945.1837539673
252939,1751924763.8783317,1751924966.1739686,batch_consumer-sts-0_20250707_214936_150284.csv,True,False,False,1751925379.8232613,615944.929599762
252949,1751924763.878571,1751924966.1976192,batch_consumer-sts-0_20250707_214936_150284.csv,True,False,False,1751925379.8232613,615944.6902275085
252959,1751924763.878814,1751924966.2215235,batch_consumer-sts-0_20250707_214936_150284.csv,True,False,False,1751925379.8232613,615944.4472789764
252969,1751924763.879052,1751924966.243946,batch_consumer-sts-0_20250707_214936_150284.csv,True,False,False,1751925379.8232613,615944.2093372345
252979,1751924763.8792875,1751924966.267522,batch_consumer-sts-0_20250707_214936_150284.csv,True,False,False,1751925379.8232613,615943.9737796783
252989,1751924763.879531,1751924966.2912188,batch_consumer-sts-0_20250707_214936_150284.csv,True,False,False,1751925379.8232613,615943.7303543091
252999,1751924763.8797665,1751924966.314747,batch_consumer-sts-0_20250707_214936_150284.csv,True,False,False,1751925379.8232613,615943.4947967529
253009,1751924763.879998,1751924966.3384745,batch_consumer-sts-0_20250707_214936_150284.csv,True,False,False,1751925379.8232613,615943.2632923126
253019,1751924763.8802328,1751924966.3615136,batch_consumer-sts-0_20250707_214936_150284.csv,True,False,False,1751925379.8232613,615943.0284500122
253029,1751924763.8804653,1751924966.3840468,batch_consumer-sts-0_20250707_214936_150284.csv,True,False,False,1751925379.8232613,615942.7959918976
253039,1751924763.8807032,1751924967.4092414,batch_consumer-sts-0_20250707_214936_150284.csv,True,False,False,1751925379.8232613,615942.5580501556
253049,1751924763.880942,1751924967.4332397,batch_consumer-sts-0_20250707_214936_150284.csv,True,False,False,1751925379.8232613,615942.3191547394
253059,1751924763.8811743,1751924967.456764,batch_consumer-sts-0_20250707_214936_150284.csv,True,False,False,1751925379.8232613,615942.0869350433
253069,1751924763.881416,1751924967.480343,batch_consumer-sts-0_20250707_214936_150284.csv,True,False,False,1751925379.8232613,615941.8451786041
253079,1751924763.8816729,1751924967.5040874,batch_consumer-sts-0_20250707_214936_150284.csv,True,False,False,1751925379.8232613,615941.5884017944
253089,1751924763.8819802,1751924967.528155,batch_consumer-sts-0_20250707_214936_150284.csv,True,False,False,1751925379.8232613,615941.281080246
253099,1751924763.882243,1751924967.552618,batch_consumer-sts-0_20250707_214936_150284.csv,True,False,False,1751925379.8232613,615941.0183429718
253109,1751924763.8824823,1751924967.576349,batch_consumer-sts-0_20250707_214936_150284.csv,True,False,False,1751925379.8232613,615940.7789707184
253119,1751924763.882728,1751924967.5999336,batch_consumer-sts-0_20250707_214936_150284.csv,True,False,False,1751925379.8232613,615940.5331611633
253129,1751924763.882964,1751924967.623445,batch_consumer-sts-0_20250707_214936_150284.csv,True,False,False,1751925379.8232613,615940.2973651886
253139,1751924763.8856304,1751924967.9836078,batch_consumer-sts-0_20250707_214936_150284.csv,True,False,False,1751925379.8232613,615937.6308917999
253149,1751924763.8858838,1751924968.0070732,batch_consumer-sts-0_20250707_214936_150284.csv,True,False,False,1751925379.8232613,615937.3774528503
253159,1751924763.88612,1751924968.0307865,batch_consumer-sts-0_20250707_214936_150284.csv,True,False,False,1751925379.8232613,615937.1411800385
253169,1751924763.8864305,1751924968.054706,batch_consumer-sts-0_20250707_214936_150284.csv,True,False,False,1751925379.8232613,615936.8307590485
253179,1751924763.8866975,1751924968.07888,batch_consumer-sts-0_20250707_214936_150284.csv,True,False,False,1751925379.8232613,615936.5637302399
253189,1751924763.8869576,1751924968.1027558,batch_consumer-sts-0_20250707_214936_150284.csv,True,False,False,1751925379.8232613,615936.3036155701
253199,1751924763.8872168,1751924968.126187,batch_consumer-sts-0_20250707_214936_150284.csv,True,False,False,1751925379.8232613,615936.0444545746
253209,1751924763.8874807,1751924968.149651,batch_consumer-sts-0_20250707_214936_150284.csv,True,False,False,1751925379.8232613,615935.7805252075
253219,1751924763.8877482,1751924968.1731875,batch_consumer-sts-0_20250707_214936_150284.csv,True,False,False,1751925379.8232613,615935.5130195618
253229,1751924763.8880146,1751924968.196776,batch_consumer-sts-0_20250707_214936_150284.csv,True,False,False,1751925379.8232613,615935.2467060089
253239,1751924763.8882756,1751924968.220775,batch_consumer-sts-0_20250707_214936_150284.csv,True,False,False,1751925379.8232613,615934.9856376648
253249,1751924763.8885412,1751924968.244288,batch_consumer-sts-0_20250707_214936_150284.csv,True,False,False,1751925379.8232613,615934.7200393677
253259,1751924763.8888052,1751924968.267838,batch_consumer-sts-0_20250707_214936_150284.csv,True,False,False,1751925379.8232613,615934.4561100006
253269,1751924763.8890655,1751924968.291497,batch_consumer-sts-0_20250707_214936_150284.csv,True,False,False,1751925379.8232613,615934.1957569122
253279,1751924763.8893256,1751924968.3152616,batch_consumer-sts-0_20250707_214936_150284.csv,True,False,False,1751925379.8232613,615933.9356422424
253289,1751924763.8895822,1751924968.3390777,batch_consumer-sts-0_20250707_214936_150284.csv,True,False,False,1751925379.8232613,615933.6791038513
253299,1751924763.8898268,1751924968.3628464,batch_consumer-sts-0_20250707_214936_150284.csv,True,False,False,1751925379.8232613,615933.4344863892
253309,1751924763.890087,1751924968.3865423,batch_consumer-sts-0_20250707_214936_150284.csv,True,False,False,1751925379.8232613,615933.1743717194
253319,1751924763.8903463,1751924968.4106765,batch_consumer-sts-0_20250707_214936_150284.csv,True,False,False,1751925379.8232613,615932.9149723053
253329,1751924763.890602,1751924968.4346857,batch_consumer-sts-0_20250707_214936_150284.csv,True,False,False,1751925379.8232613,615932.6591491699
253339,1751924763.8908455,1751924968.4589665,batch_consumer-sts-0_20250707_214936_150284.csv,True,False,False,1751925379.8232613,615932.4157238007
253349,1751924763.8910875,1751924968.482992,batch_consumer-sts-0_20250707_214936_150284.csv,True,False,False,1751925379.8232613,615932.1737289429
253359,1751924763.89133,1751924968.506857,batch_consumer-sts-0_20250707_214936_150284.csv,True,False,False,1751925379.8232613,615931.9312572479
253369,1751924763.8915718,1751924968.5309286,batch_consumer-sts-0_20250707_214936_150284.csv,True,False,False,1751925379.8232613,615931.6895008087
253379,1751924763.8918223,1751924968.5552216,batch_consumer-sts-0_20250707_214936_150284.csv,True,False,False,1751925379.8232613,615931.4389228821
253389,1751924763.8920562,1751924968.5796945,batch_consumer-sts-0_20250707_214936_150284.csv,True,False,False,1751925379.8232613,615931.205034256
253399,1751924763.8922937,1751924968.6040888,batch_consumer-sts-0_20250707_214936_150284.csv,True,False,False,1751925379.8232613,615930.9675693512
253409,1751924763.8925452,1751924968.6278665,batch_consumer-sts-0_20250707_214936_150284.csv,True,False,False,1751925379.8232613,615930.7160377502
253419,1751924763.892784,1751924968.6520686,batch_consumer-sts-0_20250707_214936_150284.csv,True,False,False,1751925379.8232613,615930.477142334
292359,1751924765.0586696,1751924968.676069,batch_consumer-sts-0_20250707_214936_150284.csv,True,False,False,1751925379.8232613,614764.5916938782
292369,1751924765.0589125,1751924968.699906,batch_consumer-sts-0_20250707_214936_150284.csv,True,False,False,1751925379.8232613,614764.3487453461
292379,1751924765.059149,1751924968.7232778,batch_consumer-sts-0_20250707_214936_150284.csv,True,False,False,1751925379.8232613,614764.1122341156
292389,1751924765.0593865,1751924968.7467794,batch_consumer-sts-0_20250707_214936_150284.csv,True,False,False,1751925379.8232613,614763.8747692108
292399,1751924765.059615,1751924968.770469,batch_consumer-sts-0_20250707_214936_150284.csv,True,False,False,1751925379.8232613,614763.646364212
292409,1751924765.059845,1751924968.793829,batch_consumer-sts-0_20250707_214936_150284.csv,True,False,False,1751925379.8232613,614763.4162902832
292419,1751924765.0600767,1751924968.8171442,batch_consumer-sts-0_20250707_214936_150284.csv,True,False,False,1751925379.8232613,614763.1845474243
292429,1751924765.0603125,1751924968.84056,batch_consumer-sts-0_20250707_214936_150284.csv,True,False,False,1751925379.8232613,614762.9487514496
292439,1751924765.060549,1751924968.862846,batch_consumer-sts-0_20250707_214936_150284.csv,True,False,False,1751925379.8232613,614762.7122402191
292449,1751924765.0607896,1751924968.8861003,batch_consumer-sts-0_20250707_214936_150284.csv,True,False,False,1751925379.8232613,614762.4716758728
292459,1751924765.0610194,1751924968.9093788,batch_consumer-sts-0_20250707_214936_150284.csv,True,False,False,1751925379.8232613,614762.2418403625
292469,1751924765.0612638,1751924968.9327102,batch_consumer-sts-0_20250707_214936_150284.csv,True,False,False,1751925379.8232613,614761.997461319
292479,1751924765.0614924,1751924968.9560535,batch_consumer-sts-0_20250707_214936_150284.csv,True,False,False,1751925379.8232613,614761.7688179016
292489,1751924765.0617225,1751924968.9795344,batch_consumer-sts-0_20250707_214936_150284.csv,True,False,False,1751925379.8232613,614761.5387439728
292499,1751924765.061957,1751924969.0029,batch_consumer-sts-0_20250707_214936_150284.csv,True,False,False,1751925379.8232613,614761.3043785095
292509,1751924765.062197,1751924969.0267994,batch_consumer-sts-0_20250707_214936_150284.csv,True,False,False,1751925379.8232613,614761.0642910004
292519,1751924765.0624382,1751924969.05054,batch_consumer-sts-0_20250707_214936_150284.csv,True,False,False,1751925379.8232613,614760.8230113983
292529,1751924765.0626743,1751924969.074417,batch_consumer-sts-0_20250707_214936_150284.csv,True,False,False,1751925379.8232613,614760.586977005
292539,1751924765.0629346,1751924969.0981567,batch_consumer-sts-0_20250707_214936_150284.csv,True,False,False,1751925379.8232613,614760.3266239166
292549,1751924765.063388,1751924969.1220596,batch_consumer-sts-0_20250707_214936_150284.csv,True,False,False,1751925379.8232613,614759.8731517792
292559,1751924765.063929,1751924969.1459763,batch_consumer-sts-0_20250707_214936_150284.csv,True,False,False,1751925379.8232613,614759.3321800232
292569,1751924765.0642672,1751924969.169705,batch_consumer-sts-0_20250707_214936_150284.csv,True,False,False,1751925379.8232613,614758.994102478
292579,1751924765.0647962,1751924969.1931963,batch_consumer-sts-0_20250707_214936_150284.csv,True,False,False,1751925379.8232613,614758.465051651
292589,1751924765.0650206,1751924969.217018,batch_consumer-sts-0_20250707_214936_150284.csv,True,False,False,1751925379.8232613,614758.2406997681
292599,1751924765.0652504,1751924969.240522,batch_consumer-sts-0_20250707_214936_150284.csv,True,False,False,1751925379.8232613,614758.0108642578
292609,1751924765.065477,1751924969.263113,batch_consumer-sts-0_20250707_214936_150284.csv,True,False,False,1751925379.8232613,614757.7843666077
292619,1751924765.0657127,1751924969.286881,batch_consumer-sts-0_20250707_214936_150284.csv,True,False,False,1751925379.8232613,614757.5485706329
292629,1751924765.065941,1751924969.3104918,batch_consumer-sts-0_20250707_214936_150284.csv,True,False,False,1751925379.8232613,614757.3201656342
292639,1751924765.066194,1751924969.3339396,batch_consumer-sts-0_20250707_214936_150284.csv,True,False,False,1751925379.8232613,614757.0672035217
292649,1751924765.0664277,1751924969.3575914,batch_consumer-sts-0_20250707_214936_150284.csv,True,False,False,1751925379.8232613,614756.8335533142
292659,1751924765.0666702,1751924969.3813205,batch_consumer-sts-0_20250707_214936_150284.csv,True,False,False,1751925379.8232613,614756.5910816193
292669,1751924765.0669048,1751924969.4050136,batch_consumer-sts-0_20250707_214936_150284.csv,True,False,False,1751925379.8232613,614756.3564777374
292679,1751924765.0671484,1751924969.4287589,batch_consumer-sts-0_20250707_214936_150284.csv,True,False,False,1751925379.8232613,614756.1128139496
292689,1751924765.0673933,1751924969.4522316,batch_consumer-sts-0_20250707_214936_150284.csv,True,False,False,1751925379.8232613,614755.8679580688
292699,1751924765.067609,1751924969.476011,batch_consumer-sts-0_20250707_214936_150284.csv,True,False,False,1751925379.8232613,614755.6521892548
292709,1751924765.0678527,1751924969.4998903,batch_consumer-sts-0_20250707_214936_150284.csv,True,False,False,1751925379.8232613,614755.4085254669
292719,1751924765.068088,1751924969.523333,batch_consumer-sts-0_20250707_214936_150284.csv,True,False,False,1751925379.8232613,614755.1732063293
292729,1751924765.068322,1751924969.5471044,batch_consumer-sts-0_20250707_214936_150284.csv,True,False,False,1751925379.8232613,614754.9393177032
292739,1751924765.0685563,1751924969.5707097,batch_consumer-sts-0_20250707_214936_150284.csv,True,False,False,1751925379.8232613,614754.70495224
292749,1751924765.0687969,1751924969.5940702,batch_consumer-sts-0_20250707_214936_150284.csv,True,False,False,1751925379.8232613,614754.4643878937
292759,1751924765.0690317,1751924969.6176033,batch_consumer-sts-0_20250707_214936_150284.csv,True,False,False,1751925379.8232613,614754.2295455933
292769,1751924765.0695832,1751924969.6410398,batch_consumer-sts-0_20250707_214936_150284.csv,True,False,False,1751925379.8232613,614753.6780834198
292779,1751924765.0703444,1751924969.6645188,batch_consumer-sts-0_20250707_214936_150284.csv,True,False,False,1751925379.8232613,614752.9168128967
292789,1751924765.070625,1751924969.6879597,batch_consumer-sts-0_20250707_214936_150284.csv,True,False,False,1751925379.8232613,614752.6361942291
292799,1751924765.0710597,1751924969.7118018,batch_consumer-sts-0_20250707_214936_150284.csv,True,False,False,1751925379.8232613,614752.2015571594
292809,1751924765.0712852,1751924969.735222,batch_consumer-sts-0_20250707_214936_150284.csv,True,False,False,1751925379.8232613,614751.9760131836
292819,1751924765.0715165,1751924969.7585547,batch_consumer-sts-0_20250707_214936_150284.csv,True,False,False,1751925379.8232613,614751.7447471619
292829,1751924765.07175,1751924969.782092,batch_consumer-sts-0_20250707_214936_150284.csv,True,False,False,1751925379.8232613,614751.5113353729
292839,1751924765.0719795,1751924969.8056087,batch_consumer-sts-0_20250707_214936_150284.csv,True,False,False,1751925379.8232613,614751.2817382812
292849,1751924765.0722136,1751924969.82905,batch_consumer-sts-0_20250707_214936_150284.csv,True,False,False,1751925379.8232613,614751.0476112366
292859,1751924765.0724444,1751924969.8528109,batch_consumer-sts-0_20250707_214936_150284.csv,True,False,False,1751925379.8232613,614750.816822052
292869,1751924765.0726805,1751924969.8763175,batch_consumer-sts-0_20250707_214936_150284.csv,True,False,False,1751925379.8232613,614750.5807876587
292879,1751924765.0729222,1751924969.8999796,batch_consumer-sts-0_20250707_214936_150284.csv,True,False,False,1751925379.8232613,614750.3390312195
292889,1751924765.0731575,1751924969.923626,batch_consumer-sts-0_20250707_214936_150284.csv,True,False,False,1751925379.8232613,614750.1037120819
292899,1751924765.0733962,1751924969.9903047,batch_consumer-sts-0_20250707_214936_150284.csv,True,False,False,1751925379.8232613,614749.8650550842
292909,1751924765.073627,1751924970.0145354,batch_consumer-sts-0_20250707_214936_150284.csv,True,False,False,1751925379.8232613,614749.6342658997
292919,1751924765.0738535,1751924970.0385425,batch_consumer-sts-0_20250707_214936_150284.csv,True,False,False,1751925379.8232613,614749.4077682495
292929,1751924765.0741107,1751924970.062336,batch_consumer-sts-0_20250707_214936_150284.csv,True,False,False,1751925379.8232613,614749.1505146027
292939,1751924765.0743554,1751924970.0860806,batch_consumer-sts-0_20250707_214936_150284.csv,True,False,False,1751925379.8232613,614748.9058971405
292949,1751924765.074593,1751924970.109958,batch_consumer-sts-0_20250707_214936_150284.csv,True,False,False,1751925379.8232613,614748.6681938171
292959,1751924765.074829,1751924970.1337864,batch_consumer-sts-0_20250707_214936_150284.csv,True,False,False,1751925379.8232613,614748.4321594238
292969,1751924765.0750754,1751924970.1574817,batch_consumer-sts-0_20250707_214936_150284.csv,True,False,False,1751925379.8232613,614748.1858730316
292979,1751924765.0753107,1751924970.1813169,batch_consumer-sts-0_20250707_214936_150284.csv,True,False,False,1751925379.8232613,614747.950553894
292989,1751924765.075555,1751924970.2050438,batch_consumer-sts-0_20250707_214936_150284.csv,True,False,False,1751925379.8232613,614747.7061748505
292999,1751924765.075792,1751924970.2287276,batch_consumer-sts-0_20250707_214936_150284.csv,True,False,False,1751925379.8232613,614747.4691867828
293009,1751924765.0760322,1751924970.2525814,batch_consumer-sts-0_20250707_214936_150284.csv,True,False,False,1751925379.8232613,614747.2290992737
293019,1751924765.0762675,1751924970.2763717,batch_consumer-sts-0_20250707_214936_150284.csv,True,False,False,1751925379.8232613,614746.9937801361
293029,1751924765.0765092,1751924970.2999892,batch_consumer-sts-0_20250707_214936_150284.csv,True,False,False,1751925379.8232613,614746.7520236969
293039,1751924765.0767462,1751924970.3236623,batch_consumer-sts-0_20250707_214936_150284.csv,True,False,False,1751925379.8232613,614746.5150356293
293049,1751924765.076986,1751924970.347422,batch_consumer-sts-0_20250707_214936_150284.csv,True,False,False,1751925379.8232613,614746.2751865387
293059,1751924765.0772266,1751924970.371028,batch_consumer-sts-0_20250707_214936_150284.csv,True,False,False,1751925379.8232613,614746.0346221924
293069,1751924765.077469,1751924970.394661,batch_consumer-sts-0_20250707_214936_150284.csv,True,False,False,1751925379.8232613,614745.7921504974
293079,1751924765.0777044,1751924970.4183042,batch_consumer-sts-0_20250707_214936_150284.csv,True,False,False,1751925379.8232613,614745.5568313599
293089,1751924765.0779445,1751924970.4420414,batch_consumer-sts-0_20250707_214936_150284.csv,True,False,False,1751925379.8232613,614745.3167438507
293099,1751924765.0781977,1751924970.502241,batch_consumer-sts-0_20250707_214936_150284.csv,True,False,False,1751925379.8232613,614745.0635433197
293109,1751924765.0784376,1751924970.5257864,batch_consumer-sts-0_20250707_214936_150284.csv,True,False,False,1751925379.8232613,614744.8236942291
293119,1751924765.078679,1751924970.5493324,batch_consumer-sts-0_20250707_214936_150284.csv,True,False,False,1751925379.8232613,614744.5821762085
293129,1751924765.0789208,1751924970.5727978,batch_consumer-sts-0_20250707_214936_150284.csv,True,False,False,1751925379.8232613,614744.3404197693
293139,1751924765.0791624,1751924970.5961246,batch_consumer-sts-0_20250707_214936_150284.csv,True,False,False,1751925379.8232613,614744.0989017487
293149,1751924765.0794022,1751924970.6196404,batch_consumer-sts-0_20250707_214936_150284.csv,True,False,False,1751925379.8232613,614743.8590526581
293159,1751924765.0796473,1751924970.6431162,batch_consumer-sts-0_20250707_214936_150284.csv,True,False,False,1751925379.8232613,614743.6139583588
293169,1751924765.0798855,1751924970.6665015,batch_consumer-sts-0_20250707_214936_150284.csv,True,False,False,1751925379.8232613,614743.3757781982
293179,1751924765.08012,1751924970.689953,batch_consumer-sts-0_20250707_214936_150284.csv,True,False,False,1751925379.8232613,614743.1411743164
293189,1751924765.080358,1751924970.7132533,batch_consumer-sts-0_20250707_214936_150284.csv,True,False,False,1751925379.8232613,614742.9032325745
293199,1751924765.0806024,1751924970.736755,batch_consumer-sts-0_20250707_214936_150284.csv,True,False,False,1751925379.8232613,614742.6588535309
293209,1751924765.0808115,1751924970.7600052,batch_consumer-sts-0_20250707_214936_150284.csv,True,False,False,1751925379.8232613,614742.449760437
293219,1751924765.0810006,1751924970.783498,batch_consumer-sts-0_20250707_214936_150284.csv,True,False,False,1751925379.8232613,614742.2606945038
293229,1751924765.0811884,1751924970.8071113,batch_consumer-sts-0_20250707_214936_150284.csv,True,False,False,1751925379.8232613,614742.0728206635
293239,1751924765.08138,1751924970.8305798,batch_consumer-sts-0_20250707_214936_150284.csv,True,False,False,1751925379.8232613,614741.8813705444
293249,1751924765.081572,1751924970.853909,batch_consumer-sts-0_20250707_214936_150284.csv,True,False,False,1751925379.8232613,614741.6892051697
293259,1751924765.0817556,1751924970.8773935,batch_consumer-sts-0_20250707_214936_150284.csv,True,False,False,1751925379.8232613,614741.5056228638
293269,1751924765.0819445,1751924970.901051,batch_consumer-sts-0_20250707_214936_150284.csv,True,False,False,1751925379.8232613,614741.3167953491
293279,1751924765.0821292,1751924970.9245698,batch_consumer-sts-0_20250707_214936_150284.csv,True,False,False,1751925379.8232613,614741.1320209503
293289,1751924765.082379,1751924970.9479814,batch_consumer-sts-0_20250707_214936_150284.csv,True,False,False,1751925379.8232613,614740.8821582794
293299,1751924765.0826204,1751924970.9717808,batch_consumer-sts-0_20250707_214936_150284.csv,True,False,False,1751925379.8232613,614740.6408786774
293309,1751924765.0828614,1751924970.9952042,batch_consumer-sts-0_20250707_214936_150284.csv,True,False,False,1751925379.8232613,614740.3998374939
293319,1751924765.0830944,1751924971.0185783,batch_consumer-sts-0_20250707_214936_150284.csv,True,False,False,1751925379.8232613,614740.1669025421
293329,1751924765.0833435,1751924971.0421004,batch_consumer-sts-0_20250707_214936_150284.csv,True,False,False,1751925379.8232613,614739.917755127
293339,1751924765.0835843,1751924971.065556,batch_consumer-sts-0_20250707_214936_150284.csv,True,False,False,1751925379.8232613,614739.6769523621
293349,1751924765.0838292,1751924971.0889475,batch_consumer-sts-0_20250707_214936_150284.csv,True,False,False,1751925379.8232613,614739.4320964813
293359,1751924765.0840733,1751924971.112713,batch_consumer-sts-0_20250707_214936_150284.csv,True,False,False,1751925379.8232613,614739.1879558563
293369,1751924765.0843215,1751924971.1364174,batch_consumer-sts-0_20250707_214936_150284.csv,True,False,False,1751925379.8232613,614738.9397621155
293379,1751924765.0845582,1751924971.160129,batch_consumer-sts-0_20250707_214936_150284.csv,True,False,False,1751925379.8232613,614738.7030124664
293389,1751924765.0847986,1751924971.1840162,batch_consumer-sts-0_20250707_214936_150284.csv,True,False,False,1751925379.8232613,614738.4626865387
293399,1751924765.0850365,1751924971.2075346,batch_consumer-sts-0_20250707_214936_150284.csv,True,False,False,1751925379.8232613,614738.2247447968
293409,1751924765.0852776,1751924971.2308228,batch_consumer-sts-0_20250707_214936_150284.csv,True,False,False,1751925379.8232613,614737.9837036133
293419,1751924765.0855222,1751924971.254281,batch_consumer-sts-0_20250707_214936_150284.csv,True,False,False,1751925379.8232613,614737.7390861511
293429,1751924765.0857592,1751924971.2777016,batch_consumer-sts-0_20250707_214936_150284.csv,True,False,False,1751925379.8232613,614737.5020980835
293439,1751924765.085992,1751924971.3012278,batch_consumer-sts-0_20250707_214936_150284.csv,True,False,False,1751925379.8232613,614737.2691631317
293449,1751924765.086235,1751924971.324546,batch_consumer-sts-0_20250707_214936_150284.csv,True,False,False,1751925379.8232613,614737.0262145996
293459,1751924765.0864658,1751924971.347051,batch_consumer-sts-0_20250707_214936_150284.csv,True,False,False,1751925379.8232613,614736.795425415
293469,1751924765.086699,1751924971.3704472,batch_consumer-sts-0_20250707_214936_150284.csv,True,False,False,1751925379.8232613,614736.5622520447
300019,1751924765.313203,1751924971.393893,batch_consumer-sts-0_20250707_214936_150284.csv,True,False,False,1751925379.8232613,614510.0581645966
300029,1751924765.3134408,1751924971.4174256,batch_consumer-sts-0_20250707_214936_150284.csv,True,False,False,1751925379.8232613,614509.8204612732
300039,1751924765.3136914,1751924971.4399962,batch_consumer-sts-0_20250707_214936_150284.csv,True,False,False,1751925379.8232613,614509.5698833466
300049,1751924765.3139346,1751924971.4635882,batch_consumer-sts-0_20250707_214936_150284.csv,True,False,False,1751925379.8232613,614509.3266963959
300059,1751924765.3141763,1751924971.487005,batch_consumer-sts-0_20250707_214936_150284.csv,True,False,False,1751925379.8232613,614509.0849399567
300069,1751924765.314412,1751924971.5104487,batch_consumer-sts-0_20250707_214936_150284.csv,True,False,False,1751925379.8232613,614508.8491439819
300079,1751924765.3148596,1751924971.5338354,batch_consumer-sts-0_20250707_214936_150284.csv,True,False,False,1751925379.8232613,614508.401632309
300089,1751924765.315276,1751924971.5572634,batch_consumer-sts-0_20250707_214936_150284.csv,True,False,False,1751925379.8232613,614507.9853534698
300099,1751924765.3158734,1751924971.5808575,batch_consumer-sts-0_20250707_214936_150284.csv,True,False,False,1751925379.8232613,614507.3878765106
300109,1751924765.316289,1751924972.606064,batch_consumer-sts-0_20250707_214936_150284.csv,True,False,False,1751925379.8232613,614506.9723129272
300119,1751924765.3165126,1751924972.6297815,batch_consumer-sts-0_20250707_214936_150284.csv,True,False,False,1751925379.8232613,614506.7486763
300129,1751924765.3167498,1751924972.6533394,batch_consumer-sts-0_20250707_214936_150284.csv,True,False,False,1751925379.8232613,614506.5114498138
300139,1751924765.31698,1751924972.6767735,batch_consumer-sts-0_20250707_214936_150284.csv,True,False,False,1751925379.8232613,614506.281375885
300149,1751924765.3172135,1751924972.7002947,batch_consumer-sts-0_20250707_214936_150284.csv,True,False,False,1751925379.8232613,614506.0477256775
300159,1751924765.317447,1751924972.7239065,batch_consumer-sts-0_20250707_214936_150284.csv,True,False,False,1751925379.8232613,614505.8143138885
300169,1751924765.3176775,1751924972.7474997,batch_consumer-sts-0_20250707_214936_150284.csv,True,False,False,1751925379.8232613,614505.5837631226
300179,1751924765.3179047,1751924973.2296565,batch_consumer-sts-0_20250707_214936_150284.csv,True,False,False,1751925379.8232613,614505.3565502167
300189,1751924765.3181293,1751924973.2532976,batch_consumer-sts-0_20250707_214936_150284.csv,True,False,False,1751925379.8232613,614505.1319599152
300199,1751924765.3183684,1751924973.2769673,batch_consumer-sts-0_20250707_214936_150284.csv,True,False,False,1751925379.8232613,614504.8928260803
300209,1751924765.3187952,1751924973.3006124,batch_consumer-sts-0_20250707_214936_150284.csv,True,False,False,1751925379.8232613,614504.4660568237
300219,1751924765.3195984,1751924973.324248,batch_consumer-sts-0_20250707_214936_150284.csv,True,False,False,1751925379.8232613,614503.6628246307
300229,1751924765.320008,1751924973.3479812,batch_consumer-sts-0_20250707_214936_150284.csv,True,False,False,1751925379.8232613,614503.2532215118
300239,1751924765.3202848,1751924973.371972,batch_consumer-sts-0_20250707_214936_150284.csv,True,False,False,1751925379.8232613,614502.9764175415
300249,1751924765.3205285,1751924973.395754,batch_consumer-sts-0_20250707_214936_150284.csv,True,False,False,1751925379.8232613,614502.7327537537
300259,1751924765.3207705,1751924973.4194956,batch_consumer-sts-0_20250707_214936_150284.csv,True,False,False,1751925379.8232613,614502.4907588959
300269,1751924765.3210034,1751924973.4419816,batch_consumer-sts-0_20250707_214936_150284.csv,True,False,False,1751925379.8232613,614502.2578239441
300279,1751924765.321237,1751924973.465516,batch_consumer-sts-0_20250707_214936_150284.csv,True,False,False,1751925379.8232613,614502.0241737366
300289,1751924765.3214688,1751924973.4890864,batch_consumer-sts-0_20250707_214936_150284.csv,True,False,False,1751925379.8232613,614501.7924308777
300299,1751924765.3216856,1751924973.5126984,batch_consumer-sts-0_20250707_214936_150284.csv,True,False,False,1751925379.8232613,614501.5757083893
300309,1751924765.3218768,1751924973.5361638,batch_consumer-sts-0_20250707_214936_150284.csv,True,False,False,1751925379.8232613,614501.3844966888
300319,1751924765.3220751,1751924973.5598395,batch_consumer-sts-0_20250707_214936_150284.csv,True,False,False,1751925379.8232613,614501.186132431
300329,1751924765.322328,1751924973.5833411,batch_consumer-sts-0_20250707_214936_150284.csv,True,False,False,1751925379.8232613,614500.9331703186
300339,1751924765.3225653,1751924973.6068764,batch_consumer-sts-0_20250707_214936_150284.csv,True,False,False,1751925379.8232613,614500.6959438324
300349,1751924765.3228033,1751924973.630351,batch_consumer-sts-0_20250707_214936_150284.csv,True,False,False,1751925379.8232613,614500.4580020905
300359,1751924765.323039,1751924973.653855,batch_consumer-sts-0_20250707_214936_150284.csv,True,False,False,1751925379.8232613,614500.2222061157
300369,1751924765.323279,1751924973.677263,batch_consumer-sts-0_20250707_214936_150284.csv,True,False,False,1751925379.8232613,614499.9823570251
300379,1751924765.3235128,1751924973.7006118,batch_consumer-sts-0_20250707_214936_150284.csv,True,False,False,1751925379.8232613,614499.748468399
300389,1751924765.3237548,1751924973.7240424,batch_consumer-sts-0_20250707_214936_150284.csv,True,False,False,1751925379.8232613,614499.5064735413
300399,1751924765.32401,1751924973.747547,batch_consumer-sts-0_20250707_214936_150284.csv,True,False,False,1751925379.8232613,614499.2513656616
300409,1751924765.3242514,1751924973.7709727,batch_consumer-sts-0_20250707_214936_150284.csv,True,False,False,1751925379.8232613,614499.009847641
300419,1751924765.3244894,1751924973.7943835,batch_consumer-sts-0_20250707_214936_150284.csv,True,False,False,1751925379.8232613,614498.771905899
300429,1751924765.324731,1751924973.817857,batch_consumer-sts-0_20250707_214936_150284.csv,True,False,False,1751925379.8232613,614498.5301494598
300439,1751924765.3251688,1751924973.841565,batch_consumer-sts-0_20250707_214936_150284.csv,True,False,False,1751925379.8232613,614498.0924129486
300449,1751924765.3256006,1751924973.8650584,batch_consumer-sts-0_20250707_214936_150284.csv,True,False,False,1751925379.8232613,614497.6606369019
300459,1751924765.326625,1751924973.888656,batch_consumer-sts-0_20250707_214936_150284.csv,True,False,False,1751925379.8232613,614496.6361522675
300469,1751924765.3268564,1751924973.912218,batch_consumer-sts-0_20250707_214936_150284.csv,True,False,False,1751925379.8232613,614496.4048862457
300479,1751924765.3270886,1751924973.935882,batch_consumer-sts-0_20250707_214936_150284.csv,True,False,False,1751925379.8232613,614496.1726665497
300489,1751924765.3273163,1751924973.9595492,batch_consumer-sts-0_20250707_214936_150284.csv,True,False,False,1751925379.8232613,614495.9449768066
300499,1751924765.327545,1751924973.983572,batch_consumer-sts-0_20250707_214936_150284.csv,True,False,False,1751925379.8232613,614495.7163333893
300509,1751924765.327781,1751924974.0070405,batch_consumer-sts-0_20250707_214936_150284.csv,True,False,False,1751925379.8232613,614495.480298996
300519,1751924765.3280118,1751924974.0306938,batch_consumer-sts-0_20250707_214936_150284.csv,True,False,False,1751925379.8232613,614495.2495098114
300529,1751924765.3282378,1751924974.0541725,batch_consumer-sts-0_20250707_214936_150284.csv,True,False,False,1751925379.8232613,614495.0234889984
300539,1751924765.3284636,1751924974.0779445,batch_consumer-sts-0_20250707_214936_150284.csv,True,False,False,1751925379.8232613,614494.797706604
300549,1751924765.3286946,1751924974.1017678,batch_consumer-sts-0_20250707_214936_150284.csv,True,False,False,1751925379.8232613,614494.5666790009
300559,1751924765.3289254,1751924974.1255322,batch_consumer-sts-0_20250707_214936_150284.csv,True,False,False,1751925379.8232613,614494.3358898163
300569,1751924765.3291566,1751924974.1498575,batch_consumer-sts-0_20250707_214936_150284.csv,True,False,False,1751925379.8232613,614494.1046237946
300579,1751924765.3293877,1751924974.1740122,batch_consumer-sts-0_20250707_214936_150284.csv,True,False,False,1751925379.8232613,614493.8735961914
300589,1751924765.3296142,1751924974.1980658,batch_consumer-sts-0_20250707_214936_150284.csv,True,False,False,1751925379.8232613,614493.6470985413
300599,1751924765.329851,1751924974.2220252,batch_consumer-sts-0_20250707_214936_150284.csv,True,False,False,1751925379.8232613,614493.4103488922
300609,1751924765.3300874,1751924974.2454665,batch_consumer-sts-0_20250707_214936_150284.csv,True,False,False,1751925379.8232613,614493.1738376617
300619,1751924765.330327,1751924974.26906,batch_consumer-sts-0_20250707_214936_150284.csv,True,False,False,1751925379.8232613,614492.9342269897
300629,1751924765.330557,1751924974.2924776,batch_consumer-sts-0_20250707_214936_150284.csv,True,False,False,1751925379.8232613,614492.7041530609
300639,1751924765.3307908,1751924974.315799,batch_consumer-sts-0_20250707_214936_150284.csv,True,False,False,1751925379.8232613,614492.4705028534
300649,1751924765.3310227,1751924974.339883,batch_consumer-sts-0_20250707_214936_150284.csv,True,False,False,1751925379.8232613,614492.2385215759
300659,1751924765.3312654,1751924974.363463,batch_consumer-sts-0_20250707_214936_150284.csv,True,False,False,1751925379.8232613,614491.9958114624
300669,1751924765.3314989,1751924974.3867326,batch_consumer-sts-0_20250707_214936_150284.csv,True,False,False,1751925379.8232613,614491.7623996735
300679,1751924765.3317325,1751924974.4102838,batch_consumer-sts-0_20250707_214936_150284.csv,True,False,False,1751925379.8232613,614491.528749466
300689,1751924765.3319695,1751924974.4338388,batch_consumer-sts-0_20250707_214936_150284.csv,True,False,False,1751925379.8232613,614491.2917613983
300699,1751924765.3322058,1751924974.4572372,batch_consumer-sts-0_20250707_214936_150284.csv,True,False,False,1751925379.8232613,614491.0554885864
300709,1751924765.332443,1751924974.4810708,batch_consumer-sts-0_20250707_214936_150284.csv,True,False,False,1751925379.8232613,614490.8182621002
300719,1751924765.3326795,1751924974.5045986,batch_consumer-sts-0_20250707_214936_150284.csv,True,False,False,1751925379.8232613,614490.5817508698
300729,1751924765.3329155,1751924974.5281005,batch_consumer-sts-0_20250707_214936_150284.csv,True,False,False,1751925379.8232613,614490.3457164764
300739,1751924765.3331478,1751924974.5518863,batch_consumer-sts-0_20250707_214936_150284.csv,True,False,False,1751925379.8232613,614490.1134967804
300749,1751924765.3333898,1751924974.57564,batch_consumer-sts-0_20250707_214936_150284.csv,True,False,False,1751925379.8232613,614489.8715019226
300759,1751924765.3336284,1751924974.5993736,batch_consumer-sts-0_20250707_214936_150284.csv,True,False,False,1751925379.8232613,614489.6328449249
300769,1751924765.333887,1751924974.622452,batch_consumer-sts-0_20250707_214936_150284.csv,True,False,False,1751925379.8232613,614489.3741607666
300779,1751924765.3341262,1751924974.6461987,batch_consumer-sts-0_20250707_214936_150284.csv,True,False,False,1751925379.8232613,614489.1350269318
300789,1751924765.334392,1751924974.6697743,batch_consumer-sts-0_20250707_214936_150284.csv,True,False,False,1751925379.8232613,614488.8691902161
300799,1751924765.3346348,1751924974.6931422,batch_consumer-sts-0_20250707_214936_150284.csv,True,False,False,1751925379.8232613,614488.6264801025
300809,1751924765.3348742,1751924974.7164974,batch_consumer-sts-0_20250707_214936_150284.csv,True,False,False,1751925379.8232613,614488.3871078491
300819,1751924765.3351097,1751924974.739943,batch_consumer-sts-0_20250707_214936_150284.csv,True,False,False,1751925379.8232613,614488.151550293
300829,1751924765.33535,1751924974.7635596,batch_consumer-sts-0_20250707_214936_150284.csv,True,False,False,1751925379.8232613,614487.9112243652
300839,1751924765.3355963,1751924974.7870796,batch_consumer-sts-0_20250707_214936_150284.csv,True,False,False,1751925379.8232613,614487.664937973
300849,1751924765.3358352,1751924974.8105185,batch_consumer-sts-0_20250707_214936_150284.csv,True,False,False,1751925379.8232613,614487.4260425568
300859,1751924765.3360777,1751924974.8332877,batch_consumer-sts-0_20250707_214936_150284.csv,True,False,False,1751925379.8232613,614487.1835708618
300869,1751924765.3363233,1751924974.8569012,batch_consumer-sts-0_20250707_214936_150284.csv,True,False,False,1751925379.8232613,614486.9379997253
300879,1751924765.3365676,1751924974.880608,batch_consumer-sts-0_20250707_214936_150284.csv,True,False,False,1751925379.8232613,614486.6936206818
300889,1751924765.3368068,1751924974.90433,batch_consumer-sts-0_20250707_214936_150284.csv,True,False,False,1751925379.8232613,614486.4544868469
300899,1751924765.3370469,1751924974.9279184,batch_consumer-sts-0_20250707_214936_150284.csv,True,False,False,1751925379.8232613,614486.2143993378
300909,1751924765.337287,1751924974.951985,batch_consumer-sts-0_20250707_214936_150284.csv,True,False,False,1751925379.8232613,614485.9743118286
300919,1751924765.3375306,1751924974.9758556,batch_consumer-sts-0_20250707_214936_150284.csv,True,False,False,1751925379.8232613,614485.7306480408
300929,1751924765.3377795,1751924974.99957,batch_consumer-sts-0_20250707_214936_150284.csv,True,False,False,1751925379.8232613,614485.4817390442
300939,1751924765.338018,1751924975.02394,batch_consumer-sts-0_20250707_214936_150284.csv,True,False,False,1751925379.8232613,614485.2433204651
300949,1751924765.3382645,1751924975.0474508,batch_consumer-sts-0_20250707_214936_150284.csv,True,False,False,1751925379.8232613,614484.9967956543
300959,1751924765.3385048,1751924975.1054132,batch_consumer-sts-0_20250707_214936_150284.csv,True,False,False,1751925379.8232613,614484.7564697266
300969,1751924765.3387492,1751924975.128976,batch_consumer-sts-0_20250707_214936_150284.csv,True,False,False,1751925379.8232613,614484.512090683
300979,1751924765.3389926,1751924975.1525197,batch_consumer-sts-0_20250707_214936_150284.csv,True,False,False,1751925379.8232613,614484.2686653137
300989,1751924765.339233,1751924975.176124,batch_consumer-sts-0_20250707_214936_150284.csv,True,False,False,1751925379.8232613,614484.028339386
300999,1751924765.3394697,1751924975.2000003,batch_consumer-sts-0_20250707_214936_150284.csv,True,False,False,1751925379.8232613,614483.7915897369
301009,1751924765.3397086,1751924975.2235775,batch_consumer-sts-0_20250707_214936_150284.csv,True,False,False,1751925379.8232613,614483.5526943207
301019,1751924765.3399482,1751924975.2473066,batch_consumer-sts-0_20250707_214936_150284.csv,True,False,False,1751925379.8232613,614483.3130836487
301029,1751924765.3401928,1751924975.2710538,batch_consumer-sts-0_20250707_214936_150284.csv,True,False,False,1751925379.8232613,614483.0684661865
301039,1751924765.3404295,1751924975.295408,batch_consumer-sts-0_20250707_214936_150284.csv,True,False,False,1751925379.8232613,614482.8317165375
301049,1751924765.340669,1751924975.3192835,batch_consumer-sts-0_20250707_214936_150284.csv,True,False,False,1751925379.8232613,614482.592344284
301059,1751924765.3409069,1751924975.3432307,batch_consumer-sts-0_20250707_214936_150284.csv,True,False,False,1751925379.8232613,614482.3544025421
301069,1751924765.3411658,1751924975.3668926,batch_consumer-sts-0_20250707_214936_150284.csv,True,False,False,1751925379.8232613,614482.0954799652
301079,1751924765.3414004,1751924975.390594,batch_consumer-sts-0_20250707_214936_150284.csv,True,False,False,1751925379.8232613,614481.8608760834
301089,1751924765.3416429,1751924975.4141986,batch_consumer-sts-0_20250707_214936_150284.csv,True,False,False,1751925379.8232613,614481.6184043884
301099,1751924765.3418734,1751924975.437589,batch_consumer-sts-0_20250707_214936_150284.csv,True,False,False,1751925379.8232613,614481.3878536224
301109,1751924765.3421123,1751924975.4611423,batch_consumer-sts-0_20250707_214936_150284.csv,True,False,False,1751925379.8232613,614481.1489582062
301119,1751924765.342372,1751924975.4845445,batch_consumer-sts-0_20250707_214936_150284.csv,True,False,False,1751925379.8232613,614480.8893203735
301129,1751924765.3426137,1751924975.5079489,batch_consumer-sts-0_20250707_214936_150284.csv,True,False,False,1751925379.8232613,614480.6475639343
301139,1751924765.3428524,1751924975.5314918,batch_consumer-sts-0_20250707_214936_150284.csv,True,False,False,1751925379.8232613,614480.4089069366
301149,1751924765.3433063,1751924975.5549653,batch_consumer-sts-0_20250707_214936_150284.csv,True,False,False,1751925379.8232613,614479.954957962
301159,1751924765.343557,1751924975.6307883,batch_consumer-sts-0_20250707_214936_150284.csv,True,False,False,1751925379.8232613,614479.7043800354
301169,1751924765.3438056,1751924975.655559,batch_consumer-sts-0_20250707_214936_150284.csv,True,False,False,1751925379.8232613,614479.4557094574
301179,1751924765.3440452,1751924975.679734,batch_consumer-sts-0_20250707_214936_150284.csv,True,False,False,1751925379.8232613,614479.2160987854
301189,1751924765.3442862,1751924975.7036116,batch_consumer-sts-0_20250707_214936_150284.csv,True,False,False,1751925379.8232613,614478.9750576019
301199,1751924765.3445415,1751924975.727421,batch_consumer-sts-0_20250707_214936_150284.csv,True,False,False,1751925379.8232613,614478.7197113037
301209,1751924765.3447852,1751924975.751157,batch_consumer-sts-0_20250707_214936_150284.csv,True,False,False,1751925379.8232613,614478.4760475159
301219,1751924765.3450267,1751924975.7747016,batch_consumer-sts-0_20250707_214936_150284.csv,True,False,False,1751925379.8232613,614478.2345294952
301229,1751924765.3452797,1751924975.798366,batch_consumer-sts-0_20250707_214936_150284.csv,True,False,False,1751925379.8232613,614477.9815673828
301239,1751924765.345474,1751924975.8215177,batch_consumer-sts-0_20250707_214936_150284.csv,True,False,False,1751925379.8232613,614477.7872562408
301249,1751924765.345675,1751924975.8451254,batch_consumer-sts-0_20250707_214936_150284.csv,True,False,False,1751925379.8232613,614477.5862693787
301259,1751924765.3458695,1751924975.869673,batch_consumer-sts-0_20250707_214936_150284.csv,True,False,False,1751925379.8232613,614477.3917198181
301269,1751924765.3460703,1751924975.8941748,batch_consumer-sts-0_20250707_214936_150284.csv,True,False,False,1751925379.8232613,614477.1909713745
301279,1751924765.346315,1751924975.9189932,batch_consumer-sts-0_20250707_214936_150284.csv,True,False,False,1751925379.8232613,614476.9463539124
301289,1751924765.3465471,1751924976.1008394,batch_consumer-sts-0_20250707_214936_150284.csv,True,False,False,1751925379.8232613,614476.7141342163
301299,1751924765.346787,1751924976.1257615,batch_consumer-sts-0_20250707_214936_150284.csv,True,False,False,1751925379.8232613,614476.4742851257
301309,1751924765.3470232,1751924976.41529,batch_consumer-sts-0_20250707_214954_233737.csv,True,False,False,1751925379.8232613,614476.2380123138
301319,1751924765.3472574,1751924976.4401867,batch_consumer-sts-0_20250707_214954_233737.csv,True,False,False,1751925379.8232613,614476.0038852692
301329,1751924765.3474982,1751924976.4638426,batch_consumer-sts-0_20250707_214954_233737.csv,True,False,False,1751925379.8232613,614475.7630825043
301339,1751924765.3476927,1751924976.488316,batch_consumer-sts-0_20250707_214954_233737.csv,True,False,False,1751925379.8232613,614475.5685329437
301349,1751924765.3479118,1751924976.5123153,batch_consumer-sts-0_20250707_214954_233737.csv,True,False,False,1751925379.8232613,614475.3494262695
301359,1751924765.3481612,1751924976.5403874,batch_consumer-sts-0_20250707_214954_233737.csv,True,False,False,1751925379.8232613,614475.1000404358
301369,1751924765.3483987,1751924976.565199,batch_consumer-sts-0_20250707_214954_233737.csv,True,False,False,1751925379.8232613,614474.862575531
301379,1751924765.3486326,1751924976.5899494,batch_consumer-sts-0_20250707_214954_233737.csv,True,False,False,1751925379.8232613,614474.6286869049
301389,1751924765.348873,1751924976.6140018,batch_consumer-sts-0_20250707_214954_233737.csv,True,False,False,1751925379.8232613,614474.3883609772
301399,1751924765.3491058,1751924976.639097,batch_consumer-sts-0_20250707_214954_233737.csv,True,False,False,1751925379.8232613,614474.1554260254
301409,1751924765.349338,1751924976.6640186,batch_consumer-sts-0_20250707_214954_233737.csv,True,False,False,1751925379.8232613,614473.9232063293
301419,1751924765.3495696,1751924976.6886964,batch_consumer-sts-0_20250707_214954_233737.csv,True,False,False,1751925379.8232613,614473.691701889
301429,1751924765.34981,1751924976.712747,batch_consumer-sts-0_20250707_214954_233737.csv,True,False,False,1751925379.8232613,614473.4513759613
301439,1751924765.3500445,1751924976.7374291,batch_consumer-sts-0_20250707_214954_233737.csv,True,False,False,1751925379.8232613,614473.2167720795
301449,1751924765.3502908,1751924976.7621567,batch_consumer-sts-0_20250707_214954_233737.csv,True,False,False,1751925379.8232613,614472.9704856873
301459,1751924765.350531,1751924976.785794,batch_consumer-sts-0_20250707_214954_233737.csv,True,False,False,1751925379.8232613,614472.7301597595
301469,1751924765.3507683,1751924976.809802,batch_consumer-sts-0_20250707_214954_233737.csv,True,False,False,1751925379.8232613,614472.4929332733
301479,1751924765.351014,1751924976.8344655,batch_consumer-sts-0_20250707_214954_233737.csv,True,False,False,1751925379.8232613,614472.2473621368
301489,1751924765.3512435,1751924976.859288,batch_consumer-sts-0_20250707_214954_233737.csv,True,False,False,1751925379.8232613,614472.0177650452
301499,1751924765.3514786,1751924976.883286,batch_consumer-sts-0_20250707_214954_233737.csv,True,False,False,1751925379.8232613,614471.7826843262
301509,1751924765.351714,1751924977.9094265,batch_consumer-sts-0_20250707_214954_233737.csv,True,False,False,1751925379.8232613,614471.5473651886
301519,1751924765.3519468,1751924978.1204717,batch_consumer-sts-0_20250707_214954_233737.csv,True,False,False,1751925379.8232613,614471.3144302368
301529,1751924765.3521864,1751924978.1453028,batch_consumer-sts-0_20250707_214954_233737.csv,True,False,False,1751925379.8232613,614471.0748195648
301539,1751924765.3524206,1751924978.169769,batch_consumer-sts-0_20250707_214954_233737.csv,True,False,False,1751925379.8232613,614470.8406925201
301549,1751924765.352652,1751924978.194451,batch_consumer-sts-0_20250707_214954_233737.csv,True,False,False,1751925379.8232613,614470.6091880798
301559,1751924765.352882,1751924978.2183597,batch_consumer-sts-0_20250707_214954_233737.csv,True,False,False,1751925379.8232613,614470.3793525696
301569,1751924765.353119,1751924978.2431262,batch_consumer-sts-0_20250707_214954_233737.csv,True,False,False,1751925379.8232613,614470.142364502
309389,1751924765.6731894,1751924978.2675438,batch_consumer-sts-0_20250707_214954_233737.csv,True,False,False,1751925379.8232613,614150.0718593597
309399,1751924765.6734335,1751924978.292438,batch_consumer-sts-0_20250707_214954_233737.csv,True,False,False,1751925379.8232613,614149.8277187347
309409,1751924765.673669,1751924978.3153396,batch_consumer-sts-0_20250707_214954_233737.csv,True,False,False,1751925379.8232613,614149.5921611786
309419,1751924765.6739042,1751924978.3404517,batch_consumer-sts-0_20250707_214954_233737.csv,True,False,False,1751925379.8232613,614149.3570804596
309429,1751924765.674136,1751924978.3658493,batch_consumer-sts-0_20250707_214954_233737.csv,True,False,False,1751925379.8232613,614149.1253376007
309439,1751924765.674378,1751924978.3910766,batch_consumer-sts-0_20250707_214954_233737.csv,True,False,False,1751925379.8232613,614148.8833427429
309449,1751924765.6746178,1751924978.4152856,batch_consumer-sts-0_20250707_214954_233737.csv,True,False,False,1751925379.8232613,614148.6434936523
309459,1751924765.674849,1751924978.4399512,batch_consumer-sts-0_20250707_214954_233737.csv,True,False,False,1751925379.8232613,614148.4122276306
309469,1751924765.6750884,1751924978.464773,batch_consumer-sts-0_20250707_214954_233737.csv,True,False,False,1751925379.8232613,614148.1728553772
309479,1751924765.6753223,1751924978.4896305,batch_consumer-sts-0_20250707_214954_233737.csv,True,False,False,1751925379.8232613,614147.9389667511
309489,1751924765.6755545,1751924978.5139165,batch_consumer-sts-0_20250707_214954_233737.csv,True,False,False,1751925379.8232613,614147.706747055
309499,1751924765.675782,1751924978.5388331,batch_consumer-sts-0_20250707_214954_233737.csv,True,False,False,1751925379.8232613,614147.4792957306
309509,1751924765.676017,1751924978.5642903,batch_consumer-sts-0_20250707_214954_233737.csv,True,False,False,1751925379.8232613,614147.2442150116
309519,1751924765.6762247,1751924978.588922,batch_consumer-sts-0_20250707_214954_233737.csv,True,False,False,1751925379.8232613,614147.0365524292
309529,1751924765.6764045,1751924978.6127048,batch_consumer-sts-0_20250707_214954_233737.csv,True,False,False,1751925379.8232613,614146.8567848206
309539,1751924765.6766107,1751924978.637309,batch_consumer-sts-0_20250707_214954_233737.csv,True,False,False,1751925379.8232613,614146.6505527496
309549,1751924765.6768346,1751924978.661748,batch_consumer-sts-0_20250707_214954_233737.csv,True,False,False,1751925379.8232613,614146.4266777039
309559,1751924765.6770897,1751924978.686487,batch_consumer-sts-0_20250707_214954_233737.csv,True,False,False,1751925379.8232613,614146.1715698242
309569,1751924765.6773214,1751924978.7103891,batch_consumer-sts-0_20250707_214954_233737.csv,True,False,False,1751925379.8232613,614145.9398269653
309579,1751924765.6775625,1751924978.7348738,batch_consumer-sts-0_20250707_214954_233737.csv,True,False,False,1751925379.8232613,614145.6987857819
309589,1751924765.677797,1751924978.75991,batch_consumer-sts-0_20250707_214954_233737.csv,True,False,False,1751925379.8232613,614145.4641819
309599,1751924765.6780298,1751924978.7850535,batch_consumer-sts-0_20250707_214954_233737.csv,True,False,False,1751925379.8232613,614145.2314853668
309609,1751924765.6809185,1751924978.809171,batch_consumer-sts-0_20250707_214954_233737.csv,True,False,False,1751925379.8232613,614142.3428058624
309619,1751924765.6811469,1751924978.8347032,batch_consumer-sts-0_20250707_214954_233737.csv,True,False,False,1751925379.8232613,614142.1144008636
309629,1751924765.6813767,1751924978.859396,batch_consumer-sts-0_20250707_214954_233737.csv,True,False,False,1751925379.8232613,614141.8845653534
309639,1751924765.6816044,1751924978.886258,batch_consumer-sts-0_20250707_214954_233737.csv,True,False,False,1751925379.8232613,614141.6568756104
309649,1751924765.681833,1751924978.9105487,batch_consumer-sts-0_20250707_214954_233737.csv,True,False,False,1751925379.8232613,614141.428232193
309659,1751924765.6820707,1751924978.9355576,batch_consumer-sts-0_20250707_214954_233737.csv,True,False,False,1751925379.8232613,614141.1905288696
309669,1751924765.68232,1751924978.9604087,batch_consumer-sts-0_20250707_214954_233737.csv,True,False,False,1751925379.8232613,614140.9411430359
309679,1751924765.682553,1751924978.9852033,batch_consumer-sts-0_20250707_214954_233737.csv,True,False,False,1751925379.8232613,614140.7082080841
309689,1751924765.6827822,1751924979.009473,batch_consumer-sts-0_20250707_214954_233737.csv,True,False,False,1751925379.8232613,614140.4790878296
309699,1751924765.6830134,1751924979.0344856,batch_consumer-sts-0_20250707_214954_233737.csv,True,False,False,1751925379.8232613,614140.2478218079
309709,1751924765.683246,1751924979.059276,batch_consumer-sts-0_20250707_214954_233737.csv,True,False,False,1751925379.8232613,614140.0153636932
309719,1751924765.683487,1751924979.083259,batch_consumer-sts-0_20250707_214954_233737.csv,True,False,False,1751925379.8232613,614139.7743225098
309729,1751924765.6837318,1751924979.1073506,batch_consumer-sts-0_20250707_214954_233737.csv,True,False,False,1751925379.8232613,614139.529466629
309739,1751924765.6839664,1751924979.1319385,batch_consumer-sts-0_20250707_214954_233737.csv,True,False,False,1751925379.8232613,614139.2948627472
309749,1751924765.684206,1751924979.156303,batch_consumer-sts-0_20250707_214954_233737.csv,True,False,False,1751925379.8232613,614139.0552520752
309759,1751924765.6844409,1751924979.1810446,batch_consumer-sts-0_20250707_214954_233737.csv,True,False,False,1751925379.8232613,614138.8204097748
309769,1751924765.68467,1751924979.2167673,batch_consumer-sts-0_20250707_214954_233737.csv,True,False,False,1751925379.8232613,614138.5912895203
309779,1751924765.684906,1751924979.2413497,batch_consumer-sts-0_20250707_214954_233737.csv,True,False,False,1751925379.8232613,614138.355255127
309789,1751924765.6851332,1751924979.2656329,batch_consumer-sts-0_20250707_214954_233737.csv,True,False,False,1751925379.8232613,614138.1280422211
309799,1751924765.6853676,1751924979.2899222,batch_consumer-sts-0_20250707_214954_233737.csv,True,False,False,1751925379.8232613,614137.8936767578
309809,1751924765.685601,1751924979.313383,batch_consumer-sts-0_20250707_214954_233737.csv,True,False,False,1751925379.8232613,614137.6602649689
309819,1751924765.6858354,1751924979.3374894,batch_consumer-sts-0_20250707_214954_233737.csv,True,False,False,1751925379.8232613,614137.4258995056
309829,1751924765.6860738,1751924979.3624103,batch_consumer-sts-0_20250707_214954_233737.csv,True,False,False,1751925379.8232613,614137.1874809265
309839,1751924765.6863194,1751924979.3861344,batch_consumer-sts-0_20250707_214954_233737.csv,True,False,False,1751925379.8232613,614136.94190979
309849,1751924765.6865497,1751924979.4100213,batch_consumer-sts-0_20250707_214954_233737.csv,True,False,False,1751925379.8232613,614136.7115974426
309859,1751924765.6867783,1751924979.434971,batch_consumer-sts-0_20250707_214954_233737.csv,True,False,False,1751925379.8232613,614136.4829540253
309869,1751924765.6870146,1751924979.4600663,batch_consumer-sts-0_20250707_214954_233737.csv,True,False,False,1751925379.8232613,614136.2466812134
309879,1751924765.6872482,1751924979.4849,batch_consumer-sts-0_20250707_214954_233737.csv,True,False,False,1751925379.8232613,614136.0130310059
309889,1751924765.6874833,1751924979.5088246,batch_consumer-sts-0_20250707_214954_233737.csv,True,False,False,1751925379.8232613,614135.7779502869
309899,1751924765.6877153,1751924979.5334249,batch_consumer-sts-0_20250707_214954_233737.csv,True,False,False,1751925379.8232613,614135.5459690094
309909,1751924765.687953,1751924979.5579078,batch_consumer-sts-0_20250707_214954_233737.csv,True,False,False,1751925379.8232613,614135.308265686
309919,1751924765.6881847,1751924979.582713,batch_consumer-sts-0_20250707_214954_233737.csv,True,False,False,1751925379.8232613,614135.0765228271
309929,1751924765.6884189,1751924979.6065743,batch_consumer-sts-0_20250707_214954_233737.csv,True,False,False,1751925379.8232613,614134.8423957825
309939,1751924765.688653,1751924979.6309109,batch_consumer-sts-0_20250707_214954_233737.csv,True,False,False,1751925379.8232613,614134.6082687378
309949,1751924765.6888895,1751924979.6555707,batch_consumer-sts-0_20250707_214954_233737.csv,True,False,False,1751925379.8232613,614134.3717575073
309959,1751924765.6891186,1751924979.6803224,batch_consumer-sts-0_20250707_214954_233737.csv,True,False,False,1751925379.8232613,614134.1426372528
309969,1751924765.689365,1751924979.7032418,batch_consumer-sts-0_20250707_214954_233737.csv,True,False,False,1751925379.8232613,614133.8963508606
309979,1751924765.6895833,1751924979.7275565,batch_consumer-sts-0_20250707_214954_233737.csv,True,False,False,1751925379.8232613,614133.6779594421
309989,1751924765.689812,1751924979.7522712,batch_consumer-sts-0_20250707_214954_233737.csv,True,False,False,1751925379.8232613,614133.4493160248
309999,1751924765.6900132,1751924979.7766223,batch_consumer-sts-0_20250707_214954_233737.csv,True,False,False,1751925379.8232613,614133.248090744
310009,1751924765.6902475,1751924979.8012977,batch_consumer-sts-0_20250707_214954_233737.csv,True,False,False,1751925379.8232613,614133.0137252808
310019,1751924765.6904826,1751924979.8256922,batch_consumer-sts-0_20250707_214954_233737.csv,True,False,False,1751925379.8232613,614132.7786445618
310029,1751924765.690715,1751924979.850343,batch_consumer-sts-0_20250707_214954_233737.csv,True,False,False,1751925379.8232613,614132.5461864471
310039,1751924765.6909456,1751924979.8752737,batch_consumer-sts-0_20250707_214954_233737.csv,True,False,False,1751925379.8232613,614132.3156356812
310049,1751924765.6911895,1751924979.8987648,batch_consumer-sts-0_20250707_214954_233737.csv,True,False,False,1751925379.8232613,614132.0717334747
310059,1751924765.6914358,1751924979.9232855,batch_consumer-sts-0_20250707_214954_233737.csv,True,False,False,1751925379.8232613,614131.8254470825
310069,1751924765.6916711,1751924979.94796,batch_consumer-sts-0_20250707_214954_233737.csv,True,False,False,1751925379.8232613,614131.590127945
310079,1751924765.691911,1751924979.972589,batch_consumer-sts-0_20250707_214954_233737.csv,True,False,False,1751925379.8232613,614131.3502788544
310089,1751924765.6921494,1751924979.9967823,batch_consumer-sts-0_20250707_214954_233737.csv,True,False,False,1751925379.8232613,614131.1118602753
310099,1751924765.6923866,1751924980.0212038,batch_consumer-sts-0_20250707_214954_233737.csv,True,False,False,1751925379.8232613,614130.8746337891
310109,1751924765.6926258,1751924980.046459,batch_consumer-sts-0_20250707_214954_233737.csv,True,False,False,1751925379.8232613,614130.6354999542
310119,1751924765.692859,1751924980.0712209,batch_consumer-sts-0_20250707_214954_233737.csv,True,False,False,1751925379.8232613,614130.4023265839
310129,1751924765.6930957,1751924980.0957053,batch_consumer-sts-0_20250707_214954_233737.csv,True,False,False,1751925379.8232613,614130.1655769348
310139,1751924765.6933324,1751924980.1198764,batch_consumer-sts-0_20250707_214954_233737.csv,True,False,False,1751925379.8232613,614129.9288272858
310149,1751924765.693571,1751924980.1449254,batch_consumer-sts-0_20250707_214954_233737.csv,True,False,False,1751925379.8232613,614129.6901702881
310159,1751924765.693804,1751924980.1694725,batch_consumer-sts-0_20250707_214954_233737.csv,True,False,False,1751925379.8232613,614129.4572353363
310169,1751924765.6940355,1751924980.2495074,batch_consumer-sts-0_20250707_214954_233737.csv,True,False,False,1751925379.8232613,614129.225730896
310179,1751924765.69428,1751924980.2744818,batch_consumer-sts-0_20250707_214954_233737.csv,True,False,False,1751925379.8232613,614128.9813518524
310189,1751924765.6945114,1751924980.299351,batch_consumer-sts-0_20250707_214954_233737.csv,True,False,False,1751925379.8232613,614128.7498474121
310199,1751924765.694742,1751924980.322461,batch_consumer-sts-0_20250707_214954_233737.csv,True,False,False,1751925379.8232613,614128.5192966461
310209,1751924765.694975,1751924980.3471026,batch_consumer-sts-0_20250707_214954_233737.csv,True,False,False,1751925379.8232613,614128.2863616943
310219,1751924765.6952307,1751924980.3721397,batch_consumer-sts-0_20250707_214954_233737.csv,True,False,False,1751925379.8232613,614128.030538559
310229,1751924765.6955607,1751924980.3966758,batch_consumer-sts-0_20250707_214954_233737.csv,True,False,False,1751925379.8232613,614127.7005672455
310239,1751924765.6957955,1751924980.421305,batch_consumer-sts-0_20250707_214954_233737.csv,True,False,False,1751925379.8232613,614127.4657249451
310249,1751924765.6960263,1751924980.4461465,batch_consumer-sts-0_20250707_214954_233737.csv,True,False,False,1751925379.8232613,614127.2349357605
310259,1751924765.6962695,1751924980.4709084,batch_consumer-sts-0_20250707_214954_233737.csv,True,False,False,1751925379.8232613,614126.9917488098
310269,1751924765.6965077,1751924980.4958813,batch_consumer-sts-0_20250707_214954_233737.csv,True,False,False,1751925379.8232613,614126.7535686493
310279,1751924765.6967473,1751924980.5206294,batch_consumer-sts-0_20250707_214954_233737.csv,True,False,False,1751925379.8232613,614126.5139579773
310289,1751924765.6969876,1751924980.5457227,batch_consumer-sts-0_20250707_214954_233737.csv,True,False,False,1751925379.8232613,614126.2736320496
310299,1751924765.6972857,1751924980.570608,batch_consumer-sts-0_20250707_214954_233737.csv,True,False,False,1751925379.8232613,614125.9756088257
310309,1751924765.6975267,1751924980.5952384,batch_consumer-sts-0_20250707_214954_233737.csv,True,False,False,1751925379.8232613,614125.7345676422
310319,1751924765.6977637,1751924980.6194189,batch_consumer-sts-0_20250707_214954_233737.csv,True,False,False,1751925379.8232613,614125.4975795746
310329,1751924765.6980004,1751924980.6446304,batch_consumer-sts-0_20250707_214954_233737.csv,True,False,False,1751925379.8232613,614125.2608299255
310339,1751924765.6982465,1751924980.6696112,batch_consumer-sts-0_20250707_214954_233737.csv,True,False,False,1751925379.8232613,614125.0147819519
310349,1751924765.69849,1751924980.8663013,batch_consumer-sts-0_20250707_214954_233737.csv,True,False,False,1751925379.8232613,614124.7713565826
310359,1751924765.6987312,1751924980.8913202,batch_consumer-sts-0_20250707_214954_233737.csv,True,False,False,1751925379.8232613,614124.5300769806
310369,1751924765.699166,1751924980.9157636,batch_consumer-sts-0_20250707_214954_233737.csv,True,False,False,1751925379.8232613,614124.0952014923
310379,1751924765.6993942,1751924980.9409106,batch_consumer-sts-0_20250707_214954_233737.csv,True,False,False,1751925379.8232613,614123.8670349121
310389,1751924765.6997125,1751924980.9656532,batch_consumer-sts-0_20250707_214954_233737.csv,True,False,False,1751925379.8232613,614123.548746109
310399,1751924765.6999483,1751924980.9906113,batch_consumer-sts-0_20250707_214954_233737.csv,True,False,False,1751925379.8232613,614123.3129501343
310409,1751924765.7001867,1751924981.0146718,batch_consumer-sts-0_20250707_214954_233737.csv,True,False,False,1751925379.8232613,614123.0745315552
310419,1751924765.7004242,1751924981.0394056,batch_consumer-sts-0_20250707_214954_233737.csv,True,False,False,1751925379.8232613,614122.8370666504
310429,1751924765.7006583,1751924981.0642166,batch_consumer-sts-0_20250707_214954_233737.csv,True,False,False,1751925379.8232613,614122.6029396057
310439,1751924765.7008955,1751924981.0889428,batch_consumer-sts-0_20250707_214954_233737.csv,True,False,False,1751925379.8232613,614122.3657131195
310449,1751924765.7011409,1751924981.2007148,batch_consumer-sts-0_20250707_214954_233737.csv,True,False,False,1751925379.8232613,614122.1203804016
310459,1751924765.70137,1751924981.225274,batch_consumer-sts-0_20250707_214954_233737.csv,True,False,False,1751925379.8232613,614121.8912601471
310469,1751924765.7016249,1751924981.2504482,batch_consumer-sts-0_20250707_214954_233737.csv,True,False,False,1751925379.8232613,614121.636390686
310479,1751924765.7018583,1751924981.2754164,batch_consumer-sts-0_20250707_214954_233737.csv,True,False,False,1751925379.8232613,614121.4029788971
310489,1751924765.702096,1751924981.3004148,batch_consumer-sts-0_20250707_214954_233737.csv,True,False,False,1751925379.8232613,614121.1652755737
310499,1751924765.7023332,1751924981.3236816,batch_consumer-sts-0_20250707_214954_233737.csv,True,False,False,1751925379.8232613,614120.9280490875
310509,1751924765.7025738,1751924981.348364,batch_consumer-sts-0_20250707_214954_233737.csv,True,False,False,1751925379.8232613,614120.6874847412
310519,1751924765.7028053,1751924981.372111,batch_consumer-sts-0_20250707_214954_233737.csv,True,False,False,1751925379.8232613,614120.4559803009
310529,1751924765.7030425,1751924981.3970594,batch_consumer-sts-0_20250707_214954_233737.csv,True,False,False,1751925379.8232613,614120.2187538147
310539,1751924765.7032804,1751924981.421574,batch_consumer-sts-0_20250707_214954_233737.csv,True,False,False,1751925379.8232613,614119.9808120728
310549,1751924765.7035172,1751924981.4520586,batch_consumer-sts-0_20250707_214954_233737.csv,True,False,False,1751925379.8232613,614119.7440624237
310559,1751924765.7037537,1751924981.4759934,batch_consumer-sts-0_20250707_214954_233737.csv,True,False,False,1751925379.8232613,614119.5075511932
310569,1751924765.703992,1751924981.5006194,batch_consumer-sts-0_20250707_214954_233737.csv,True,False,False,1751925379.8232613,614119.2693710327
310579,1751924765.7042282,1751924981.5249534,batch_consumer-sts-0_20250707_214954_233737.csv,True,False,False,1751925379.8232613,614119.0330982208
310589,1751924765.7044575,1751924981.5494545,batch_consumer-sts-0_20250707_214954_233737.csv,True,False,False,1751925379.8232613,614118.8037395477
310599,1751924765.7046947,1751924981.5728135,batch_consumer-sts-0_20250707_214954_233737.csv,True,False,False,1751925379.8232613,614118.5665130615
310609,1751924765.7049322,1751924981.5972414,batch_consumer-sts-0_20250707_214954_233737.csv,True,False,False,1751925379.8232613,614118.3290481567
310619,1751924765.705163,1751924981.621909,batch_consumer-sts-0_20250707_214954_233737.csv,True,False,False,1751925379.8232613,614118.0982589722
310629,1751924765.7054036,1751924981.6471016,batch_consumer-sts-0_20250707_214954_233737.csv,True,False,False,1751925379.8232613,614117.8576946259
310639,1751924765.7056055,1751924981.671048,batch_consumer-sts-0_20250707_214954_233737.csv,True,False,False,1751925379.8232613,614117.6557540894
310649,1751924765.7057922,1751924981.695722,batch_consumer-sts-0_20250707_214954_233737.csv,True,False,False,1751925379.8232613,614117.4690723419
310659,1751924765.705973,1751924981.7194147,batch_consumer-sts-0_20250707_214954_233737.csv,True,False,False,1751925379.8232613,614117.288351059
310669,1751924765.706169,1751924981.7443278,batch_consumer-sts-0_20250707_214954_233737.csv,True,False,False,1751925379.8232613,614117.0923709869
310679,1751924765.706413,1751924981.768999,batch_consumer-sts-0_20250707_214954_233737.csv,True,False,False,1751925379.8232613,614116.8482303619
310689,1751924765.7066507,1751924981.793932,batch_consumer-sts-0_20250707_214954_233737.csv,True,False,False,1751925379.8232613,614116.6105270386
310699,1751924765.706883,1751924981.8177726,batch_consumer-sts-0_20250707_214954_233737.csv,True,False,False,1751925379.8232613,614116.3783073425
310709,1751924765.7071204,1751924981.8421688,batch_consumer-sts-0_20250707_214954_233737.csv,True,False,False,1751925379.8232613,614116.1408424377
310719,1751924765.7073538,1751924981.8669193,batch_consumer-sts-0_20250707_214954_233737.csv,True,False,False,1751925379.8232613,614115.9074306488
310729,1751924765.70759,1751924981.8917122,batch_consumer-sts-0_20250707_214954_233737.csv,True,False,False,1751925379.8232613,614115.6711578369
310739,1751924765.7078264,1751924981.9157453,batch_consumer-sts-0_20250707_214954_233737.csv,True,False,False,1751925379.8232613,614115.434885025
310749,1751924765.7080555,1751924981.941171,batch_consumer-sts-0_20250707_214954_233737.csv,True,False,False,1751925379.8232613,614115.2057647705
310759,1751924765.7082908,1751924981.966218,batch_consumer-sts-0_20250707_214954_233737.csv,True,False,False,1751925379.8232613,614114.9704456329
310769,1751924765.708516,1751924981.9914577,batch_consumer-sts-0_20250707_214954_233737.csv,True,False,False,1751925379.8232613,614114.7453784943
310779,1751924765.708746,1751924982.015462,batch_consumer-sts-0_20250707_214954_233737.csv,True,False,False,1751925379.8232613,614114.5153045654
310789,1751924765.7089827,1751924982.039961,batch_consumer-sts-0_20250707_214954_233737.csv,True,False,False,1751925379.8232613,614114.2785549164
310799,1751924765.7092052,1751924982.0682554,batch_consumer-sts-0_20250707_214954_233737.csv,True,False,False,1751925379.8232613,614114.0561103821
310809,1751924765.7094376,1751924982.09303,batch_consumer-sts-0_20250707_214954_233737.csv,True,False,False,1751925379.8232613,614113.8236522675
310819,1751924765.7096636,1751924982.1164596,batch_consumer-sts-0_20250707_214954_233737.csv,True,False,False,1751925379.8232613,614113.5976314545
310829,1751924765.7098968,1751924982.140539,batch_consumer-sts-0_20250707_214954_233737.csv,True,False,False,1751925379.8232613,614113.3644580841
310839,1751924765.710132,1751924982.1675706,batch_consumer-sts-0_20250707_214954_233737.csv,True,False,False,1751925379.8232613,614113.1293773651
310849,1751924765.7103796,1751924982.1922145,batch_consumer-sts-0_20250707_214954_233737.csv,True,False,False,1751925379.8232613,614112.8816604614
310859,1751924765.7106133,1751924982.21591,batch_consumer-sts-0_20250707_214954_233737.csv,True,False,False,1751925379.8232613,614112.6480102539
310869,1751924765.7108436,1751924982.240482,batch_consumer-sts-0_20250707_214954_233737.csv,True,False,False,1751925379.8232613,614112.4176979065
310879,1751924765.7110865,1751924982.265354,batch_consumer-sts-0_20250707_214954_233737.csv,True,False,False,1751925379.8232613,614112.1747493744
310889,1751924765.711321,1751924982.2903645,batch_consumer-sts-0_20250707_214954_233737.csv,True,False,False,1751925379.8232613,614111.9401454926
310899,1751924765.7115536,1751924982.3144453,batch_consumer-sts-0_20250707_214954_233737.csv,True,False,False,1751925379.8232613,614111.7076873779
310909,1751924765.7117903,1751924982.339265,batch_consumer-sts-0_20250707_214954_233737.csv,True,False,False,1751925379.8232613,614111.4709377289
310919,1751924765.7120266,1751924983.36579,batch_consumer-sts-0_20250707_214954_233737.csv,True,False,False,1751925379.8232613,614111.234664917
310929,1751924765.7122655,1751924983.6012712,batch_consumer-sts-0_20250707_214954_233737.csv,True,False,False,1751925379.8232613,614110.9957695007
310939,1751924765.7125027,1751924983.6263013,batch_consumer-sts-0_20250707_214954_233737.csv,True,False,False,1751925379.8232613,614110.7585430145
310949,1751924765.712747,1751924983.6507647,batch_consumer-sts-0_20250707_214954_233737.csv,True,False,False,1751925379.8232613,614110.514163971
310959,1751924765.7129743,1751924983.72567,batch_consumer-sts-0_20250707_214954_233737.csv,True,False,False,1751925379.8232613,614110.2869510651
326369,1751924766.1549351,1751924983.7506506,batch_consumer-sts-0_20250707_214954_233737.csv,True,False,False,1751925379.8232613,613668.3261394501
326379,1751924766.1551735,1751924983.7759783,batch_consumer-sts-0_20250707_214954_233737.csv,True,False,False,1751925379.8232613,613668.087720871
326389,1751924766.1554074,1751924983.8002095,batch_consumer-sts-0_20250707_214954_233737.csv,True,False,False,1751925379.8232613,613667.8538322449
326399,1751924766.1556337,1751924983.8243916,batch_consumer-sts-0_20250707_214954_233737.csv,True,False,False,1751925379.8232613,613667.6275730133
326409,1751924766.1558242,1751924983.8491304,batch_consumer-sts-0_20250707_214954_233737.csv,True,False,False,1751925379.8232613,613667.4370765686
326419,1751924766.1560135,1751924983.8736532,batch_consumer-sts-0_20250707_214954_233737.csv,True,False,False,1751925379.8232613,613667.2477722168
326429,1751924766.1562102,1751924983.8982716,batch_consumer-sts-0_20250707_214954_233737.csv,True,False,False,1751925379.8232613,613667.051076889
326439,1751924766.1564078,1751924983.9227145,batch_consumer-sts-0_20250707_214954_233737.csv,True,False,False,1751925379.8232613,613666.853427887
326449,1751924766.1565924,1751924983.9502378,batch_consumer-sts-0_20250707_214954_233737.csv,True,False,False,1751925379.8232613,613666.6688919067
326459,1751924766.156813,1751924983.9753149,batch_consumer-sts-0_20250707_214954_233737.csv,True,False,False,1751925379.8232613,613666.4483547211
326469,1751924766.1570697,1751924983.9993095,batch_consumer-sts-0_20250707_214954_233737.csv,True,False,False,1751925379.8232613,613666.1915779114
326479,1751924766.1573038,1751924984.0228455,batch_consumer-sts-0_20250707_214954_233737.csv,True,False,False,1751925379.8232613,613665.9574508667
326489,1751924766.1575491,1751924984.0477772,batch_consumer-sts-0_20250707_214954_233737.csv,True,False,False,1751925379.8232613,613665.7121181488
326499,1751924766.1577888,1751924984.0728345,batch_consumer-sts-0_20250707_214954_233737.csv,True,False,False,1751925379.8232613,613665.4725074768
326509,1751924766.1580265,1751924984.0974438,batch_consumer-sts-0_20250707_214954_233737.csv,True,False,False,1751925379.8232613,613665.2348041534
326519,1751924766.1582727,1751924984.1360722,batch_consumer-sts-0_20250707_214954_233737.csv,True,False,False,1751925379.8232613,613664.9885177612
326529,1751924766.1585052,1751924984.1608772,batch_consumer-sts-0_20250707_214954_233737.csv,True,False,False,1751925379.8232613,613664.7560596466
326539,1751924766.158742,1751924984.1858213,batch_consumer-sts-0_20250707_214954_233737.csv,True,False,False,1751925379.8232613,613664.5193099976
326549,1751924766.1591754,1751924984.2101114,batch_consumer-sts-0_20250707_214954_233737.csv,True,False,False,1751925379.8232613,613664.0858650208
326559,1751924766.159407,1751924984.234954,batch_consumer-sts-0_20250707_214954_233737.csv,True,False,False,1751925379.8232613,613663.8543605804
326569,1751924766.1596284,1751924984.260197,batch_consumer-sts-0_20250707_214954_233737.csv,True,False,False,1751925379.8232613,613663.6328697205
326579,1751924766.159856,1751924984.285091,batch_consumer-sts-0_20250707_214954_233737.csv,True,False,False,1751925379.8232613,613663.4051799774
326589,1751924766.1600826,1751924984.3108778,batch_consumer-sts-0_20250707_214954_233737.csv,True,False,False,1751925379.8232613,613663.1786823273
326599,1751924766.1603067,1751924984.3356235,batch_consumer-sts-0_20250707_214954_233737.csv,True,False,False,1751925379.8232613,613662.9545688629
326609,1751924766.1605313,1751924984.3607051,batch_consumer-sts-0_20250707_214954_233737.csv,True,False,False,1751925379.8232613,613662.7299785614
326619,1751924766.1607542,1751924984.3855298,batch_consumer-sts-0_20250707_214954_233737.csv,True,False,False,1751925379.8232613,613662.5070571899
326629,1751924766.160983,1751924984.409782,batch_consumer-sts-0_20250707_214954_233737.csv,True,False,False,1751925379.8232613,613662.278175354
326639,1751924766.1612186,1751924984.434581,batch_consumer-sts-0_20250707_214954_233737.csv,True,False,False,1751925379.8232613,613662.0426177979
326649,1751924766.1614573,1751924984.4598691,batch_consumer-sts-0_20250707_214954_233737.csv,True,False,False,1751925379.8232613,613661.8039608002
326659,1751924766.161697,1751924984.485063,batch_consumer-sts-0_20250707_214954_233737.csv,True,False,False,1751925379.8232613,613661.5643501282
326669,1751924766.1619303,1751924984.509398,batch_consumer-sts-0_20250707_214954_233737.csv,True,False,False,1751925379.8232613,613661.3309383392
326679,1751924766.162169,1751924984.5341263,batch_consumer-sts-0_20250707_214954_233737.csv,True,False,False,1751925379.8232613,613661.0922813416
326689,1751924766.1625695,1751924984.5591326,batch_consumer-sts-0_20250707_214954_233737.csv,True,False,False,1751925379.8232613,613660.6917381287
326699,1751924766.1627967,1751924984.5831068,batch_consumer-sts-0_20250707_214954_233737.csv,True,False,False,1751925379.8232613,613660.4645252228
326709,1751924766.164276,1751924984.6072917,batch_consumer-sts-0_20250707_214954_233737.csv,True,False,False,1751925379.8232613,613658.985376358
326719,1751924766.1645122,1751924984.6319587,batch_consumer-sts-0_20250707_214954_233737.csv,True,False,False,1751925379.8232613,613658.7491035461
326729,1751924766.16474,1751924984.6567864,batch_consumer-sts-0_20250707_214954_233737.csv,True,False,False,1751925379.8232613,613658.5211753845
326739,1751924766.164965,1751924984.6815903,batch_consumer-sts-0_20250707_214954_233737.csv,True,False,False,1751925379.8232613,613658.2963466644
326749,1751924766.165194,1751924984.7058723,batch_consumer-sts-0_20250707_214954_233737.csv,True,False,False,1751925379.8232613,613658.0672264099
326759,1751924766.1654203,1751924984.7310913,batch_consumer-sts-0_20250707_214954_233737.csv,True,False,False,1751925379.8232613,613657.8409671783
326769,1751924766.1656475,1751924984.7549076,batch_consumer-sts-0_20250707_214954_233737.csv,True,False,False,1751925379.8232613,613657.6137542725
326779,1751924766.165878,1751924984.7799132,batch_consumer-sts-0_20250707_214954_233737.csv,True,False,False,1751925379.8232613,613657.3832035065
326789,1751924766.166102,1751924984.8039389,batch_consumer-sts-0_20250707_214954_233737.csv,True,False,False,1751925379.8232613,613657.1593284607
326799,1751924766.16635,1751924984.8285987,batch_consumer-sts-0_20250707_214954_233737.csv,True,False,False,1751925379.8232613,613656.9113731384
326809,1751924766.1665764,1751924984.8540566,batch_consumer-sts-0_20250707_214954_233737.csv,True,False,False,1751925379.8232613,613656.6848754883
326819,1751924766.1668046,1751924984.8791273,batch_consumer-sts-0_20250707_214954_233737.csv,True,False,False,1751925379.8232613,613656.4567089081
326829,1751924766.1670427,1751924984.90354,batch_consumer-sts-0_20250707_214954_233737.csv,True,False,False,1751925379.8232613,613656.2185287476
326839,1751924766.167273,1751924984.9280472,batch_consumer-sts-0_20250707_214954_233737.csv,True,False,False,1751925379.8232613,613655.9882164001
326849,1751924766.1675105,1751924984.953123,batch_consumer-sts-0_20250707_214954_233737.csv,True,False,False,1751925379.8232613,613655.7507514954
326859,1751924766.1677568,1751924984.9777148,batch_consumer-sts-0_20250707_214954_233737.csv,True,False,False,1751925379.8232613,613655.5044651031
326869,1751924766.167978,1751924985.0018797,batch_consumer-sts-0_20250707_214954_233737.csv,True,False,False,1751925379.8232613,613655.2832126617
326879,1751924766.168174,1751924985.0264893,batch_consumer-sts-0_20250707_214954_233737.csv,True,False,False,1751925379.8232613,613655.0872325897
326889,1751924766.1683767,1751924985.0514889,batch_consumer-sts-0_20250707_214954_233737.csv,True,False,False,1751925379.8232613,613654.8845767975
326899,1751924766.168553,1751924985.076289,batch_consumer-sts-0_20250707_214954_233737.csv,True,False,False,1751925379.8232613,613654.708147049
326909,1751924766.1687703,1751924985.1008198,batch_consumer-sts-0_20250707_214954_233737.csv,True,False,False,1751925379.8232613,613654.4909477234
326919,1751924766.1689594,1751924985.1253655,batch_consumer-sts-0_20250707_214954_233737.csv,True,False,False,1751925379.8232613,613654.3018817902
326929,1751924766.1691515,1751924985.1502411,batch_consumer-sts-0_20250707_214954_233737.csv,True,False,False,1751925379.8232613,613654.1097164154
326939,1751924766.1693497,1751924985.1737618,batch_consumer-sts-0_20250707_214954_233737.csv,True,False,False,1751925379.8232613,613653.9115905762
326949,1751924766.169544,1751924985.1983798,batch_consumer-sts-0_20250707_214954_233737.csv,True,False,False,1751925379.8232613,613653.7172794342
326959,1751924766.1697445,1751924985.222973,batch_consumer-sts-0_20250707_214954_233737.csv,True,False,False,1751925379.8232613,613653.5167694092
326969,1751924766.170017,1751924985.248086,batch_consumer-sts-0_20250707_214954_233737.csv,True,False,False,1751925379.8232613,613653.2442569733
326979,1751924766.1702588,1751924985.2725928,batch_consumer-sts-0_20250707_214954_233737.csv,True,False,False,1751925379.8232613,613653.002500534
326989,1751924766.170499,1751924985.553365,batch_consumer-sts-0_20250707_214954_233737.csv,True,False,False,1751925379.8232613,613652.7621746063
326999,1751924766.170727,1751924985.5784876,batch_consumer-sts-0_20250707_214954_233737.csv,True,False,False,1751925379.8232613,613652.5342464447
327009,1751924766.1709542,1751924985.602742,batch_consumer-sts-0_20250707_214954_233737.csv,True,False,False,1751925379.8232613,613652.3070335388
327019,1751924766.17119,1751924985.6272848,batch_consumer-sts-0_20250707_214954_233737.csv,True,False,False,1751925379.8232613,613652.0712375641
327029,1751924766.1714258,1751924985.6509545,batch_consumer-sts-0_20250707_214954_233737.csv,True,False,False,1751925379.8232613,613651.8354415894
327039,1751924766.1716552,1751924985.6756406,batch_consumer-sts-0_20250707_214954_233737.csv,True,False,False,1751925379.8232613,613651.6060829163
327049,1751924766.171891,1751924985.7003014,batch_consumer-sts-0_20250707_214954_233737.csv,True,False,False,1751925379.8232613,613651.3702869415
327059,1751924766.172124,1751924985.726725,batch_consumer-sts-0_20250707_214954_233737.csv,True,False,False,1751925379.8232613,613651.1373519897
327069,1751924766.1723604,1751924985.7514124,batch_consumer-sts-0_20250707_214954_233737.csv,True,False,False,1751925379.8232613,613650.9008407593
327079,1751924766.172592,1751924985.7758043,batch_consumer-sts-0_20250707_214954_233737.csv,True,False,False,1751925379.8232613,613650.669336319
327089,1751924766.1734188,1751924985.800585,batch_consumer-sts-0_20250707_214954_233737.csv,True,False,False,1751925379.8232613,613649.8425006866
327099,1751924766.1739297,1751924985.869825,batch_consumer-sts-0_20250707_214954_233737.csv,True,False,False,1751925379.8232613,613649.3315696716
327109,1751924766.174466,1751924985.8949127,batch_consumer-sts-0_20250707_214954_233737.csv,True,False,False,1751925379.8232613,613648.7953662872
327119,1751924766.1749802,1751924985.9186344,batch_consumer-sts-0_20250707_214954_233737.csv,True,False,False,1751925379.8232613,613648.2810974121
327129,1751924766.1753733,1751924985.9436045,batch_consumer-sts-0_20250707_214954_233737.csv,True,False,False,1751925379.8232613,613647.8879451752
327139,1751924766.1756115,1751924985.968336,batch_consumer-sts-0_20250707_214954_233737.csv,True,False,False,1751925379.8232613,613647.6497650146
327149,1751924766.175843,1751924985.992869,batch_consumer-sts-0_20250707_214954_233737.csv,True,False,False,1751925379.8232613,613647.4182605743
327159,1751924766.1760752,1751924986.0168183,batch_consumer-sts-0_20250707_214954_233737.csv,True,False,False,1751925379.8232613,613647.1860408783
327169,1751924766.176303,1751924986.0416403,batch_consumer-sts-0_20250707_214954_233737.csv,True,False,False,1751925379.8232613,613646.9583511353
327179,1751924766.1765342,1751924986.0665154,batch_consumer-sts-0_20250707_214954_233737.csv,True,False,False,1751925379.8232613,613646.7270851135
327189,1751924766.1767733,1751924986.0911868,batch_consumer-sts-0_20250707_214954_233737.csv,True,False,False,1751925379.8232613,613646.4879512787
327199,1751924766.177009,1751924986.1151547,batch_consumer-sts-0_20250707_214954_233737.csv,True,False,False,1751925379.8232613,613646.252155304
327209,1751924766.1772425,1751924986.1398358,batch_consumer-sts-0_20250707_214954_233737.csv,True,False,False,1751925379.8232613,613646.018743515
327219,1751924766.1774726,1751924986.1642058,batch_consumer-sts-0_20250707_214954_233737.csv,True,False,False,1751925379.8232613,613645.7886695862
327229,1751924766.1777053,1751924986.188877,batch_consumer-sts-0_20250707_214954_233737.csv,True,False,False,1751925379.8232613,613645.555973053
327239,1751924766.177945,1751924986.2128046,batch_consumer-sts-0_20250707_214954_233737.csv,True,False,False,1751925379.8232613,613645.316362381
327249,1751924766.1781907,1751924986.237477,batch_consumer-sts-0_20250707_214954_233737.csv,True,False,False,1751925379.8232613,613645.0705528259
327259,1751924766.1784253,1751924986.2626352,batch_consumer-sts-0_20250707_214954_233737.csv,True,False,False,1751925379.8232613,613644.8359489441
327269,1751924766.1786623,1751924986.287331,batch_consumer-sts-0_20250707_214954_233737.csv,True,False,False,1751925379.8232613,613644.5989608765
327279,1751924766.178896,1751924986.3112729,batch_consumer-sts-0_20250707_214954_233737.csv,True,False,False,1751925379.8232613,613644.365310669
327289,1751924766.1791258,1751924986.3395753,batch_consumer-sts-0_20250707_214954_233737.csv,True,False,False,1751925379.8232613,613644.1354751587
327299,1751924766.17936,1751924986.3645277,batch_consumer-sts-0_20250707_214954_233737.csv,True,False,False,1751925379.8232613,613643.901348114
327309,1751924766.180805,1751924986.389627,batch_consumer-sts-0_20250707_214954_233737.csv,True,False,False,1751925379.8232613,613642.4562931061
327319,1751924766.181049,1751924986.4138565,batch_consumer-sts-0_20250707_214954_233737.csv,True,False,False,1751925379.8232613,613642.2121524811
327329,1751924766.181281,1751924986.438991,batch_consumer-sts-0_20250707_214954_233737.csv,True,False,False,1751925379.8232613,613641.9801712036
327339,1751924766.181498,1751924986.46451,batch_consumer-sts-0_20250707_214954_233737.csv,True,False,False,1751925379.8232613,613641.7632102966
327349,1751924766.1816916,1751924986.489481,batch_consumer-sts-0_20250707_214954_233737.csv,True,False,False,1751925379.8232613,613641.5696144104
327359,1751924766.1818864,1751924986.5134373,batch_consumer-sts-0_20250707_214954_233737.csv,True,False,False,1751925379.8232613,613641.3748264313
327369,1751924766.182091,1751924986.5382905,batch_consumer-sts-0_20250707_214954_233737.csv,True,False,False,1751925379.8232613,613641.1702632904
327379,1751924766.182351,1751924986.563284,batch_consumer-sts-0_20250707_214954_233737.csv,True,False,False,1751925379.8232613,613640.9101486206
327389,1751924766.1825848,1751924986.587341,batch_consumer-sts-0_20250707_214954_233737.csv,True,False,False,1751925379.8232613,613640.6764984131
327399,1751924766.1828177,1751924986.6116445,batch_consumer-sts-0_20250707_214954_233737.csv,True,False,False,1751925379.8232613,613640.4435634613
327409,1751924766.18515,1751924986.636557,batch_consumer-sts-0_20250707_214954_233737.csv,True,False,False,1751925379.8232613,613638.1113529205
327419,1751924766.1853886,1751924986.6610785,batch_consumer-sts-0_20250707_214954_233737.csv,True,False,False,1751925379.8232613,613637.8726959229
327429,1751924766.1856146,1751924986.6860943,batch_consumer-sts-0_20250707_214954_233737.csv,True,False,False,1751925379.8232613,613637.6466751099
327439,1751924766.1858485,1751924986.7101457,batch_consumer-sts-0_20250707_214954_233737.csv,True,False,False,1751925379.8232613,613637.4127864838
327449,1751924766.1860816,1751924986.735393,batch_consumer-sts-0_20250707_214954_233737.csv,True,False,False,1751925379.8232613,613637.1796131134
327459,1751924766.186335,1751924986.7607386,batch_consumer-sts-0_20250707_214954_233737.csv,True,False,False,1751925379.8232613,613636.9261741638
327469,1751924766.186567,1751924986.7860277,batch_consumer-sts-0_20250707_214954_233737.csv,True,False,False,1751925379.8232613,613636.6941928864
327479,1751924766.186802,1751924986.810371,batch_consumer-sts-0_20250707_214954_233737.csv,True,False,False,1751925379.8232613,613636.4593505859
327489,1751924766.1870365,1751924986.8351538,batch_consumer-sts-0_20250707_214954_233737.csv,True,False,False,1751925379.8232613,613636.2247467041
327499,1751924766.1872635,1751924986.860414,batch_consumer-sts-0_20250707_214954_233737.csv,True,False,False,1751925379.8232613,613635.9977722168
327509,1751924766.1874952,1751924986.8856044,batch_consumer-sts-0_20250707_214954_233737.csv,True,False,False,1751925379.8232613,613635.7660293579
327519,1751924766.18773,1751924986.909787,batch_consumer-sts-0_20250707_214954_233737.csv,True,False,False,1751925379.8232613,613635.5311870575
327529,1751924766.1879656,1751924986.9350078,batch_consumer-sts-0_20250707_214954_233737.csv,True,False,False,1751925379.8232613,613635.2956295013
327539,1751924766.1882014,1751924986.960446,batch_consumer-sts-0_20250707_214954_233737.csv,True,False,False,1751925379.8232613,613635.0598335266
327549,1751924766.188438,1751924986.985359,batch_consumer-sts-0_20250707_214954_233737.csv,True,False,False,1751925379.8232613,613634.8233222961
327559,1751924766.188669,1751924987.0093884,batch_consumer-sts-0_20250707_214954_233737.csv,True,False,False,1751925379.8232613,613634.592294693
327569,1751924766.1889036,1751924987.033697,batch_consumer-sts-0_20250707_214954_233737.csv,True,False,False,1751925379.8232613,613634.3576908112
327579,1751924766.1891394,1751924987.0584738,batch_consumer-sts-0_20250707_214954_233737.csv,True,False,False,1751925379.8232613,613634.1218948364
327589,1751924766.1893735,1751924987.0833158,batch_consumer-sts-0_20250707_214954_233737.csv,True,False,False,1751925379.8232613,613633.8877677917
327599,1751924766.189615,1751924987.1077597,batch_consumer-sts-0_20250707_214954_233737.csv,True,False,False,1751925379.8232613,613633.6462497711
327609,1751924766.1898465,1751924987.1317737,batch_consumer-sts-0_20250707_214954_233737.csv,True,False,False,1751925379.8232613,613633.4147453308
327619,1751924766.1900804,1751924987.1561222,batch_consumer-sts-0_20250707_214954_233737.csv,True,False,False,1751925379.8232613,613633.1808567047
327629,1751924766.1903243,1751924987.1806896,batch_consumer-sts-0_20250707_214954_233737.csv,True,False,False,1751925379.8232613,613632.9369544983
327639,1751924766.1905582,1751924987.2046251,batch_consumer-sts-0_20250707_214954_233737.csv,True,False,False,1751925379.8232613,613632.7030658722
327649,1751924766.1908002,1751924987.2286963,batch_consumer-sts-0_20250707_214954_233737.csv,True,False,False,1751925379.8232613,613632.4610710144
327659,1751924766.1910365,1751924987.2530518,batch_consumer-sts-0_20250707_214954_233737.csv,True,False,False,1751925379.8232613,613632.2247982025
327669,1751924766.191269,1751924987.2776558,batch_consumer-sts-0_20250707_214954_233737.csv,True,False,False,1751925379.8232613,613631.9923400879
327679,1751924766.1915052,1751924987.3017013,batch_consumer-sts-0_20250707_214954_233737.csv,True,False,False,1751925379.8232613,613631.756067276
327689,1751924766.1917405,1751924987.326609,batch_consumer-sts-0_20250707_214954_233737.csv,True,False,False,1751925379.8232613,613631.5207481384
327699,1751924766.1919892,1751924987.351315,batch_consumer-sts-0_20250707_214954_233737.csv,True,False,False,1751925379.8232613,613631.2720775604
327709,1751924766.192233,1751924987.3747249,batch_consumer-sts-0_20250707_214954_233737.csv,True,False,False,1751925379.8232613,613631.028175354
327719,1751924766.1924744,1751924988.4010208,batch_consumer-sts-0_20250707_214954_233737.csv,True,False,False,1751925379.8232613,613630.786895752
327729,1751924766.19271,1751924988.6517148,batch_consumer-sts-0_20250707_214954_233737.csv,True,False,False,1751925379.8232613,613630.5513381958
327739,1751924766.192947,1751924988.6765423,batch_consumer-sts-0_20250707_214954_233737.csv,True,False,False,1751925379.8232613,613630.3143501282
327749,1751924766.1931756,1751924988.7009037,batch_consumer-sts-0_20250707_214954_233737.csv,True,False,False,1751925379.8232613,613630.0857067108
327759,1751924766.1934078,1751924988.7250404,batch_consumer-sts-0_20250707_214954_233737.csv,True,False,False,1751925379.8232613,613629.8534870148
327769,1751924766.1936398,1751924988.7496305,batch_consumer-sts-0_20250707_214954_233737.csv,True,False,False,1751925379.8232613,613629.6215057373
327779,1751924766.193839,1751924988.774537,batch_consumer-sts-0_20250707_214954_233737.csv,True,False,False,1751925379.8232613,613629.4221878052
327789,1751924766.194059,1751924988.7998962,batch_consumer-sts-0_20250707_214954_233737.csv,True,False,False,1751925379.8232613,613629.2023658752
327799,1751924766.1943097,1751924988.8245237,batch_consumer-sts-0_20250707_214954_233737.csv,True,False,False,1751925379.8232613,613628.95154953
327809,1751924766.1945438,1751924988.8489387,batch_consumer-sts-0_20250707_214954_233737.csv,True,False,False,1751925379.8232613,613628.7174224854
327819,1751924766.194778,1751924988.8741872,batch_consumer-sts-0_20250707_214954_233737.csv,True,False,False,1751925379.8232613,613628.4832954407
332409,1751924766.3151884,1751924988.899346,batch_consumer-sts-0_20250707_214954_233737.csv,True,False,False,1751925379.8232613,613508.0728530884
332419,1751924766.315577,1751924988.924279,batch_consumer-sts-0_20250707_214954_233737.csv,True,False,False,1751925379.8232613,613507.6842308044
332429,1751924766.3158092,1751924988.949214,batch_consumer-sts-0_20250707_214954_233737.csv,True,False,False,1751925379.8232613,613507.4520111084
332439,1751924766.3160365,1751924988.97414,batch_consumer-sts-0_20250707_214954_233737.csv,True,False,False,1751925379.8232613,613507.2247982025
332449,1751924766.316259,1751924988.998741,batch_consumer-sts-0_20250707_214954_233737.csv,True,False,False,1751925379.8232613,613507.0023536682
332459,1751924766.316492,1751924989.0237553,batch_consumer-sts-0_20250707_214954_233737.csv,True,False,False,1751925379.8232613,613506.7691802979
332469,1751924766.3167217,1751924989.0486336,batch_consumer-sts-0_20250707_214954_233737.csv,True,False,False,1751925379.8232613,613506.5395832062
332479,1751924766.3169515,1751924989.0732474,batch_consumer-sts-0_20250707_214954_233737.csv,True,False,False,1751925379.8232613,613506.3097476959
332489,1751924766.3171852,1751924989.0977569,batch_consumer-sts-0_20250707_214954_233737.csv,True,False,False,1751925379.8232613,613506.0760974884
332499,1751924766.3174267,1751924989.122677,batch_consumer-sts-0_20250707_214954_233737.csv,True,False,False,1751925379.8232613,613505.8345794678
332509,1751924766.3176613,1751924989.1473098,batch_consumer-sts-0_20250707_214954_233737.csv,True,False,False,1751925379.8232613,613505.5999755859
332519,1751924766.3178997,1751924989.1720436,batch_consumer-sts-0_20250707_214954_233737.csv,True,False,False,1751925379.8232613,613505.3615570068
332529,1751924766.3181305,1751924989.1967409,batch_consumer-sts-0_20250707_214954_233737.csv,True,False,False,1751925379.8232613,613505.1307678223
332539,1751924766.318381,1751924989.2209373,batch_consumer-sts-0_20250707_214954_233737.csv,True,False,False,1751925379.8232613,613504.8801898956
332549,1751924766.318617,1751924989.2458718,batch_consumer-sts-0_20250707_214954_233737.csv,True,False,False,1751925379.8232613,613504.6441555023
332559,1751924766.3188598,1751924989.2706726,batch_consumer-sts-0_20250707_214954_233737.csv,True,False,False,1751925379.8232613,613504.4014453888
332569,1751924766.3190928,1751924989.2955632,batch_consumer-sts-0_20250707_214954_233737.csv,True,False,False,1751925379.8232613,613504.168510437
332579,1751924766.3193295,1751924989.319805,batch_consumer-sts-0_20250707_214954_233737.csv,True,False,False,1751925379.8232613,613503.931760788
332589,1751924766.319718,1751924989.344344,batch_consumer-sts-0_20250707_214954_233737.csv,True,False,False,1751925379.8232613,613503.5433769226
332599,1751924766.3200915,1751924989.3721137,batch_consumer-sts-0_20250707_214954_233737.csv,True,False,False,1751925379.8232613,613503.1697750092
332609,1751924766.3204503,1751924989.396002,batch_consumer-sts-0_20250707_214954_233737.csv,True,False,False,1751925379.8232613,613502.8109550476
332619,1751924766.3206773,1751924989.4199998,batch_consumer-sts-0_20250707_214954_233737.csv,True,False,False,1751925379.8232613,613502.5839805603
332629,1751924766.3209035,1751924989.44466,batch_consumer-sts-0_20250707_214954_233737.csv,True,False,False,1751925379.8232613,613502.3577213287
332639,1751924766.321133,1751924989.4692,batch_consumer-sts-0_20250707_214954_233737.csv,True,False,False,1751925379.8232613,613502.1283626556
332649,1751924766.321367,1751924989.493761,batch_consumer-sts-0_20250707_214954_233737.csv,True,False,False,1751925379.8232613,613501.894235611
332659,1751924766.321594,1751924989.5180738,batch_consumer-sts-0_20250707_214954_233737.csv,True,False,False,1751925379.8232613,613501.6672611237
332669,1751924766.3218224,1751924989.5429845,batch_consumer-sts-0_20250707_214954_233737.csv,True,False,False,1751925379.8232613,613501.4388561249
332679,1751924766.322008,1751924989.567809,batch_consumer-sts-0_20250707_214954_233737.csv,True,False,False,1751925379.8232613,613501.2533664703
332689,1751924766.3222306,1751924989.5931282,batch_consumer-sts-0_20250707_214954_233737.csv,True,False,False,1751925379.8232613,613501.0306835175
332699,1751924766.322454,1751924989.6174004,batch_consumer-sts-0_20250707_214954_233737.csv,True,False,False,1751925379.8232613,613500.8072853088
332709,1751924766.322685,1751924989.642576,batch_consumer-sts-0_20250707_214954_233737.csv,True,False,False,1751925379.8232613,613500.5762577057
332719,1751924766.3229249,1751924989.6675506,batch_consumer-sts-0_20250707_214954_233737.csv,True,False,False,1751925379.8232613,613500.3364086151
332729,1751924766.323157,1751924989.6927075,batch_consumer-sts-0_20250707_214954_233737.csv,True,False,False,1751925379.8232613,613500.1041889191
332739,1751924766.323405,1751924989.7173057,batch_consumer-sts-0_20250707_214954_233737.csv,True,False,False,1751925379.8232613,613499.8562335968
332749,1751924766.3236098,1751924989.742056,batch_consumer-sts-0_20250707_214954_233737.csv,True,False,False,1751925379.8232613,613499.6514320374
332759,1751924766.3238006,1751924989.7668924,batch_consumer-sts-0_20250707_214954_233737.csv,True,False,False,1751925379.8232613,613499.4606971741
332769,1751924766.3239906,1751924989.7918112,batch_consumer-sts-0_20250707_214954_233737.csv,True,False,False,1751925379.8232613,613499.2706775665
332779,1751924766.3241887,1751924989.8160129,batch_consumer-sts-0_20250707_214954_233737.csv,True,False,False,1751925379.8232613,613499.0725517273
332789,1751924766.3243904,1751924989.8403957,batch_consumer-sts-0_20250707_214954_233737.csv,True,False,False,1751925379.8232613,613498.8708496094
332799,1751924766.324623,1751924989.8650362,batch_consumer-sts-0_20250707_214954_233737.csv,True,False,False,1751925379.8232613,613498.6381530762
332809,1751924766.3248675,1751924989.8893926,batch_consumer-sts-0_20250707_214954_233737.csv,True,False,False,1751925379.8232613,613498.3937740326
332819,1751924766.3251076,1751924989.91327,batch_consumer-sts-0_20250707_214954_233737.csv,True,False,False,1751925379.8232613,613498.1536865234
332829,1751924766.3253484,1751924989.938048,batch_consumer-sts-0_20250707_214954_233737.csv,True,False,False,1751925379.8232613,613497.9128837585
332839,1751924766.325591,1751924989.9626875,batch_consumer-sts-0_20250707_214954_233737.csv,True,False,False,1751925379.8232613,613497.670173645
332849,1751924766.3258305,1751924989.9874165,batch_consumer-sts-0_20250707_214954_233737.csv,True,False,False,1751925379.8232613,613497.4308013916
332859,1751924766.326074,1751924990.0116706,batch_consumer-sts-0_20250707_214954_233737.csv,True,False,False,1751925379.8232613,613497.1873760223
332869,1751924766.3263264,1751924990.036357,batch_consumer-sts-0_20250707_214954_233737.csv,True,False,False,1751925379.8232613,613496.9348907471
332879,1751924766.3265643,1751924990.060978,batch_consumer-sts-0_20250707_214954_233737.csv,True,False,False,1751925379.8232613,613496.6969490051
332889,1751924766.3267975,1751924990.0851216,batch_consumer-sts-0_20250707_214954_233737.csv,True,False,False,1751925379.8232613,613496.4637756348
332899,1751924766.3270347,1751924990.1095414,batch_consumer-sts-0_20250707_214954_233737.csv,True,False,False,1751925379.8232613,613496.2265491486
332909,1751924766.3272655,1751924990.1344378,batch_consumer-sts-0_20250707_214954_233737.csv,True,False,False,1751925379.8232613,613495.995759964
332919,1751924766.3275075,1751924990.1595838,batch_consumer-sts-0_20250707_214954_233737.csv,True,False,False,1751925379.8232613,613495.7537651062
332929,1751924766.3277428,1751924990.1846976,batch_consumer-sts-0_20250707_214954_233737.csv,True,False,False,1751925379.8232613,613495.5184459686
332939,1751924766.3279762,1751924990.209599,batch_consumer-sts-0_20250707_214954_233737.csv,True,False,False,1751925379.8232613,613495.2850341797
332949,1751924766.3282092,1751924990.2343254,batch_consumer-sts-0_20250707_214954_233737.csv,True,False,False,1751925379.8232613,613495.0520992279
332959,1751924766.3284423,1751924990.2590272,batch_consumer-sts-0_20250707_214954_233737.csv,True,False,False,1751925379.8232613,613494.8189258575
332969,1751924766.328681,1751924990.283981,batch_consumer-sts-0_20250707_214954_233737.csv,True,False,False,1751925379.8232613,613494.5802688599
332979,1751924766.328917,1751924990.3089097,batch_consumer-sts-0_20250707_214954_233737.csv,True,False,False,1751925379.8232613,613494.3442344666
332989,1751924766.3291545,1751924990.333908,batch_consumer-sts-0_20250707_214954_233737.csv,True,False,False,1751925379.8232613,613494.1067695618
332999,1751924766.3293786,1751924990.3586812,batch_consumer-sts-0_20250707_214954_233737.csv,True,False,False,1751925379.8232613,613493.8826560974
333009,1751924766.3296108,1751924990.3839812,batch_consumer-sts-0_20250707_214954_233737.csv,True,False,False,1751925379.8232613,613493.6504364014
333019,1751924766.329852,1751924990.408842,batch_consumer-sts-0_20250707_214954_233737.csv,True,False,False,1751925379.8232613,613493.4091567993
333029,1751924766.3300953,1751924990.4718237,batch_consumer-sts-0_20250707_214954_233737.csv,True,False,False,1751925379.8232613,613493.1659698486
333039,1751924766.3303385,1751924990.4966393,batch_consumer-sts-0_20250707_214954_233737.csv,True,False,False,1751925379.8232613,613492.922782898
333049,1751924766.3305802,1751924990.5213904,batch_consumer-sts-0_20250707_214954_233737.csv,True,False,False,1751925379.8232613,613492.6810264587
333059,1751924766.3308153,1751924990.5465322,batch_consumer-sts-0_20250707_214954_233737.csv,True,False,False,1751925379.8232613,613492.4459457397
333069,1751924766.3310504,1751924990.5717585,batch_consumer-sts-0_20250707_214954_233737.csv,True,False,False,1751925379.8232613,613492.2108650208
333079,1751924766.331289,1751924990.5974193,batch_consumer-sts-0_20250707_214954_233737.csv,True,False,False,1751925379.8232613,613491.9722080231
333089,1751924766.3315349,1751924990.6228316,batch_consumer-sts-0_20250707_214954_233737.csv,True,False,False,1751925379.8232613,613491.726398468
333099,1751924766.331769,1751924990.6478355,batch_consumer-sts-0_20250707_214954_233737.csv,True,False,False,1751925379.8232613,613491.4922714233
333109,1751924766.3320107,1751924990.6736524,batch_consumer-sts-0_20250707_214954_233737.csv,True,False,False,1751925379.8232613,613491.2505149841
333119,1751924766.332244,1751924990.6989632,batch_consumer-sts-0_20250707_214954_233737.csv,True,False,False,1751925379.8232613,613491.0173416138
333129,1751924766.332474,1751924990.7772272,batch_consumer-sts-0_20250707_214954_233737.csv,True,False,False,1751925379.8232613,613490.7872676849
333139,1751924766.3327093,1751924990.8020313,batch_consumer-sts-0_20250707_214954_233737.csv,True,False,False,1751925379.8232613,613490.5519485474
333149,1751924766.3329449,1751924990.8268137,batch_consumer-sts-0_20250707_214954_233737.csv,True,False,False,1751925379.8232613,613490.3163909912
333159,1751924766.333177,1751924990.8515904,batch_consumer-sts-0_20250707_214954_233737.csv,True,False,False,1751925379.8232613,613490.0841712952
333169,1751924766.333413,1751924990.876273,batch_consumer-sts-0_20250707_214954_233737.csv,True,False,False,1751925379.8232613,613489.8483753204
333179,1751924766.3336484,1751924990.9007924,batch_consumer-sts-0_20250707_214954_233737.csv,True,False,False,1751925379.8232613,613489.6128177643
333189,1751924766.333883,1751924990.9753706,batch_consumer-sts-0_20250707_214954_233737.csv,True,False,False,1751925379.8232613,613489.3782138824
333199,1751924766.3341146,1751924990.999756,batch_consumer-sts-0_20250707_214954_233737.csv,True,False,False,1751925379.8232613,613489.1467094421
333209,1751924766.3343544,1751924991.0244048,batch_consumer-sts-0_20250707_214954_233737.csv,True,False,False,1751925379.8232613,613488.9068603516
333219,1751924766.334597,1751924991.049619,batch_consumer-sts-0_20250707_214954_233737.csv,True,False,False,1751925379.8232613,613488.664150238
333229,1751924766.3348334,1751924991.0742588,batch_consumer-sts-0_20250707_214954_233737.csv,True,False,False,1751925379.8232613,613488.4278774261
333239,1751924766.335068,1751924991.099039,batch_consumer-sts-0_20250707_214954_233737.csv,True,False,False,1751925379.8232613,613488.1932735443
333249,1751924766.3353074,1751924991.1236043,batch_consumer-sts-0_20250707_214954_233737.csv,True,False,False,1751925379.8232613,613487.9539012909
333259,1751924766.3357334,1751924991.148276,batch_consumer-sts-0_20250707_214954_233737.csv,True,False,False,1751925379.8232613,613487.52784729
333269,1751924766.3359616,1751924991.172556,batch_consumer-sts-0_20250707_214954_233737.csv,True,False,False,1751925379.8232613,613487.2996807098
333279,1751924766.3361924,1751924991.1974852,batch_consumer-sts-0_20250707_214954_233737.csv,True,False,False,1751925379.8232613,613487.0688915253
333289,1751924766.336419,1751924991.2223153,batch_consumer-sts-0_20250707_214954_233737.csv,True,False,False,1751925379.8232613,613486.8421554565
333299,1751924766.3366115,1751924991.247448,batch_consumer-sts-0_20250707_214954_233737.csv,True,False,False,1751925379.8232613,613486.6497516632
333309,1751924766.3368018,1751924991.2736802,batch_consumer-sts-0_20250707_214954_233737.csv,True,False,False,1751925379.8232613,613486.4594936371
333319,1751924766.336993,1751924991.2982323,batch_consumer-sts-0_20250707_214954_233737.csv,True,False,False,1751925379.8232613,613486.2682819366
333329,1751924766.3372014,1751924991.3219748,batch_consumer-sts-0_20250707_214954_233737.csv,True,False,False,1751925379.8232613,613486.0599040985
333339,1751924766.3374095,1751924991.3471406,batch_consumer-sts-0_20250707_214954_233737.csv,True,False,False,1751925379.8232613,613485.851764679
333349,1751924766.3376577,1751924991.372026,batch_consumer-sts-0_20250707_214954_233737.csv,True,False,False,1751925379.8232613,613485.6035709381
333359,1751924766.3381865,1751924991.397059,batch_consumer-sts-0_20250707_214954_233737.csv,True,False,False,1751925379.8232613,613485.0747585297
333369,1751924766.3384235,1751924991.4220245,batch_consumer-sts-0_20250707_214954_233737.csv,True,False,False,1751925379.8232613,613484.837770462
333379,1751924766.3386562,1751924991.4471877,batch_consumer-sts-0_20250707_214954_233737.csv,True,False,False,1751925379.8232613,613484.6050739288
333389,1751924766.3388908,1751924991.4721618,batch_consumer-sts-0_20250707_214954_233737.csv,True,False,False,1751925379.8232613,613484.370470047
333399,1751924766.339122,1751924991.4976182,batch_consumer-sts-0_20250707_214954_233737.csv,True,False,False,1751925379.8232613,613484.1392040253
333409,1751924766.3393593,1751924991.5223615,batch_consumer-sts-0_20250707_214954_233737.csv,True,False,False,1751925379.8232613,613483.9019775391
333419,1751924766.3395982,1751924991.5474236,batch_consumer-sts-0_20250707_214954_233737.csv,True,False,False,1751925379.8232613,613483.6630821228
333429,1751924766.3402815,1751924991.5726368,batch_consumer-sts-0_20250707_214954_233737.csv,True,False,False,1751925379.8232613,613482.9797744751
333439,1751924766.3405204,1751924991.5974903,batch_consumer-sts-0_20250707_214954_233737.csv,True,False,False,1751925379.8232613,613482.7408790588
333449,1751924766.3407516,1751924991.6233945,batch_consumer-sts-0_20250707_214954_233737.csv,True,False,False,1751925379.8232613,613482.5096130371
333459,1751924766.3409755,1751924991.648591,batch_consumer-sts-0_20250707_214954_233737.csv,True,False,False,1751925379.8232613,613482.2857379913
333469,1751924766.3412054,1751924991.6735475,batch_consumer-sts-0_20250707_214954_233737.csv,True,False,False,1751925379.8232613,613482.0559024811
333479,1751924766.341435,1751924991.698814,batch_consumer-sts-0_20250707_214954_233737.csv,True,False,False,1751925379.8232613,613481.8263053894
333489,1751924766.3416672,1751924991.723549,batch_consumer-sts-0_20250707_214954_233737.csv,True,False,False,1751925379.8232613,613481.5940856934
333499,1751924766.3418968,1751924991.748635,batch_consumer-sts-0_20250707_214954_233737.csv,True,False,False,1751925379.8232613,613481.3644886017
333509,1751924766.342127,1751924991.7735603,batch_consumer-sts-0_20250707_214954_233737.csv,True,False,False,1751925379.8232613,613481.1341762543
333519,1751924766.3423674,1751924991.7991056,batch_consumer-sts-0_20250707_214954_233737.csv,True,False,False,1751925379.8232613,613480.8938503265
333529,1751924766.3425992,1751924991.8236394,batch_consumer-sts-0_20250707_214954_233737.csv,True,False,False,1751925379.8232613,613480.6621074677
333539,1751924766.342828,1751924991.8487277,batch_consumer-sts-0_20250707_214954_233737.csv,True,False,False,1751925379.8232613,613480.4332256317
333549,1751924766.343064,1751924991.8734565,batch_consumer-sts-0_20250707_214954_233737.csv,True,False,False,1751925379.8232613,613480.1971912384
333559,1751924766.3432927,1751924991.8981743,batch_consumer-sts-0_20250707_214954_233737.csv,True,False,False,1751925379.8232613,613479.968547821
333569,1751924766.3435278,1751924991.9228983,batch_consumer-sts-0_20250707_214954_233737.csv,True,False,False,1751925379.8232613,613479.733467102
333579,1751924766.3437648,1751924991.9475017,batch_consumer-sts-0_20250707_214954_233737.csv,True,False,False,1751925379.8232613,613479.4964790344
333589,1751924766.343995,1751924991.9723835,batch_consumer-sts-0_20250707_214954_233737.csv,True,False,False,1751925379.8232613,613479.266166687
333599,1751924766.3442235,1751924991.9973843,batch_consumer-sts-0_20250707_214954_233737.csv,True,False,False,1751925379.8232613,613479.0377616882
333609,1751924766.344453,1751924992.0231726,batch_consumer-sts-0_20250707_214954_233737.csv,True,False,False,1751925379.8232613,613478.8081645966
333619,1751924766.344689,1751924992.0480168,batch_consumer-sts-0_20250707_214954_233737.csv,True,False,False,1751925379.8232613,613478.5723686218
333629,1751924766.3449285,1751924992.0724945,batch_consumer-sts-0_20250707_214954_233737.csv,True,False,False,1751925379.8232613,613478.3327579498
333639,1751924766.345158,1751924992.0975025,batch_consumer-sts-0_20250707_214954_233737.csv,True,False,False,1751925379.8232613,613478.1031608582
333649,1751924766.345396,1751924992.1217916,batch_consumer-sts-0_20250707_214954_233737.csv,True,False,False,1751925379.8232613,613477.8652191162
333659,1751924766.345626,1751924992.1465385,batch_consumer-sts-0_20250707_214954_233737.csv,True,False,False,1751925379.8232613,613477.6351451874
333669,1751924766.345863,1751924992.1715026,batch_consumer-sts-0_20250707_214954_233737.csv,True,False,False,1751925379.8232613,613477.3981571198
333679,1751924766.346096,1751924992.1964867,batch_consumer-sts-0_20250707_214954_233737.csv,True,False,False,1751925379.8232613,613477.165222168
333689,1751924766.3463287,1751924992.2211022,batch_consumer-sts-0_20250707_214954_233737.csv,True,False,False,1751925379.8232613,613476.9325256348
333699,1751924766.3465693,1751924992.2459698,batch_consumer-sts-0_20250707_214954_233737.csv,True,False,False,1751925379.8232613,613476.6919612885
333709,1751924766.3468072,1751924992.2727296,batch_consumer-sts-0_20250707_214954_233737.csv,True,False,False,1751925379.8232613,613476.4540195465
333719,1751924766.3470423,1751924992.2982645,batch_consumer-sts-0_20250707_214954_233737.csv,True,False,False,1751925379.8232613,613476.2189388275
333729,1751924766.3472846,1751924992.3224776,batch_consumer-sts-0_20250707_214954_233737.csv,True,False,False,1751925379.8232613,613475.9767055511
333739,1751924766.3475251,1751924992.346972,batch_consumer-sts-0_20250707_214954_233737.csv,True,False,False,1751925379.8232613,613475.7361412048
333749,1751924766.347766,1751924992.3718429,batch_consumer-sts-0_20250707_214954_233737.csv,True,False,False,1751925379.8232613,613475.4953384399
333759,1751924766.348007,1751924992.3967483,batch_consumer-sts-0_20250707_214954_233737.csv,True,False,False,1751925379.8232613,613475.2542972565
333769,1751924766.3482382,1751924992.4215567,batch_consumer-sts-0_20250707_214954_233737.csv,True,False,False,1751925379.8232613,613475.0230312347
333779,1751924766.348425,1751924992.4466648,batch_consumer-sts-0_20250707_214954_233737.csv,True,False,False,1751925379.8232613,613474.8363494873
333789,1751924766.348635,1751924992.4719603,batch_consumer-sts-0_20250707_214954_233737.csv,True,False,False,1751925379.8232613,613474.6263027191
333799,1751924766.348833,1751924992.496914,batch_consumer-sts-0_20250707_214954_233737.csv,True,False,False,1751925379.8232613,613474.4281768799
333809,1751924766.34902,1751924992.5216343,batch_consumer-sts-0_20250707_214954_233737.csv,True,False,False,1751925379.8232613,613474.2412567139
333819,1751924766.3492064,1751924992.54648,batch_consumer-sts-0_20250707_214954_233737.csv,True,False,False,1751925379.8232613,613474.054813385
333829,1751924766.3493905,1751924992.570788,batch_consumer-sts-0_20250707_214954_233737.csv,True,False,False,1751925379.8232613,613473.870754242
333839,1751924766.349579,1751924992.5952592,batch_consumer-sts-0_20250707_214954_233737.csv,True,False,False,1751925379.8232613,613473.6821651459
333849,1751924766.3497832,1751924992.6192968,batch_consumer-sts-0_20250707_214954_233737.csv,True,False,False,1751925379.8232613,613473.4780788422
333859,1751924766.349975,1751924992.6440833,batch_consumer-sts-0_20250707_214954_233737.csv,True,False,False,1751925379.8232613,613473.286151886
333869,1751924766.3501778,1751924992.6685054,batch_consumer-sts-0_20250707_214954_233737.csv,True,False,False,1751925379.8232613,613473.0834960938
333879,1751924766.350428,1751924992.6926515,batch_consumer-sts-0_20250707_214954_233737.csv,True,False,False,1751925379.8232613,613472.8331565857
333889,1751924766.350655,1751924992.716555,batch_consumer-sts-0_20250707_214954_233737.csv,True,False,False,1751925379.8232613,613472.6061820984
333899,1751924766.3508842,1751924993.7427535,batch_consumer-sts-0_20250707_214954_233737.csv,True,False,False,1751925379.8232613,613472.3770618439
333909,1751924766.3511176,1751924993.7674668,batch_consumer-sts-0_20250707_214954_233737.csv,True,False,False,1751925379.8232613,613472.1436500549
333919,1751924766.3513474,1751924993.7923412,batch_consumer-sts-0_20250707_214954_233737.csv,True,False,False,1751925379.8232613,613471.9138145447
333929,1751924766.3515835,1751924993.8161087,batch_consumer-sts-0_20250707_214954_233737.csv,True,False,False,1751925379.8232613,613471.6777801514
333939,1751924766.3518188,1751924993.8406377,batch_consumer-sts-0_20250707_214954_233737.csv,True,False,False,1751925379.8232613,613471.4424610138
333949,1751924766.3520544,1751924993.8655863,batch_consumer-sts-0_20250707_214954_233737.csv,True,False,False,1751925379.8232613,613471.2069034576
333959,1751924766.3523016,1751924993.8903656,batch_consumer-sts-0_20250707_214954_233737.csv,True,False,False,1751925379.8232613,613470.9596633911
333969,1751924766.3525271,1751924993.9145434,batch_consumer-sts-0_20250707_214954_233737.csv,True,False,False,1751925379.8232613,613470.7341194153
333979,1751924766.352768,1751924993.9393032,batch_consumer-sts-0_20250707_214954_233737.csv,True,False,False,1751925379.8232613,613470.4933166504
333989,1751924766.3530066,1751924993.9644394,batch_consumer-sts-0_20250707_214954_233737.csv,True,False,False,1751925379.8232613,613470.2546596527
333999,1751924766.3532348,1751924993.989079,batch_consumer-sts-0_20250707_214954_233737.csv,True,False,False,1751925379.8232613,613470.0264930725
334009,1751924766.3534644,1751924994.0128808,batch_consumer-sts-0_20250707_214954_233737.csv,True,False,False,1751925379.8232613,613469.7968959808
334019,1751924766.3536935,1751924994.037674,batch_consumer-sts-0_20250707_214954_233737.csv,True,False,False,1751925379.8232613,613469.5677757263
334029,1751924766.3542006,1751924994.0622168,batch_consumer-sts-0_20250707_214954_233737.csv,True,False,False,1751925379.8232613,613469.0606594086
334039,1751924766.3547108,1751924994.0866046,batch_consumer-sts-0_20250707_214954_233737.csv,True,False,False,1751925379.8232613,613468.5504436493
334049,1751924766.355109,1751924994.1105134,batch_consumer-sts-0_20250707_214954_233737.csv,True,False,False,1751925379.8232613,613468.1522846222
345659,1751924766.6759512,1751924994.1352224,batch_consumer-sts-0_20250707_214954_233737.csv,True,False,False,1751925379.8232613,613147.3100185394
345669,1751924766.676186,1751924994.159817,batch_consumer-sts-0_20250707_214954_233737.csv,True,False,False,1751925379.8232613,613147.075176239
345679,1751924766.6765857,1751924994.1847146,batch_consumer-sts-0_20250707_214954_233737.csv,True,False,False,1751925379.8232613,613146.6755867004
345689,1751924766.6768196,1751924994.208713,batch_consumer-sts-0_20250707_214954_233737.csv,True,False,False,1751925379.8232613,613146.4416980743
345699,1751924766.677355,1751924994.5200825,batch_consumer-sts-0_20250707_215012_034710.csv,True,False,False,1751925379.8232613,613145.9062099457
345709,1751924766.6775854,1751924994.5445566,batch_consumer-sts-0_20250707_215012_034710.csv,True,False,False,1751925379.8232613,613145.6758975983
345719,1751924766.6778111,1751924994.569733,batch_consumer-sts-0_20250707_215012_034710.csv,True,False,False,1751925379.8232613,613145.4501152039
345729,1751924766.678042,1751924994.5951145,batch_consumer-sts-0_20250707_215012_034710.csv,True,False,False,1751925379.8232613,613145.2193260193
345739,1751924766.6782806,1751924994.618734,batch_consumer-sts-0_20250707_215012_034710.csv,True,False,False,1751925379.8232613,613144.9806690216
345749,1751924766.6785116,1751924994.643122,batch_consumer-sts-0_20250707_215012_034710.csv,True,False,False,1751925379.8232613,613144.7496414185
345759,1751924766.6787412,1751924994.667524,batch_consumer-sts-0_20250707_215012_034710.csv,True,False,False,1751925379.8232613,613144.5200443268
345769,1751924766.6789684,1751924994.6920364,batch_consumer-sts-0_20250707_215012_034710.csv,True,False,False,1751925379.8232613,613144.2928314209
345779,1751924766.6791997,1751924994.7159767,batch_consumer-sts-0_20250707_215012_034710.csv,True,False,False,1751925379.8232613,613144.0615653992
345789,1751924766.6794343,1751924994.740492,batch_consumer-sts-0_20250707_215012_034710.csv,True,False,False,1751925379.8232613,613143.8269615173
345799,1751924766.6796813,1751924994.7656586,batch_consumer-sts-0_20250707_215012_034710.csv,True,False,False,1751925379.8232613,613143.5799598694
345809,1751924766.6799135,1751924994.7905085,batch_consumer-sts-0_20250707_215012_034710.csv,True,False,False,1751925379.8232613,613143.3477401733
345819,1751924766.6804707,1751924994.8146052,batch_consumer-sts-0_20250707_215012_034710.csv,True,False,False,1751925379.8232613,613142.790555954
345829,1751924766.6806984,1751924994.8394167,batch_consumer-sts-0_20250707_215012_034710.csv,True,False,False,1751925379.8232613,613142.5628662109
345839,1751924766.6809256,1751924995.1104262,batch_consumer-sts-0_20250707_215012_034710.csv,True,False,False,1751925379.8232613,613142.335653305
345849,1751924766.6811512,1751924995.134017,batch_consumer-sts-0_20250707_215012_034710.csv,True,False,False,1751925379.8232613,613142.1101093292
345859,1751924766.6813722,1751924995.1588628,batch_consumer-sts-0_20250707_215012_034710.csv,True,False,False,1751925379.8232613,613141.8890953064
345869,1751924766.6816075,1751924995.18337,batch_consumer-sts-0_20250707_215012_034710.csv,True,False,False,1751925379.8232613,613141.6537761688
345879,1751924766.6818364,1751924995.2075708,batch_consumer-sts-0_20250707_215012_034710.csv,True,False,False,1751925379.8232613,613141.4248943329
345889,1751924766.682067,1751924995.2324572,batch_consumer-sts-0_20250707_215012_034710.csv,True,False,False,1751925379.8232613,613141.1943435669
345899,1751924766.6823018,1751924995.2569475,batch_consumer-sts-0_20250707_215012_034710.csv,True,False,False,1751925379.8232613,613140.9595012665
345909,1751924766.682528,1751924995.2815166,batch_consumer-sts-0_20250707_215012_034710.csv,True,False,False,1751925379.8232613,613140.7332420349
345919,1751924766.682761,1751924995.3057578,batch_consumer-sts-0_20250707_215012_034710.csv,True,False,False,1751925379.8232613,613140.5003070831
345929,1751924766.682999,1751924995.3299255,batch_consumer-sts-0_20250707_215012_034710.csv,True,False,False,1751925379.8232613,613140.2623653412
345939,1751924766.6832316,1751924995.354703,batch_consumer-sts-0_20250707_215012_034710.csv,True,False,False,1751925379.8232613,613140.029668808
345949,1751924766.6834602,1751924995.3792665,batch_consumer-sts-0_20250707_215012_034710.csv,True,False,False,1751925379.8232613,613139.8010253906
345959,1751924766.684162,1751924995.403164,batch_consumer-sts-0_20250707_215012_034710.csv,True,False,False,1751925379.8232613,613139.0993595123
345969,1751924766.6845534,1751924995.4284754,batch_consumer-sts-0_20250707_215012_034710.csv,True,False,False,1751925379.8232613,613138.7078762054
345979,1751924766.685063,1751924995.4531512,batch_consumer-sts-0_20250707_215012_034710.csv,True,False,False,1751925379.8232613,613138.1983757019
345989,1751924766.6852984,1751924995.4781406,batch_consumer-sts-0_20250707_215012_034710.csv,True,False,False,1751925379.8232613,613137.9628181458
345999,1751924766.6855254,1751924995.5022924,batch_consumer-sts-0_20250707_215012_034710.csv,True,False,False,1751925379.8232613,613137.7358436584
346009,1751924766.6857622,1751924995.5266883,batch_consumer-sts-0_20250707_215012_034710.csv,True,False,False,1751925379.8232613,613137.4990940094
346019,1751924766.6859903,1751924995.5985591,batch_consumer-sts-0_20250707_215012_034710.csv,True,False,False,1751925379.8232613,613137.2709274292
346029,1751924766.6862335,1751924995.6234753,batch_consumer-sts-0_20250707_215012_034710.csv,True,False,False,1751925379.8232613,613137.0277404785
346039,1751924766.6864593,1751924995.6504002,batch_consumer-sts-0_20250707_215012_034710.csv,True,False,False,1751925379.8232613,613136.8019580841
346049,1751924766.6866915,1751924995.6756134,batch_consumer-sts-0_20250707_215012_034710.csv,True,False,False,1751925379.8232613,613136.5697383881
346059,1751924766.686929,1751924995.7002947,batch_consumer-sts-0_20250707_215012_034710.csv,True,False,False,1751925379.8232613,613136.3322734833
346069,1751924766.6871653,1751924995.725566,batch_consumer-sts-0_20250707_215012_034710.csv,True,False,False,1751925379.8232613,613136.0960006714
346079,1751924766.6874003,1751924996.1549869,batch_consumer-sts-0_20250707_215012_034710.csv,True,False,False,1751925379.8232613,613135.8609199524
346089,1751924766.687637,1751924996.1797152,batch_consumer-sts-0_20250707_215012_034710.csv,True,False,False,1751925379.8232613,613135.6241703033
346099,1751924766.6878712,1751924996.204143,batch_consumer-sts-0_20250707_215012_034710.csv,True,False,False,1751925379.8232613,613135.3900432587
346109,1751924766.6881104,1751924996.2285926,batch_consumer-sts-0_20250707_215012_034710.csv,True,False,False,1751925379.8232613,613135.1509094238
346119,1751924766.688351,1751924996.2533698,batch_consumer-sts-0_20250707_215012_034710.csv,True,False,False,1751925379.8232613,613134.9103450775
346129,1751924766.6885445,1751924996.2779825,batch_consumer-sts-0_20250707_215012_034710.csv,True,False,False,1751925379.8232613,613134.7167491913
346139,1751924766.688762,1751924996.301927,batch_consumer-sts-0_20250707_215012_034710.csv,True,False,False,1751925379.8232613,613134.4993114471
346149,1751924766.6889522,1751924996.326285,batch_consumer-sts-0_20250707_215012_034710.csv,True,False,False,1751925379.8232613,613134.309053421
346159,1751924766.6891377,1751924996.3508265,batch_consumer-sts-0_20250707_215012_034710.csv,True,False,False,1751925379.8232613,613134.1235637665
346169,1751924766.6893306,1751924996.3754227,batch_consumer-sts-0_20250707_215012_034710.csv,True,False,False,1751925379.8232613,613133.930683136
346179,1751924766.6895227,1751924996.399604,batch_consumer-sts-0_20250707_215012_034710.csv,True,False,False,1751925379.8232613,613133.7385177612
346189,1751924766.689783,1751924996.4269488,batch_consumer-sts-0_20250707_215012_034710.csv,True,False,False,1751925379.8232613,613133.4781646729
346199,1751924766.690017,1751924996.4516282,batch_consumer-sts-0_20250707_215012_034710.csv,True,False,False,1751925379.8232613,613133.2442760468
346209,1751924766.6902514,1751924996.4765315,batch_consumer-sts-0_20250707_215012_034710.csv,True,False,False,1751925379.8232613,613133.0099105835
346219,1751924766.6904802,1751924996.501502,batch_consumer-sts-0_20250707_215012_034710.csv,True,False,False,1751925379.8232613,613132.7810287476
346229,1751924766.6907113,1751924996.526611,batch_consumer-sts-0_20250707_215012_034710.csv,True,False,False,1751925379.8232613,613132.5500011444
346239,1751924766.6909463,1751924996.551602,batch_consumer-sts-0_20250707_215012_034710.csv,True,False,False,1751925379.8232613,613132.3149204254
346249,1751924766.6911733,1751924996.5763855,batch_consumer-sts-0_20250707_215012_034710.csv,True,False,False,1751925379.8232613,613132.0879459381
346259,1751924766.691415,1751924996.6007698,batch_consumer-sts-0_20250707_215012_034710.csv,True,False,False,1751925379.8232613,613131.8461894989
346269,1751924766.691969,1751924996.624923,batch_consumer-sts-0_20250707_215012_034710.csv,True,False,False,1751925379.8232613,613131.2923431396
346279,1751924766.69265,1751924996.649397,batch_consumer-sts-0_20250707_215012_034710.csv,True,False,False,1751925379.8232613,613130.6111812592
346289,1751924766.692881,1751924996.674106,batch_consumer-sts-0_20250707_215012_034710.csv,True,False,False,1751925379.8232613,613130.380153656
346299,1751924766.6931117,1751924996.6987638,batch_consumer-sts-0_20250707_215012_034710.csv,True,False,False,1751925379.8232613,613130.14960289
346309,1751924766.6933346,1751924996.7233288,batch_consumer-sts-0_20250707_215012_034710.csv,True,False,False,1751925379.8232613,613129.9266815186
346319,1751924766.6935608,1751924996.7483854,batch_consumer-sts-0_20250707_215012_034710.csv,True,False,False,1751925379.8232613,613129.700422287
346329,1751924766.6937976,1751924996.7733512,batch_consumer-sts-0_20250707_215012_034710.csv,True,False,False,1751925379.8232613,613129.4636726379
346339,1751924766.6940272,1751924996.7979767,batch_consumer-sts-0_20250707_215012_034710.csv,True,False,False,1751925379.8232613,613129.2340755463
346349,1751924766.6942637,1751924996.8222764,batch_consumer-sts-0_20250707_215012_034710.csv,True,False,False,1751925379.8232613,613128.9975643158
346359,1751924766.6945024,1751924996.8470843,batch_consumer-sts-0_20250707_215012_034710.csv,True,False,False,1751925379.8232613,613128.7589073181
346369,1751924766.6947367,1751924996.8722465,batch_consumer-sts-0_20250707_215012_034710.csv,True,False,False,1751925379.8232613,613128.5245418549
346379,1751924766.694969,1751924996.8975177,batch_consumer-sts-0_20250707_215012_034710.csv,True,False,False,1751925379.8232613,613128.2923221588
346389,1751924766.6951954,1751924996.9226592,batch_consumer-sts-0_20250707_215012_034710.csv,True,False,False,1751925379.8232613,613128.0658245087
346399,1751924766.695433,1751924996.9476202,batch_consumer-sts-0_20250707_215012_034710.csv,True,False,False,1751925379.8232613,613127.8283596039
346409,1751924766.6956716,1751924996.972576,batch_consumer-sts-0_20250707_215012_034710.csv,True,False,False,1751925379.8232613,613127.5897026062
346419,1751924766.6959145,1751924997.000077,batch_consumer-sts-0_20250707_215012_034710.csv,True,False,False,1751925379.8232613,613127.3467540741
346429,1751924766.6961482,1751924997.0249622,batch_consumer-sts-0_20250707_215012_034710.csv,True,False,False,1751925379.8232613,613127.1131038666
346439,1751924766.696388,1751924997.050359,batch_consumer-sts-0_20250707_215012_034710.csv,True,False,False,1751925379.8232613,613126.873254776
346449,1751924766.6966152,1751924997.0752876,batch_consumer-sts-0_20250707_215012_034710.csv,True,False,False,1751925379.8232613,613126.6460418701
346459,1751924766.6974616,1751924997.1004407,batch_consumer-sts-0_20250707_215012_034710.csv,True,False,False,1751925379.8232613,613125.7996559143
346469,1751924766.697984,1751924997.1259196,batch_consumer-sts-0_20250707_215012_034710.csv,True,False,False,1751925379.8232613,613125.2772808075
346479,1751924766.6986785,1751924997.1515796,batch_consumer-sts-0_20250707_215012_034710.csv,True,False,False,1751925379.8232613,613124.5827674866
346489,1751924766.6989062,1751924997.176821,batch_consumer-sts-0_20250707_215012_034710.csv,True,False,False,1751925379.8232613,613124.3550777435
346499,1751924766.699732,1751924997.201871,batch_consumer-sts-0_20250707_215012_034710.csv,True,False,False,1751925379.8232613,613123.5291957855
346509,1751924766.6999614,1751924997.2276368,batch_consumer-sts-0_20250707_215012_034710.csv,True,False,False,1751925379.8232613,613123.2998371124
346519,1751924766.7001922,1751924997.253536,batch_consumer-sts-0_20250707_215012_034710.csv,True,False,False,1751925379.8232613,613123.0690479279
346529,1751924766.7004197,1751924997.279039,batch_consumer-sts-0_20250707_215012_034710.csv,True,False,False,1751925379.8232613,613122.8415966034
346539,1751924766.7007985,1751924997.303316,batch_consumer-sts-0_20250707_215012_034710.csv,True,False,False,1751925379.8232613,613122.4627494812
346549,1751924766.7011502,1751924997.3285737,batch_consumer-sts-0_20250707_215012_034710.csv,True,False,False,1751925379.8232613,613122.111082077
346559,1751924766.7013874,1751924997.354103,batch_consumer-sts-0_20250707_215012_034710.csv,True,False,False,1751925379.8232613,613121.8738555908
346569,1751924766.701618,1751924997.3794963,batch_consumer-sts-0_20250707_215012_034710.csv,True,False,False,1751925379.8232613,613121.6433048248
346579,1751924766.7018452,1751924997.4050815,batch_consumer-sts-0_20250707_215012_034710.csv,True,False,False,1751925379.8232613,613121.416091919
346589,1751924766.7020755,1751924997.430902,batch_consumer-sts-0_20250707_215012_034710.csv,True,False,False,1751925379.8232613,613121.1857795715
346599,1751924766.7023094,1751924997.4562874,batch_consumer-sts-0_20250707_215012_034710.csv,True,False,False,1751925379.8232613,613120.9518909454
346609,1751924766.702536,1751924997.481568,batch_consumer-sts-0_20250707_215012_034710.csv,True,False,False,1751925379.8232613,613120.7251548767
346619,1751924766.702761,1751924997.5067198,batch_consumer-sts-0_20250707_215012_034710.csv,True,False,False,1751925379.8232613,613120.5003261566
346629,1751924766.703011,1751924997.5318356,batch_consumer-sts-0_20250707_215012_034710.csv,True,False,False,1751925379.8232613,613120.2502250671
346639,1751924766.7032452,1751924997.556822,batch_consumer-sts-0_20250707_215012_034710.csv,True,False,False,1751925379.8232613,613120.0160980225
346649,1751924766.7034664,1751924997.5833762,batch_consumer-sts-0_20250707_215012_034710.csv,True,False,False,1751925379.8232613,613119.794845581
346659,1751924766.703664,1751924997.6102655,batch_consumer-sts-0_20250707_215012_034710.csv,True,False,False,1751925379.8232613,613119.597196579
346669,1751924766.7038643,1751924997.6362395,batch_consumer-sts-0_20250707_215012_034710.csv,True,False,False,1751925379.8232613,613119.3969249725
346679,1751924766.704202,1751924997.6615598,batch_consumer-sts-0_20250707_215012_034710.csv,True,False,False,1751925379.8232613,613119.0593242645
346689,1751924766.704393,1751924997.6872125,batch_consumer-sts-0_20250707_215012_034710.csv,True,False,False,1751925379.8232613,613118.8683509827
346699,1751924766.7045836,1751924997.712513,batch_consumer-sts-0_20250707_215012_034710.csv,True,False,False,1751925379.8232613,613118.6776161194
346709,1751924766.704805,1751924997.7377398,batch_consumer-sts-0_20250707_215012_034710.csv,True,False,False,1751925379.8232613,613118.456363678
346719,1751924766.7050538,1751924997.7634606,batch_consumer-sts-0_20250707_215012_034710.csv,True,False,False,1751925379.8232613,613118.2074546814
346729,1751924766.7052815,1751924997.7890005,batch_consumer-sts-0_20250707_215012_034710.csv,True,False,False,1751925379.8232613,613117.9797649384
346739,1751924766.705513,1751924997.8144326,batch_consumer-sts-0_20250707_215012_034710.csv,True,False,False,1751925379.8232613,613117.748260498
346749,1751924766.7057471,1751924997.8400593,batch_consumer-sts-0_20250707_215012_034710.csv,True,False,False,1751925379.8232613,613117.5141334534
346759,1751924766.7059836,1751924997.8643112,batch_consumer-sts-0_20250707_215012_034710.csv,True,False,False,1751925379.8232613,613117.2776222229
346769,1751924766.706223,1751924997.889746,batch_consumer-sts-0_20250707_215012_034710.csv,True,False,False,1751925379.8232613,613117.0382499695
346779,1751924766.706466,1751924997.9143682,batch_consumer-sts-0_20250707_215012_034710.csv,True,False,False,1751925379.8232613,613116.7953014374
346789,1751924766.706699,1751924997.9395075,batch_consumer-sts-0_20250707_215012_034710.csv,True,False,False,1751925379.8232613,613116.5623664856
346799,1751924766.7069347,1751924997.964868,batch_consumer-sts-0_20250707_215012_034710.csv,True,False,False,1751925379.8232613,613116.3265705109
346809,1751924766.707172,1751924997.9899068,batch_consumer-sts-0_20250707_215012_034710.csv,True,False,False,1751925379.8232613,613116.0893440247
346819,1751924766.7074103,1751924998.0146818,batch_consumer-sts-0_20250707_215012_034710.csv,True,False,False,1751925379.8232613,613115.8509254456
346829,1751924766.7076457,1751924998.0395246,batch_consumer-sts-0_20250707_215012_034710.csv,True,False,False,1751925379.8232613,613115.615606308
346839,1751924766.7078843,1751924998.0648394,batch_consumer-sts-0_20250707_215012_034710.csv,True,False,False,1751925379.8232613,613115.3769493103
346849,1751924766.7081215,1751924998.0910892,batch_consumer-sts-0_20250707_215012_034710.csv,True,False,False,1751925379.8232613,613115.1397228241
346859,1751924766.708356,1751924998.1146207,batch_consumer-sts-0_20250707_215012_034710.csv,True,False,False,1751925379.8232613,613114.9053573608
346869,1751924766.7086008,1751924998.1395824,batch_consumer-sts-0_20250707_215012_034710.csv,True,False,False,1751925379.8232613,613114.6605014801
346879,1751924766.7088387,1751924998.1647947,batch_consumer-sts-0_20250707_215012_034710.csv,True,False,False,1751925379.8232613,613114.4225597382
346889,1751924766.7090654,1751924998.1899028,batch_consumer-sts-0_20250707_215012_034710.csv,True,False,False,1751925379.8232613,613114.1958236694
346899,1751924766.7092934,1751924999.2164693,batch_consumer-sts-0_20250707_215012_034710.csv,True,False,False,1751925379.8232613,613113.9678955078
346909,1751924766.709534,1751924999.2417948,batch_consumer-sts-0_20250707_215012_034710.csv,True,False,False,1751925379.8232613,613113.7273311615
346919,1751924766.7097712,1751924999.2667785,batch_consumer-sts-0_20250707_215012_034710.csv,True,False,False,1751925379.8232613,613113.4901046753
346929,1751924766.710013,1751924999.2921014,batch_consumer-sts-0_20250707_215012_034710.csv,True,False,False,1751925379.8232613,613113.2483482361
346939,1751924766.7102475,1751924999.3168986,batch_consumer-sts-0_20250707_215012_034710.csv,True,False,False,1751925379.8232613,613113.0137443542
346949,1751924766.7104828,1751924999.342182,batch_consumer-sts-0_20250707_215012_034710.csv,True,False,False,1751925379.8232613,613112.7784252167
346959,1751924766.7107182,1751924999.3672686,batch_consumer-sts-0_20250707_215012_034710.csv,True,False,False,1751925379.8232613,613112.5431060791
346969,1751924766.710958,1751924999.3925076,batch_consumer-sts-0_20250707_215012_034710.csv,True,False,False,1751925379.8232613,613112.3032569885
346979,1751924766.7111895,1751924999.4190457,batch_consumer-sts-0_20250707_215012_034710.csv,True,False,False,1751925379.8232613,613112.0717525482
346989,1751924766.7114184,1751924999.4435215,batch_consumer-sts-0_20250707_215012_034710.csv,True,False,False,1751925379.8232613,613111.8428707123
346999,1751924766.71165,1751924999.468976,batch_consumer-sts-0_20250707_215012_034710.csv,True,False,False,1751925379.8232613,613111.611366272
347009,1751924766.7118814,1751924999.4941006,batch_consumer-sts-0_20250707_215012_034710.csv,True,False,False,1751925379.8232613,613111.3798618317
347019,1751924766.712113,1751924999.5180297,batch_consumer-sts-0_20250707_215012_034710.csv,True,False,False,1751925379.8232613,613111.1483573914
347029,1751924766.712352,1751924999.5434542,batch_consumer-sts-0_20250707_215012_034710.csv,True,False,False,1751925379.8232613,613110.9092235565
347039,1751924766.71265,1751924999.5684164,batch_consumer-sts-0_20250707_215012_034710.csv,True,False,False,1751925379.8232613,613110.6112003326
347049,1751924766.7128868,1751924999.5937634,batch_consumer-sts-0_20250707_215012_034710.csv,True,False,False,1751925379.8232613,613110.3744506836
347059,1751924766.713122,1751924999.6186152,batch_consumer-sts-0_20250707_215012_034710.csv,True,False,False,1751925379.8232613,613110.1393699646
347069,1751924766.7133577,1751924999.6448083,batch_consumer-sts-0_20250707_215012_034710.csv,True,False,False,1751925379.8232613,613109.9035739899
347079,1751924766.7135985,1751924999.670318,batch_consumer-sts-0_20250707_215012_034710.csv,True,False,False,1751925379.8232613,613109.662771225
347089,1751924766.7138312,1751924999.6951509,batch_consumer-sts-0_20250707_215012_034710.csv,True,False,False,1751925379.8232613,613109.4300746918
347099,1751924766.7140672,1751924999.720024,batch_consumer-sts-0_20250707_215012_034710.csv,True,False,False,1751925379.8232613,613109.1940402985
347109,1751924766.7143128,1751924999.7445192,batch_consumer-sts-0_20250707_215012_034710.csv,True,False,False,1751925379.8232613,613108.948469162
347119,1751924766.7145536,1751924999.7698405,batch_consumer-sts-0_20250707_215012_034710.csv,True,False,False,1751925379.8232613,613108.7076663971
347129,1751924766.7147875,1751924999.795084,batch_consumer-sts-0_20250707_215012_034710.csv,True,False,False,1751925379.8232613,613108.473777771
347139,1751924766.7150214,1751924999.8197677,batch_consumer-sts-0_20250707_215012_034710.csv,True,False,False,1751925379.8232613,613108.2398891449
347149,1751924766.7152553,1751924999.8449483,batch_consumer-sts-0_20250707_215012_034710.csv,True,False,False,1751925379.8232613,613108.0060005188
347159,1751924766.7155013,1751924999.8702714,batch_consumer-sts-0_20250707_215012_034710.csv,True,False,False,1751925379.8232613,613107.7599525452
347169,1751924766.7157326,1751924999.8957164,batch_consumer-sts-0_20250707_215012_034710.csv,True,False,False,1751925379.8232613,613107.5286865234
354969,1751924766.9171178,1751924999.9213147,batch_consumer-sts-0_20250707_215012_034710.csv,True,False,False,1751925379.8232613,612906.1434268951
354979,1751924766.9173875,1751924999.9470537,batch_consumer-sts-0_20250707_215012_034710.csv,True,False,False,1751925379.8232613,612905.8737754822
354989,1751924766.9175742,1751924999.972581,batch_consumer-sts-0_20250707_215012_034710.csv,True,False,False,1751925379.8232613,612905.6870937347
354999,1751924766.917765,1751924999.9977422,batch_consumer-sts-0_20250707_215012_034710.csv,True,False,False,1751925379.8232613,612905.4963588715
355009,1751924766.9179485,1751925000.022755,batch_consumer-sts-0_20250707_215012_034710.csv,True,False,False,1751925379.8232613,612905.3127765656
355019,1751924766.918136,1751925000.0483124,batch_consumer-sts-0_20250707_215012_034710.csv,True,False,False,1751925379.8232613,612905.1253795624
355029,1751924766.9183843,1751925000.0735686,batch_consumer-sts-0_20250707_215012_034710.csv,True,False,False,1751925379.8232613,612904.876947403
355039,1751924766.9186225,1751925000.0992565,batch_consumer-sts-0_20250707_215012_034710.csv,True,False,False,1751925379.8232613,612904.6387672424
355049,1751924766.9188588,1751925000.1242976,batch_consumer-sts-0_20250707_215012_034710.csv,True,False,False,1751925379.8232613,612904.4024944305
355059,1751924766.9190896,1751925000.1494567,batch_consumer-sts-0_20250707_215012_034710.csv,True,False,False,1751925379.8232613,612904.171705246
355069,1751924766.919326,1751925000.1748583,batch_consumer-sts-0_20250707_215012_034710.csv,True,False,False,1751925379.8232613,612903.9351940155
355079,1751924766.9195666,1751925000.2001202,batch_consumer-sts-0_20250707_215012_034710.csv,True,False,False,1751925379.8232613,612903.6946296692
355089,1751924766.919816,1751925000.224987,batch_consumer-sts-0_20250707_215012_034710.csv,True,False,False,1751925379.8232613,612903.4452438354
355099,1751924766.92005,1751925000.2502294,batch_consumer-sts-0_20250707_215012_034710.csv,True,False,False,1751925379.8232613,612903.2113552094
355109,1751924766.920289,1751925000.2740064,batch_consumer-sts-0_20250707_215012_034710.csv,True,False,False,1751925379.8232613,612902.9722213745
355119,1751924766.92053,1751925000.2991917,batch_consumer-sts-0_20250707_215012_034710.csv,True,False,False,1751925379.8232613,612902.731180191
355129,1751924766.9207628,1751925000.323245,batch_consumer-sts-0_20250707_215012_034710.csv,True,False,False,1751925379.8232613,612902.4984836578
355139,1751924766.9209943,1751925000.3488162,batch_consumer-sts-0_20250707_215012_034710.csv,True,False,False,1751925379.8232613,612902.2669792175
355149,1751924766.9212232,1751925000.3741026,batch_consumer-sts-0_20250707_215012_034710.csv,True,False,False,1751925379.8232613,612902.0380973816
355159,1751924766.9214568,1751925000.3993318,batch_consumer-sts-0_20250707_215012_034710.csv,True,False,False,1751925379.8232613,612901.8044471741
355169,1751924766.921693,1751925000.4244823,batch_consumer-sts-0_20250707_215012_034710.csv,True,False,False,1751925379.8232613,612901.5681743622
355179,1751924766.9219253,1751925000.4500103,batch_consumer-sts-0_20250707_215012_034710.csv,True,False,False,1751925379.8232613,612901.3359546661
355189,1751924766.9223597,1751925000.475444,batch_consumer-sts-0_20250707_215012_034710.csv,True,False,False,1751925379.8232613,612900.901556015
355199,1751924766.9225864,1751925000.501205,batch_consumer-sts-0_20250707_215012_034710.csv,True,False,False,1751925379.8232613,612900.6748199463
355209,1751924766.9228122,1751925000.5251558,batch_consumer-sts-0_20250707_215012_034710.csv,True,False,False,1751925379.8232613,612900.4490375519
355219,1751924766.9230416,1751925000.5506296,batch_consumer-sts-0_20250707_215012_034710.csv,True,False,False,1751925379.8232613,612900.2196788788
355229,1751924766.9232686,1751925000.5756536,batch_consumer-sts-0_20250707_215012_034710.csv,True,False,False,1751925379.8232613,612899.9927043915
355239,1751924766.9235115,1751925000.600414,batch_consumer-sts-0_20250707_215012_034710.csv,True,False,False,1751925379.8232613,612899.7497558594
355249,1751924766.9237416,1751925000.6259356,batch_consumer-sts-0_20250707_215012_034710.csv,True,False,False,1751925379.8232613,612899.5196819305
355259,1751924766.9239671,1751925000.651234,batch_consumer-sts-0_20250707_215012_034710.csv,True,False,False,1751925379.8232613,612899.2941379547
355269,1751924766.9241936,1751925000.713297,batch_consumer-sts-0_20250707_215012_034710.csv,True,False,False,1751925379.8232613,612899.0676403046
355279,1751924766.9244318,1751925000.7388964,batch_consumer-sts-0_20250707_215012_034710.csv,True,False,False,1751925379.8232613,612898.829460144
355289,1751924766.924665,1751925000.764077,batch_consumer-sts-0_20250707_215012_034710.csv,True,False,False,1751925379.8232613,612898.5962867737
355299,1751924766.924898,1751925000.7887745,batch_consumer-sts-0_20250707_215012_034710.csv,True,False,False,1751925379.8232613,612898.3633518219
355309,1751924766.9251318,1751925000.8135884,batch_consumer-sts-0_20250707_215012_034710.csv,True,False,False,1751925379.8232613,612898.1294631958
355319,1751924766.9257193,1751925000.838353,batch_consumer-sts-0_20250707_215012_034710.csv,True,False,False,1751925379.8232613,612897.5419998169
355329,1751924766.9259448,1751925000.863334,batch_consumer-sts-0_20250707_215012_034710.csv,True,False,False,1751925379.8232613,612897.3164558411
355339,1751924766.9261827,1751925000.8883755,batch_consumer-sts-0_20250707_215012_034710.csv,True,False,False,1751925379.8232613,612897.0785140991
355349,1751924766.9264128,1751925000.9134266,batch_consumer-sts-0_20250707_215012_034710.csv,True,False,False,1751925379.8232613,612896.8484401703
355359,1751924766.9268105,1751925000.93859,batch_consumer-sts-0_20250707_215012_034710.csv,True,False,False,1751925379.8232613,612896.4507579803
355369,1751924766.9270363,1751925000.963964,batch_consumer-sts-0_20250707_215012_034710.csv,True,False,False,1751925379.8232613,612896.2249755859
355379,1751924766.9272606,1751925000.9888637,batch_consumer-sts-0_20250707_215012_034710.csv,True,False,False,1751925379.8232613,612896.000623703
355389,1751924766.927487,1751925001.0135503,batch_consumer-sts-0_20250707_215012_034710.csv,True,False,False,1751925379.8232613,612895.7743644714
355399,1751924766.9277103,1751925001.038408,batch_consumer-sts-0_20250707_215012_034710.csv,True,False,False,1751925379.8232613,612895.5509662628
355409,1751924766.9279356,1751925001.063481,batch_consumer-sts-0_20250707_215012_034710.csv,True,False,False,1751925379.8232613,612895.3256607056
355419,1751924766.9281642,1751925001.0883932,batch_consumer-sts-0_20250707_215012_034710.csv,True,False,False,1751925379.8232613,612895.0970172882
355429,1751924766.9283924,1751925001.1132762,batch_consumer-sts-0_20250707_215012_034710.csv,True,False,False,1751925379.8232613,612894.868850708
355439,1751924766.9286177,1751925001.137616,batch_consumer-sts-0_20250707_215012_034710.csv,True,False,False,1751925379.8232613,612894.6435451508
355449,1751924766.928851,1751925001.162837,batch_consumer-sts-0_20250707_215012_034710.csv,True,False,False,1751925379.8232613,612894.4103717804
355459,1751924766.9290824,1751925001.227049,batch_consumer-sts-0_20250707_215012_034710.csv,True,False,False,1751925379.8232613,612894.1788673401
355469,1751924766.9298737,1751925001.252467,batch_consumer-sts-0_20250707_215012_034710.csv,True,False,False,1751925379.8232613,612893.387556076
355479,1751924766.9300675,1751925001.2776604,batch_consumer-sts-0_20250707_215012_034710.csv,True,False,False,1751925379.8232613,612893.1937217712
355489,1751924766.930294,1751925001.3031993,batch_consumer-sts-0_20250707_215012_034710.csv,True,False,False,1751925379.8232613,612892.9672241211
355499,1751924766.9305184,1751925001.3276546,batch_consumer-sts-0_20250707_215012_034710.csv,True,False,False,1751925379.8232613,612892.7428722382
355509,1751924766.9307497,1751925001.3530982,batch_consumer-sts-0_20250707_215012_034710.csv,True,False,False,1751925379.8232613,612892.5116062164
355519,1751924766.9309745,1751925001.3786805,batch_consumer-sts-0_20250707_215012_034710.csv,True,False,False,1751925379.8232613,612892.2867774963
355529,1751924766.9312074,1751925001.404054,batch_consumer-sts-0_20250707_215012_034710.csv,True,False,False,1751925379.8232613,612892.0538425446
355539,1751924766.9314573,1751925001.4297943,batch_consumer-sts-0_20250707_215012_034710.csv,True,False,False,1751925379.8232613,612891.8039798737
355549,1751924766.9316363,1751925001.4556117,batch_consumer-sts-0_20250707_215012_034710.csv,True,False,False,1751925379.8232613,612891.6249275208
355559,1751924766.9320982,1751925001.7391567,batch_consumer-sts-0_20250707_215012_034710.csv,True,False,False,1751925379.8232613,612891.163110733
355569,1751924766.932576,1751925001.7645698,batch_consumer-sts-0_20250707_215012_034710.csv,True,False,False,1751925379.8232613,612890.6853199005
355579,1751924766.9336486,1751925001.7898157,batch_consumer-sts-0_20250707_215012_034710.csv,True,False,False,1751925379.8232613,612889.6126747131
355589,1751924766.933882,1751925001.814436,batch_consumer-sts-0_20250707_215012_034710.csv,True,False,False,1751925379.8232613,612889.3792629242
355599,1751924766.934111,1751925001.8395257,batch_consumer-sts-0_20250707_215012_034710.csv,True,False,False,1751925379.8232613,612889.1501426697
355609,1751924766.934342,1751925001.8645031,batch_consumer-sts-0_20250707_215012_034710.csv,True,False,False,1751925379.8232613,612888.9193534851
355619,1751924766.9345665,1751925001.8893723,batch_consumer-sts-0_20250707_215012_034710.csv,True,False,False,1751925379.8232613,612888.6947631836
355629,1751924766.9347963,1751925001.914564,batch_consumer-sts-0_20250707_215012_034710.csv,True,False,False,1751925379.8232613,612888.4649276733
355639,1751924766.9350238,1751925001.9396954,batch_consumer-sts-0_20250707_215012_034710.csv,True,False,False,1751925379.8232613,612888.2374763489
355649,1751924766.935254,1751925001.964813,batch_consumer-sts-0_20250707_215012_034710.csv,True,False,False,1751925379.8232613,612888.0071640015
355659,1751924766.9354813,1751925001.989577,batch_consumer-sts-0_20250707_215012_034710.csv,True,False,False,1751925379.8232613,612887.7799510956
355669,1751924766.9357138,1751925002.014165,batch_consumer-sts-0_20250707_215012_034710.csv,True,False,False,1751925379.8232613,612887.547492981
355679,1751924766.9359417,1751925002.0391383,batch_consumer-sts-0_20250707_215012_034710.csv,True,False,False,1751925379.8232613,612887.3195648193
355689,1751924766.9361656,1751925002.0639622,batch_consumer-sts-0_20250707_215012_034710.csv,True,False,False,1751925379.8232613,612887.0956897736
355699,1751924766.9363947,1751925002.0887892,batch_consumer-sts-0_20250707_215012_034710.csv,True,False,False,1751925379.8232613,612886.866569519
355709,1751924766.9366293,1751925002.1133654,batch_consumer-sts-0_20250707_215012_034710.csv,True,False,False,1751925379.8232613,612886.6319656372
355719,1751924766.9368582,1751925002.13838,batch_consumer-sts-0_20250707_215012_034710.csv,True,False,False,1751925379.8232613,612886.4030838013
355729,1751924766.9370902,1751925002.1649022,batch_consumer-sts-0_20250707_215012_034710.csv,True,False,False,1751925379.8232613,612886.1711025238
355739,1751924766.937333,1751925002.1899266,batch_consumer-sts-0_20250707_215012_034710.csv,True,False,False,1751925379.8232613,612885.9281539917
355749,1751924766.9375682,1751925002.2147582,batch_consumer-sts-0_20250707_215012_034710.csv,True,False,False,1751925379.8232613,612885.6930732727
355759,1751924766.9378047,1751925002.2396188,batch_consumer-sts-0_20250707_215012_034710.csv,True,False,False,1751925379.8232613,612885.4565620422
355769,1751924766.9380395,1751925002.264864,batch_consumer-sts-0_20250707_215012_034710.csv,True,False,False,1751925379.8232613,612885.2217197418
355779,1751924766.938366,1751925002.2899506,batch_consumer-sts-0_20250707_215012_034710.csv,True,False,False,1751925379.8232613,612884.895324707
355789,1751924766.9386113,1751925002.3145585,batch_consumer-sts-0_20250707_215012_034710.csv,True,False,False,1751925379.8232613,612884.6499919891
355799,1751924766.9388523,1751925002.340068,batch_consumer-sts-0_20250707_215012_034710.csv,True,False,False,1751925379.8232613,612884.4089508057
355809,1751924766.9390955,1751925002.3654947,batch_consumer-sts-0_20250707_215012_034710.csv,True,False,False,1751925379.8232613,612884.165763855
355819,1751924766.939793,1751925002.390942,batch_consumer-sts-0_20250707_215012_034710.csv,True,False,False,1751925379.8232613,612883.4681510925
355829,1751924766.940019,1751925002.4160948,batch_consumer-sts-0_20250707_215012_034710.csv,True,False,False,1751925379.8232613,612883.2423686981
355839,1751924766.940246,1751925002.441381,batch_consumer-sts-0_20250707_215012_034710.csv,True,False,False,1751925379.8232613,612883.0151557922
355849,1751924766.9404745,1751925002.4668868,batch_consumer-sts-0_20250707_215012_034710.csv,True,False,False,1751925379.8232613,612882.7867507935
355859,1751924766.9407043,1751925002.4920914,batch_consumer-sts-0_20250707_215012_034710.csv,True,False,False,1751925379.8232613,612882.5569152832
355869,1751924766.940936,1751925002.5165515,batch_consumer-sts-0_20250707_215012_034710.csv,True,False,False,1751925379.8232613,612882.3251724243
355879,1751924766.9411647,1751925002.541818,batch_consumer-sts-0_20250707_215012_034710.csv,True,False,False,1751925379.8232613,612882.096529007
355889,1751924766.9415572,1751925002.567418,batch_consumer-sts-0_20250707_215012_034710.csv,True,False,False,1751925379.8232613,612881.7040920258
355899,1751924766.9417982,1751925002.592247,batch_consumer-sts-0_20250707_215012_034710.csv,True,False,False,1751925379.8232613,612881.4630508423
355909,1751924766.9420304,1751925002.6187148,batch_consumer-sts-0_20250707_215012_034710.csv,True,False,False,1751925379.8232613,612881.2308311462
355919,1751924766.9422772,1751925002.6435852,batch_consumer-sts-0_20250707_215012_034710.csv,True,False,False,1751925379.8232613,612880.9840679169
355929,1751924766.9425075,1751925002.6684897,batch_consumer-sts-0_20250707_215012_034710.csv,True,False,False,1751925379.8232613,612880.7537555695
355939,1751924766.942736,1751925002.6934848,batch_consumer-sts-0_20250707_215012_034710.csv,True,False,False,1751925379.8232613,612880.5253505707
355949,1751924766.942965,1751925002.7179987,batch_consumer-sts-0_20250707_215012_034710.csv,True,False,False,1751925379.8232613,612880.2962303162
355959,1751924766.943197,1751925002.7427406,batch_consumer-sts-0_20250707_215012_034710.csv,True,False,False,1751925379.8232613,612880.0642490387
355969,1751924766.9434376,1751925002.7676272,batch_consumer-sts-0_20250707_215012_034710.csv,True,False,False,1751925379.8232613,612879.8236846924
355979,1751924766.943633,1751925002.7926624,batch_consumer-sts-0_20250707_215012_034710.csv,True,False,False,1751925379.8232613,612879.6281814575
355989,1751924766.943825,1751925002.817204,batch_consumer-sts-0_20250707_215012_034710.csv,True,False,False,1751925379.8232613,612879.4362545013
355999,1751924766.9440105,1751925002.8414893,batch_consumer-sts-0_20250707_215012_034710.csv,True,False,False,1751925379.8232613,612879.2507648468
356009,1751924766.9442115,1751925002.8694572,batch_consumer-sts-0_20250707_215012_034710.csv,True,False,False,1751925379.8232613,612879.0497779846
356019,1751924766.9444292,1751925002.894632,batch_consumer-sts-0_20250707_215012_034710.csv,True,False,False,1751925379.8232613,612878.8321018219
356029,1751924766.9448118,1751925002.9196277,batch_consumer-sts-0_20250707_215012_034710.csv,True,False,False,1751925379.8232613,612878.4494400024
356039,1751924766.945006,1751925002.9446485,batch_consumer-sts-0_20250707_215012_034710.csv,True,False,False,1751925379.8232613,612878.255367279
356049,1751924766.945199,1751925002.970036,batch_consumer-sts-0_20250707_215012_034710.csv,True,False,False,1751925379.8232613,612878.06224823
356059,1751924766.945515,1751925002.9953008,batch_consumer-sts-0_20250707_215012_034710.csv,True,False,False,1751925379.8232613,612877.7463436127
356069,1751924766.9457324,1751925003.0203831,batch_consumer-sts-0_20250707_215012_034710.csv,True,False,False,1751925379.8232613,612877.5289058685
356079,1751924766.945965,1751925003.0452907,batch_consumer-sts-0_20250707_215012_034710.csv,True,False,False,1751925379.8232613,612877.2962093353
356089,1751924766.9463494,1751925003.07521,batch_consumer-sts-0_20250707_215012_034710.csv,True,False,False,1751925379.8232613,612876.9118785858
356099,1751924766.9465933,1751925003.1003911,batch_consumer-sts-0_20250707_215012_034710.csv,True,False,False,1751925379.8232613,612876.6679763794
356109,1751924766.9468205,1751925003.1297257,batch_consumer-sts-0_20250707_215012_034710.csv,True,False,False,1751925379.8232613,612876.4407634735
356119,1751924766.9473531,1751925003.1547532,batch_consumer-sts-0_20250707_215012_034710.csv,True,False,False,1751925379.8232613,612875.9081363678
356129,1751924766.9484358,1751925003.1798496,batch_consumer-sts-0_20250707_215012_034710.csv,True,False,False,1751925379.8232613,612874.8254776001
356139,1751924766.94866,1751925003.2047522,batch_consumer-sts-0_20250707_215012_034710.csv,True,False,False,1751925379.8232613,612874.6013641357
356149,1751924766.9488866,1751925003.229952,batch_consumer-sts-0_20250707_215012_034710.csv,True,False,False,1751925379.8232613,612874.374628067
356159,1751924766.949115,1751925003.2549615,batch_consumer-sts-0_20250707_215012_034710.csv,True,False,False,1751925379.8232613,612874.1462230682
356169,1751924766.9493432,1751925003.280121,batch_consumer-sts-0_20250707_215012_034710.csv,True,False,False,1751925379.8232613,612873.918056488
356179,1751924766.9495652,1751925003.3053107,batch_consumer-sts-0_20250707_215012_034710.csv,True,False,False,1751925379.8232613,612873.6960887909
356189,1751924766.949792,1751925003.3304636,batch_consumer-sts-0_20250707_215012_034710.csv,True,False,False,1751925379.8232613,612873.4693527222
356199,1751924766.950021,1751925003.3554945,batch_consumer-sts-0_20250707_215012_034710.csv,True,False,False,1751925379.8232613,612873.2402324677
356209,1751924766.9502594,1751925003.3806117,batch_consumer-sts-0_20250707_215012_034710.csv,True,False,False,1751925379.8232613,612873.0018138885
356219,1751924766.9504814,1751925003.4056206,batch_consumer-sts-0_20250707_215012_034710.csv,True,False,False,1751925379.8232613,612872.7798461914
356229,1751924766.950709,1751925003.4306474,batch_consumer-sts-0_20250707_215012_034710.csv,True,False,False,1751925379.8232613,612872.5521564484
356239,1751924766.950936,1751925003.4553666,batch_consumer-sts-0_20250707_215012_034710.csv,True,False,False,1751925379.8232613,612872.3251819611
356249,1751924766.951172,1751925003.9419756,batch_consumer-sts-0_20250707_215012_034710.csv,True,False,False,1751925379.8232613,612872.0891475677
356259,1751924766.9514072,1751925003.9672918,batch_consumer-sts-0_20250707_215012_034710.csv,True,False,False,1751925379.8232613,612871.8540668488
356269,1751924766.9519303,1751925003.992005,batch_consumer-sts-0_20250707_215012_034710.csv,True,False,False,1751925379.8232613,612871.3309764862
356279,1751924766.9524355,1751925004.015931,batch_consumer-sts-0_20250707_215012_034710.csv,True,False,False,1751925379.8232613,612870.8257675171
356289,1751924766.952657,1751925005.042151,batch_consumer-sts-0_20250707_215012_034710.csv,True,False,False,1751925379.8232613,612870.6042766571
356299,1751924766.9528892,1751925005.0660665,batch_consumer-sts-0_20250707_215012_034710.csv,True,False,False,1751925379.8232613,612870.3720569611
356309,1751924766.953124,1751925005.0908148,batch_consumer-sts-0_20250707_215012_034710.csv,True,False,False,1751925379.8232613,612870.1372146606
356319,1751924766.953359,1751925005.1150267,batch_consumer-sts-0_20250707_215012_034710.csv,True,False,False,1751925379.8232613,612869.9023723602
356329,1751924766.9535892,1751925005.1397138,batch_consumer-sts-0_20250707_215012_034710.csv,True,False,False,1751925379.8232613,612869.6720600128
356339,1751924766.9538257,1751925005.1643438,batch_consumer-sts-0_20250707_215012_034710.csv,True,False,False,1751925379.8232613,612869.4355487823
356349,1751924766.9540498,1751925005.1878655,batch_consumer-sts-0_20250707_215012_034710.csv,True,False,False,1751925379.8232613,612869.211435318
356359,1751924766.9542887,1751925005.2118008,batch_consumer-sts-0_20250707_215012_034710.csv,True,False,False,1751925379.8232613,612868.9725399017
356369,1751924766.9545195,1751925005.2363205,batch_consumer-sts-0_20250707_215012_034710.csv,True,False,False,1751925379.8232613,612868.7417507172
356379,1751924766.9547486,1751925005.2611794,batch_consumer-sts-0_20250707_215012_034710.csv,True,False,False,1751925379.8232613,612868.5126304626
356389,1751924766.954975,1751925005.2855551,batch_consumer-sts-0_20250707_215012_034710.csv,True,False,False,1751925379.8232613,612868.2863712311
356399,1751924766.9552052,1751925005.309828,batch_consumer-sts-0_20250707_215012_034710.csv,True,False,False,1751925379.8232613,612868.0560588837
356409,1751924766.9563208,1751925005.3341088,batch_consumer-sts-0_20250707_215012_034710.csv,True,False,False,1751925379.8232613,612866.940498352
356419,1751924766.9565146,1751925005.3586383,batch_consumer-sts-0_20250707_215012_034710.csv,True,False,False,1751925379.8232613,612866.7466640472
356429,1751924766.956711,1751925005.3840587,batch_consumer-sts-0_20250707_215012_034710.csv,True,False,False,1751925379.8232613,612866.5502071381
356439,1751924766.95689,1751925005.40815,batch_consumer-sts-0_20250707_215012_034710.csv,True,False,False,1751925379.8232613,612866.3711547852
356449,1751924766.9570713,1751925005.4324937,batch_consumer-sts-0_20250707_215012_034710.csv,True,False,False,1751925379.8232613,612866.189956665
361129,1751924767.0775273,1751925005.4570987,batch_consumer-sts-0_20250707_215012_034710.csv,True,False,False,1751925379.8232613,612745.7339763641
361139,1751924767.0777678,1751925005.4818344,batch_consumer-sts-0_20250707_215012_034710.csv,True,False,False,1751925379.8232613,612745.4934120178
361149,1751924767.078005,1751925005.5060537,batch_consumer-sts-0_20250707_215012_034710.csv,True,False,False,1751925379.8232613,612745.2561855316
361159,1751924767.078256,1751925005.53047,batch_consumer-sts-0_20250707_215012_034710.csv,True,False,False,1751925379.8232613,612745.0053691864
361169,1751924767.0784922,1751925005.5543773,batch_consumer-sts-0_20250707_215012_034710.csv,True,False,False,1751925379.8232613,612744.7690963745
361179,1751924767.0787292,1751925005.5788243,batch_consumer-sts-0_20250707_215012_034710.csv,True,False,False,1751925379.8232613,612744.5321083069
361189,1751924767.0789623,1751925005.6032588,batch_consumer-sts-0_20250707_215012_034710.csv,True,False,False,1751925379.8232613,612744.2989349365
361199,1751924767.0792007,1751925005.628309,batch_consumer-sts-0_20250707_215012_034710.csv,True,False,False,1751925379.8232613,612744.0605163574
361209,1751924767.079432,1751925005.6529458,batch_consumer-sts-0_20250707_215012_034710.csv,True,False,False,1751925379.8232613,612743.8292503357
361219,1751924767.0796657,1751925005.677944,batch_consumer-sts-0_20250707_215012_034710.csv,True,False,False,1751925379.8232613,612743.5956001282
361229,1751924767.0799024,1751925005.7022846,batch_consumer-sts-0_20250707_215012_034710.csv,True,False,False,1751925379.8232613,612743.3588504791
361239,1751924767.0801425,1751925005.7274249,batch_consumer-sts-0_20250707_215012_034710.csv,True,False,False,1751925379.8232613,612743.11876297
361249,1751924767.0803733,1751925005.7520597,batch_consumer-sts-0_20250707_215012_034710.csv,True,False,False,1751925379.8232613,612742.8879737854
361259,1751924767.0806055,1751925005.9119048,batch_consumer-sts-0_20250707_215012_034710.csv,True,False,False,1751925379.8232613,612742.6557540894
361269,1751924767.0808463,1751925005.9369912,batch_consumer-sts-0_20250707_215012_034710.csv,True,False,False,1751925379.8232613,612742.4149513245
361279,1751924767.0819535,1751925005.9613292,batch_consumer-sts-0_20250707_215012_034710.csv,True,False,False,1751925379.8232613,612741.3077354431
361289,1751924767.0821958,1751925005.985685,batch_consumer-sts-0_20250707_215012_034710.csv,True,False,False,1751925379.8232613,612741.0655021667
361299,1751924767.0824254,1751925006.0113723,batch_consumer-sts-0_20250707_215012_034710.csv,True,False,False,1751925379.8232613,612740.8359050751
361309,1751924767.082669,1751925006.0360117,batch_consumer-sts-0_20250707_215012_034710.csv,True,False,False,1751925379.8232613,612740.5922412872
361319,1751924767.0828955,1751925006.061309,batch_consumer-sts-0_20250707_215012_034710.csv,True,False,False,1751925379.8232613,612740.3657436371
361329,1751924767.083418,1751925006.0849345,batch_consumer-sts-0_20250707_215012_034710.csv,True,False,False,1751925379.8232613,612739.8433685303
361339,1751924767.0838966,1751925006.109496,batch_consumer-sts-0_20250707_215012_034710.csv,True,False,False,1751925379.8232613,612739.3646240234
361349,1751924767.0840871,1751925006.1343992,batch_consumer-sts-0_20250707_215012_034710.csv,True,False,False,1751925379.8232613,612739.1741275787
361359,1751924767.084272,1751925006.159478,batch_consumer-sts-0_20250707_215012_034710.csv,True,False,False,1751925379.8232613,612738.9893531799
361369,1751924767.0847342,1751925006.184708,batch_consumer-sts-0_20250707_215012_034710.csv,True,False,False,1751925379.8232613,612738.527059555
361379,1751924767.0854015,1751925006.2084043,batch_consumer-sts-0_20250707_215012_034710.csv,True,False,False,1751925379.8232613,612737.8597259521
361389,1751924767.0856369,1751925006.2329369,batch_consumer-sts-0_20250707_215012_034710.csv,True,False,False,1751925379.8232613,612737.6244068146
361399,1751924767.0858731,1751925006.2625687,batch_consumer-sts-0_20250707_215012_034710.csv,True,False,False,1751925379.8232613,612737.3881340027
361409,1751924767.086102,1751925006.3288474,batch_consumer-sts-0_20250707_215012_034710.csv,True,False,False,1751925379.8232613,612737.1592521667
361419,1751924767.0863402,1751925006.3554268,batch_consumer-sts-0_20250707_215012_034710.csv,True,False,False,1751925379.8232613,612736.9210720062
361429,1751924767.0865629,1751925006.380627,batch_consumer-sts-0_20250707_215012_034710.csv,True,False,False,1751925379.8232613,612736.6983890533
361439,1751924767.0867853,1751925006.4049928,batch_consumer-sts-0_20250707_215012_034710.csv,True,False,False,1751925379.8232613,612736.475944519
361449,1751924767.087022,1751925006.429391,batch_consumer-sts-0_20250707_215012_034710.csv,True,False,False,1751925379.8232613,612736.23919487
361459,1751924767.087249,1751925006.4556615,batch_consumer-sts-0_20250707_215012_034710.csv,True,False,False,1751925379.8232613,612736.0122203827
361469,1751924767.0874846,1751925006.4813423,batch_consumer-sts-0_20250707_215012_034710.csv,True,False,False,1751925379.8232613,612735.7766628265
361479,1751924767.087715,1751925006.5058508,batch_consumer-sts-0_20250707_215012_034710.csv,True,False,False,1751925379.8232613,612735.5463504791
361489,1751924767.0879445,1751925006.5301163,batch_consumer-sts-0_20250707_215012_034710.csv,True,False,False,1751925379.8232613,612735.3167533875
361499,1751924767.0881712,1751925006.554814,batch_consumer-sts-0_20250707_215012_034710.csv,True,False,False,1751925379.8232613,612735.0900173187
361509,1751924767.0883996,1751925006.579333,batch_consumer-sts-0_20250707_215012_034710.csv,True,False,False,1751925379.8232613,612734.86161232
361519,1751924767.0886314,1751925006.6035457,batch_consumer-sts-0_20250707_215012_034710.csv,True,False,False,1751925379.8232613,612734.6298694611
361529,1751924767.0888655,1751925006.6294389,batch_consumer-sts-0_20250707_215012_034710.csv,True,False,False,1751925379.8232613,612734.3957424164
361539,1751924767.0890975,1751925006.655414,batch_consumer-sts-0_20250707_215012_034710.csv,True,False,False,1751925379.8232613,612734.1637611389
361549,1751924767.0893295,1751925006.680614,batch_consumer-sts-0_20250707_215012_034710.csv,True,False,False,1751925379.8232613,612733.9317798615
361559,1751924767.0895653,1751925006.704672,batch_consumer-sts-0_20250707_215012_034710.csv,True,False,False,1751925379.8232613,612733.6959838867
361569,1751924767.089797,1751925006.7292109,batch_consumer-sts-0_20250707_215012_034710.csv,True,False,False,1751925379.8232613,612733.4642410278
361579,1751924767.0900283,1751925006.7736468,batch_consumer-sts-0_20250707_215012_034710.csv,True,False,False,1751925379.8232613,612733.2329750061
361589,1751924767.090268,1751925006.7980173,batch_consumer-sts-0_20250707_215012_034710.csv,True,False,False,1751925379.8232613,612732.9933643341
361599,1751924767.0905006,1751925006.8226848,batch_consumer-sts-0_20250707_215012_034710.csv,True,False,False,1751925379.8232613,612732.7606678009
361609,1751924767.0907304,1751925006.8473897,batch_consumer-sts-0_20250707_215012_034710.csv,True,False,False,1751925379.8232613,612732.5308322906
361619,1751924767.0909643,1751925006.872223,batch_consumer-sts-0_20250707_215012_034710.csv,True,False,False,1751925379.8232613,612732.2969436646
361629,1751924767.0911944,1751925006.8969054,batch_consumer-sts-0_20250707_215012_034710.csv,True,False,False,1751925379.8232613,612732.0668697357
361639,1751924767.0914292,1751925006.9212604,batch_consumer-sts-0_20250707_215012_034710.csv,True,False,False,1751925379.8232613,612731.8320274353
361649,1751924767.0916598,1751925006.9453828,batch_consumer-sts-0_20250707_215012_034710.csv,True,False,False,1751925379.8232613,612731.6014766693
361659,1751924767.0918963,1751925006.9704523,batch_consumer-sts-0_20250707_215012_034710.csv,True,False,False,1751925379.8232613,612731.3649654388
361669,1751924767.092131,1751925006.9952807,batch_consumer-sts-0_20250707_215012_034710.csv,True,False,False,1751925379.8232613,612731.130361557
361679,1751924767.0923617,1751925007.0191512,batch_consumer-sts-0_20250707_215012_034710.csv,True,False,False,1751925379.8232613,612730.8995723724
361689,1751924767.0925934,1751925007.042782,batch_consumer-sts-0_20250707_215012_034710.csv,True,False,False,1751925379.8232613,612730.6678295135
361699,1751924767.092831,1751925007.0673635,batch_consumer-sts-0_20250707_215012_034710.csv,True,False,False,1751925379.8232613,612730.4303646088
361709,1751924767.0930576,1751925007.0918915,batch_consumer-sts-0_20250707_215012_034710.csv,True,False,False,1751925379.8232613,612730.20362854
361719,1751924767.0933018,1751925007.116083,batch_consumer-sts-0_20250707_215012_034710.csv,True,False,False,1751925379.8232613,612729.959487915
361729,1751924767.093537,1751925007.140544,batch_consumer-sts-0_20250707_215012_034710.csv,True,False,False,1751925379.8232613,612729.7241687775
361739,1751924767.0937712,1751925007.1660926,batch_consumer-sts-0_20250707_215012_034710.csv,True,False,False,1751925379.8232613,612729.4900417328
361749,1751924767.0940106,1751925007.190832,batch_consumer-sts-0_20250707_215012_034710.csv,True,False,False,1751925379.8232613,612729.2506694794
361759,1751924767.094254,1751925007.2145293,batch_consumer-sts-0_20250707_215012_034710.csv,True,False,False,1751925379.8232613,612729.0072441101
361769,1751924767.0944886,1751925007.239271,batch_consumer-sts-0_20250707_215012_034710.csv,True,False,False,1751925379.8232613,612728.7726402283
361779,1751924767.0947275,1751925007.263452,batch_consumer-sts-0_20250707_215012_034710.csv,True,False,False,1751925379.8232613,612728.533744812
361789,1751924767.0949612,1751925007.288312,batch_consumer-sts-0_20250707_215012_034710.csv,True,False,False,1751925379.8232613,612728.3000946045
361799,1751924767.095194,1751925007.312219,batch_consumer-sts-0_20250707_215012_034710.csv,True,False,False,1751925379.8232613,612728.0671596527
361809,1751924767.0954263,1751925007.336945,batch_consumer-sts-0_20250707_215012_034710.csv,True,False,False,1751925379.8232613,612727.8349399567
361819,1751924767.0956562,1751925007.361452,batch_consumer-sts-0_20250707_215012_034710.csv,True,False,False,1751925379.8232613,612727.6051044464
361829,1751924767.0958903,1751925007.3861692,batch_consumer-sts-0_20250707_215012_034710.csv,True,False,False,1751925379.8232613,612727.3709774017
361839,1751924767.096132,1751925007.4100614,batch_consumer-sts-0_20250707_215012_034710.csv,True,False,False,1751925379.8232613,612727.1292209625
361849,1751924767.0963557,1751925007.4350286,batch_consumer-sts-0_20250707_215012_034710.csv,True,False,False,1751925379.8232613,612726.9055843353
361859,1751924767.0965483,1751925007.4601336,batch_consumer-sts-0_20250707_215012_034710.csv,True,False,False,1751925379.8232613,612726.7129421234
361869,1751924767.096742,1751925007.484049,batch_consumer-sts-0_20250707_215012_034710.csv,True,False,False,1751925379.8232613,612726.5193462372
361879,1751924767.0969462,1751925007.5081909,batch_consumer-sts-0_20250707_215012_034710.csv,True,False,False,1751925379.8232613,612726.3150215149
361889,1751924767.0971396,1751925007.5329154,batch_consumer-sts-0_20250707_215012_034710.csv,True,False,False,1751925379.8232613,612726.1216640472
361899,1751924767.0973473,1751925007.5612342,batch_consumer-sts-0_20250707_215012_034710.csv,True,False,False,1751925379.8232613,612725.9140014648
361909,1751924767.0975342,1751925007.5864687,batch_consumer-sts-0_20250707_215012_034710.csv,True,False,False,1751925379.8232613,612725.7270812988
361919,1751924767.0977273,1751925007.6091278,batch_consumer-sts-0_20250707_215012_034710.csv,True,False,False,1751925379.8232613,612725.5339622498
361929,1751924767.0979316,1751925007.633324,batch_consumer-sts-0_20250707_215012_034710.csv,True,False,False,1751925379.8232613,612725.3296375275
361939,1751924767.0981295,1751925007.6588187,batch_consumer-sts-0_20250707_215012_034710.csv,True,False,False,1751925379.8232613,612725.1317501068
361949,1751924767.098377,1751925007.683695,batch_consumer-sts-0_20250707_215012_034710.csv,True,False,False,1751925379.8232613,612724.8842716217
361959,1751924767.098613,1751925007.7076764,batch_consumer-sts-0_20250707_215012_034710.csv,True,False,False,1751925379.8232613,612724.6482372284
361969,1751924767.0988495,1751925007.7318792,batch_consumer-sts-0_20250707_215012_034710.csv,True,False,False,1751925379.8232613,612724.4117259979
361979,1751924767.099082,1751925007.7566998,batch_consumer-sts-0_20250707_215012_034710.csv,True,False,False,1751925379.8232613,612724.1792678833
361989,1751924767.0993152,1751925007.780794,batch_consumer-sts-0_20250707_215012_034710.csv,True,False,False,1751925379.8232613,612723.9460945129
361999,1751924767.099553,1751925007.804756,batch_consumer-sts-0_20250707_215012_034710.csv,True,False,False,1751925379.8232613,612723.708152771
362009,1751924767.0997896,1751925007.8289354,batch_consumer-sts-0_20250707_215012_034710.csv,True,False,False,1751925379.8232613,612723.4716415405
362019,1751924767.1000288,1751925007.8531811,batch_consumer-sts-0_20250707_215012_034710.csv,True,False,False,1751925379.8232613,612723.2325077057
362029,1751924767.1002665,1751925007.8778915,batch_consumer-sts-0_20250707_215012_034710.csv,True,False,False,1751925379.8232613,612722.9948043823
362039,1751924767.1004944,1751925007.902398,batch_consumer-sts-0_20250707_215012_034710.csv,True,False,False,1751925379.8232613,612722.7668762207
362049,1751924767.1007206,1751925007.9276729,batch_consumer-sts-0_20250707_215012_034710.csv,True,False,False,1751925379.8232613,612722.5406169891
362059,1751924767.1009574,1751925007.952598,batch_consumer-sts-0_20250707_215012_034710.csv,True,False,False,1751925379.8232613,612722.3038673401
362069,1751924767.1011956,1751925007.9778223,batch_consumer-sts-0_20250707_215012_034710.csv,True,False,False,1751925379.8232613,612722.0656871796
362079,1751924767.1016302,1751925008.00262,batch_consumer-sts-0_20250707_215012_034710.csv,True,False,False,1751925379.8232613,612721.6310501099
362089,1751924767.1018617,1751925008.0270543,batch_consumer-sts-0_20250707_215012_034710.csv,True,False,False,1751925379.8232613,612721.3995456696
362099,1751924767.1020925,1751925008.0522242,batch_consumer-sts-0_20250707_215012_034710.csv,True,False,False,1751925379.8232613,612721.168756485
362109,1751924767.1023374,1751925008.0769072,batch_consumer-sts-0_20250707_215012_034710.csv,True,False,False,1751925379.8232613,612720.9239006042
362119,1751924767.102582,1751925008.101452,batch_consumer-sts-0_20250707_215012_034710.csv,True,False,False,1751925379.8232613,612720.6792831421
362129,1751924767.1028244,1751925008.1250308,batch_consumer-sts-0_20250707_215012_034710.csv,True,False,False,1751925379.8232613,612720.4368114471
362139,1751924767.1030617,1751925008.1496043,batch_consumer-sts-0_20250707_215012_034710.csv,True,False,False,1751925379.8232613,612720.1995849609
362149,1751924767.103289,1751925008.1744783,batch_consumer-sts-0_20250707_215012_034710.csv,True,False,False,1751925379.8232613,612719.972372055
362159,1751924767.1035182,1751925008.199443,batch_consumer-sts-0_20250707_215012_034710.csv,True,False,False,1751925379.8232613,612719.743013382
362169,1751924767.1037507,1751925008.224331,batch_consumer-sts-0_20250707_215012_034710.csv,True,False,False,1751925379.8232613,612719.5105552673
362179,1751924767.103979,1751925008.2484374,batch_consumer-sts-0_20250707_215012_034710.csv,True,False,False,1751925379.8232613,612719.2821502686
362189,1751924767.104216,1751925008.2729857,batch_consumer-sts-0_20250707_215012_034710.csv,True,False,False,1751925379.8232613,612719.0451622009
362199,1751924767.104454,1751925008.298031,batch_consumer-sts-0_20250707_215012_034710.csv,True,False,False,1751925379.8232613,612718.807220459
362209,1751924767.1046913,1751925008.322852,batch_consumer-sts-0_20250707_215012_034710.csv,True,False,False,1751925379.8232613,612718.5699939728
362219,1751924767.104926,1751925008.348062,batch_consumer-sts-0_20250707_215012_034710.csv,True,False,False,1751925379.8232613,612718.3351516724
362229,1751924767.1051552,1751925008.3725822,batch_consumer-sts-0_20250707_215012_034710.csv,True,False,False,1751925379.8232613,612718.1060314178
362239,1751924767.1053932,1751925008.39707,batch_consumer-sts-0_20250707_215012_034710.csv,True,False,False,1751925379.8232613,612717.8680896759
362249,1751924767.1056254,1751925008.4240897,batch_consumer-sts-0_20250707_215012_034710.csv,True,False,False,1751925379.8232613,612717.6358699799
362259,1751924767.1058595,1751925008.448471,batch_consumer-sts-0_20250707_215012_034710.csv,True,False,False,1751925379.8232613,612717.4017429352
362269,1751924767.1060927,1751925008.4727695,batch_consumer-sts-0_20250707_215012_034710.csv,True,False,False,1751925379.8232613,612717.1685695648
362279,1751924767.106326,1751925008.497409,batch_consumer-sts-0_20250707_215012_034710.csv,True,False,False,1751925379.8232613,612716.9351577759
362289,1751924767.1065536,1751925008.5212846,batch_consumer-sts-0_20250707_215012_034710.csv,True,False,False,1751925379.8232613,612716.7077064514
362299,1751924767.106787,1751925008.544669,batch_consumer-sts-0_20250707_215012_034710.csv,True,False,False,1751925379.8232613,612716.4742946625
362309,1751924767.107019,1751925008.5689623,batch_consumer-sts-0_20250707_215012_034710.csv,True,False,False,1751925379.8232613,612716.242313385
362319,1751924767.107247,1751925008.726323,batch_consumer-sts-0_20250707_215012_034710.csv,True,False,False,1751925379.8232613,612716.0141468048
362329,1751924767.1074824,1751925008.7512972,batch_consumer-sts-0_20250707_215012_034710.csv,True,False,False,1751925379.8232613,612715.7788276672
362339,1751924767.107712,1751925008.7768707,batch_consumer-sts-0_20250707_215012_034710.csv,True,False,False,1751925379.8232613,612715.5492305756
362349,1751924767.1079454,1751925008.80091,batch_consumer-sts-0_20250707_215012_034710.csv,True,False,False,1751925379.8232613,612715.3158187866
362359,1751924767.1081796,1751925008.8255072,batch_consumer-sts-0_20250707_215012_034710.csv,True,False,False,1751925379.8232613,612715.081691742
362369,1751924767.1084125,1751925008.8497517,batch_consumer-sts-0_20250707_215012_034710.csv,True,False,False,1751925379.8232613,612714.8487567902
362379,1751924767.1086466,1751925008.8743906,batch_consumer-sts-0_20250707_215012_034710.csv,True,False,False,1751925379.8232613,612714.6146297455
362389,1751924767.108878,1751925008.898858,batch_consumer-sts-0_20250707_215012_034710.csv,True,False,False,1751925379.8232613,612714.3833637238
362399,1751924767.1091163,1751925008.9234998,batch_consumer-sts-0_20250707_215012_034710.csv,True,False,False,1751925379.8232613,612714.1449451447
362409,1751924767.1093578,1751925008.9483895,batch_consumer-sts-0_20250707_215012_034710.csv,True,False,False,1751925379.8232613,612713.903427124
362419,1751924767.1095605,1751925008.9731116,batch_consumer-sts-0_20250707_215012_034710.csv,True,False,False,1751925379.8232613,612713.7007713318
362429,1751924767.1097405,1751925008.9978514,batch_consumer-sts-0_20250707_215012_034710.csv,True,False,False,1751925379.8232613,612713.5207653046
362439,1751924767.1099253,1751925009.0229318,batch_consumer-sts-0_20250707_215012_034710.csv,True,False,False,1751925379.8232613,612713.3359909058
362449,1751924767.1100996,1751925009.0478723,batch_consumer-sts-0_20250707_215012_034710.csv,True,False,False,1751925379.8232613,612713.1617069244
362459,1751924767.110339,1751925009.0731132,batch_consumer-sts-0_20250707_215012_034710.csv,True,False,False,1751925379.8232613,612712.922334671
362469,1751924767.110571,1751925009.0978858,batch_consumer-sts-0_20250707_215012_034710.csv,True,False,False,1751925379.8232613,612712.6903533936
362479,1751924767.1108007,1751925009.1248124,batch_consumer-sts-0_20250707_215012_034710.csv,True,False,False,1751925379.8232613,612712.4605178833
362489,1751924767.111034,1751925009.1502883,batch_consumer-sts-0_20250707_215012_034710.csv,True,False,False,1751925379.8232613,612712.2273445129
362499,1751924767.1112688,1751925009.1749084,batch_consumer-sts-0_20250707_215012_034710.csv,True,False,False,1751925379.8232613,612711.9925022125
362509,1751924767.1114955,1751925009.1995764,batch_consumer-sts-0_20250707_215012_034710.csv,True,False,False,1751925379.8232613,612711.7657661438
362519,1751924767.1117177,1751925009.224087,batch_consumer-sts-0_20250707_215012_034710.csv,True,False,False,1751925379.8232613,612711.5435600281
362529,1751924767.1119497,1751925009.2492614,batch_consumer-sts-0_20250707_215012_034710.csv,True,False,False,1751925379.8232613,612711.3115787506
362539,1751924767.112182,1751925009.2741582,batch_consumer-sts-0_20250707_215012_034710.csv,True,False,False,1751925379.8232613,612711.0793590546
362549,1751924767.1124203,1751925009.299182,batch_consumer-sts-0_20250707_215012_034710.csv,True,False,False,1751925379.8232613,612710.8409404755
362559,1751924767.1126614,1751925010.3248718,batch_consumer-sts-0_20250707_215012_034710.csv,True,False,False,1751925379.8232613,612710.599899292
362569,1751924767.1128871,1751925010.3499024,batch_consumer-sts-0_20250707_215012_034710.csv,True,False,False,1751925379.8232613,612710.3741168976
362579,1751924767.1131165,1751925010.374833,batch_consumer-sts-0_20250707_215012_034710.csv,True,False,False,1751925379.8232613,612710.1447582245
362589,1751924767.1133523,1751925010.3996308,batch_consumer-sts-0_20250707_215012_034710.csv,True,False,False,1751925379.8232613,612709.9089622498
362599,1751924767.1135895,1751925010.424364,batch_consumer-sts-0_20250707_215012_034710.csv,True,False,False,1751925379.8232613,612709.6717357635
362609,1751924767.1138222,1751925010.448933,batch_consumer-sts-0_20250707_215012_034710.csv,True,False,False,1751925379.8232613,612709.4390392303
362619,1751924767.1140552,1751925010.4743533,batch_consumer-sts-0_20250707_215012_034710.csv,True,False,False,1751925379.8232613,612709.2061042786
362629,1751924767.114294,1751925010.498842,batch_consumer-sts-0_20250707_215012_034710.csv,True,False,False,1751925379.8232613,612708.9672088623
362639,1751924767.1145225,1751925010.5242376,batch_consumer-sts-0_20250707_215012_034710.csv,True,False,False,1751925379.8232613,612708.7388038635
362649,1751924767.1147535,1751925010.5483606,batch_consumer-sts-0_20250707_215012_034710.csv,True,False,False,1751925379.8232613,612708.5077762604
362659,1751924767.1149912,1751925010.572464,batch_consumer-sts-0_20250707_215012_034710.csv,True,False,False,1751925379.8232613,612708.270072937
362669,1751924767.1152174,1751925010.5968175,batch_consumer-sts-0_20250707_215012_034710.csv,True,False,False,1751925379.8232613,612708.0438137054
362679,1751924767.11545,1751925010.6239798,batch_consumer-sts-0_20250707_215012_034710.csv,True,False,False,1751925379.8232613,612707.8113555908
362689,1751924767.115673,1751925010.6488423,batch_consumer-sts-0_20250707_215012_034710.csv,True,False,False,1751925379.8232613,612707.5881958008
362699,1751924767.1159077,1751925010.6734445,batch_consumer-sts-0_20250707_215012_034710.csv,True,False,False,1751925379.8232613,612707.353591919
362709,1751924767.1161325,1751925010.698347,batch_consumer-sts-0_20250707_215012_034710.csv,True,False,False,1751925379.8232613,612707.1287631989
362719,1751924767.1163602,1751925010.7230213,batch_consumer-sts-0_20250707_215012_034710.csv,True,False,False,1751925379.8232613,612706.9010734558
362729,1751924767.1165862,1751925010.7479188,batch_consumer-sts-0_20250707_215012_034710.csv,True,False,False,1751925379.8232613,612706.6750526428
362739,1751924767.1168206,1751925010.773345,batch_consumer-sts-0_20250707_215012_034710.csv,True,False,False,1751925379.8232613,612706.4406871796
362749,1751924767.117051,1751925010.798108,batch_consumer-sts-0_20250707_215012_034710.csv,True,False,False,1751925379.8232613,612706.2103748322
362759,1751924767.1172843,1751925010.823213,batch_consumer-sts-0_20250707_215012_034710.csv,True,False,False,1751925379.8232613,612705.9769630432
380169,1751924767.5591755,1751925010.8506916,batch_consumer-sts-0_20250707_215012_034710.csv,True,False,False,1751925379.8232613,612264.0857696533
380179,1751924767.5594144,1751925010.8755925,batch_consumer-sts-0_20250707_215012_034710.csv,True,False,False,1751925379.8232613,612263.8468742371
380189,1751924767.559651,1751925011.0221329,batch_consumer-sts-0_20250707_215012_034710.csv,True,False,False,1751925379.8232613,612263.6103630066
380199,1751924767.55989,1751925011.0472808,batch_consumer-sts-0_20250707_215012_034710.csv,True,False,False,1751925379.8232613,612263.3712291718
380209,1751924767.5601192,1751925011.0747788,batch_consumer-sts-0_20250707_215012_034710.csv,True,False,False,1751925379.8232613,612263.1421089172
380219,1751924767.5603485,1751925011.099522,batch_consumer-sts-0_20250707_215012_034710.csv,True,False,False,1751925379.8232613,612262.9127502441
380229,1751924767.5605824,1751925011.1241665,batch_consumer-sts-0_20250707_215012_034710.csv,True,False,False,1751925379.8232613,612262.678861618
380239,1751924767.5608194,1751925011.1491446,batch_consumer-sts-0_20250707_215012_034710.csv,True,False,False,1751925379.8232613,612262.4418735504
380249,1751924767.561051,1751925011.1799014,batch_consumer-sts-0_20250707_215012_034710.csv,True,False,False,1751925379.8232613,612262.2103691101
380259,1751924767.561277,1751925011.204673,batch_consumer-sts-0_20250707_215012_034710.csv,True,False,False,1751925379.8232613,612261.9843482971
380269,1751924767.5615137,1751925011.229174,batch_consumer-sts-0_20250707_215012_034710.csv,True,False,False,1751925379.8232613,612261.7475986481
380279,1751924767.5617473,1751925011.2540083,batch_consumer-sts-0_20250707_215012_034710.csv,True,False,False,1751925379.8232613,612261.5139484406
380289,1751924767.561978,1751925011.278905,batch_consumer-sts-0_20250707_215012_034710.csv,True,False,False,1751925379.8232613,612261.283159256
380299,1751924767.5622172,1751925011.3043313,batch_consumer-sts-0_20250707_215012_034710.csv,True,False,False,1751925379.8232613,612261.0440254211
380309,1751924767.5624475,1751925011.335863,batch_consumer-sts-0_20250707_215012_034710.csv,True,False,False,1751925379.8232613,612260.8137130737
380319,1751924767.562678,1751925011.3643131,batch_consumer-sts-0_20250707_215012_034710.csv,True,False,False,1751925379.8232613,612260.5831623077
380329,1751924767.5629058,1751925011.453919,batch_consumer-sts-0_20250707_215012_034710.csv,True,False,False,1751925379.8232613,612260.3554725647
380339,1751924767.563138,1751925011.478891,batch_consumer-sts-0_20250707_215012_034710.csv,True,False,False,1751925379.8232613,612260.1232528687
380349,1751924767.5633888,1751925011.5037644,batch_consumer-sts-0_20250707_215012_034710.csv,True,False,False,1751925379.8232613,612259.8724365234
380359,1751924767.5636246,1751925011.5288217,batch_consumer-sts-0_20250707_215012_034710.csv,True,False,False,1751925379.8232613,612259.6366405487
380369,1751924767.563855,1751925011.5539062,batch_consumer-sts-0_20250707_215012_034710.csv,True,False,False,1751925379.8232613,612259.4063282013
380379,1751924767.5640864,1751925011.5786965,batch_consumer-sts-0_20250707_215012_034710.csv,True,False,False,1751925379.8232613,612259.174823761
380389,1751924767.564369,1751925011.60355,batch_consumer-sts-0_20250707_215012_034710.csv,True,False,False,1751925379.8232613,612258.8922977448
380399,1751924767.5646062,1751925011.6298614,batch_consumer-sts-0_20250707_215012_034710.csv,True,False,False,1751925379.8232613,612258.6550712585
380409,1751924767.564835,1751925011.6549122,batch_consumer-sts-0_20250707_215012_034710.csv,True,False,False,1751925379.8232613,612258.4261894226
380419,1751924767.5650816,1751925011.6804063,batch_consumer-sts-0_20250707_215012_034710.csv,True,False,False,1751925379.8232613,612258.1796646118
380429,1751924767.5652993,1751925011.705545,batch_consumer-sts-0_20250707_215012_034710.csv,True,False,False,1751925379.8232613,612257.9619884491
380439,1751924767.565518,1751925011.7306802,batch_consumer-sts-0_20250707_215012_034710.csv,True,False,False,1751925379.8232613,612257.7433586121
380449,1751924767.56575,1751925011.756458,batch_consumer-sts-0_20250707_215012_034710.csv,True,False,False,1751925379.8232613,612257.5113773346
380459,1751924767.5659416,1751925011.7814877,batch_consumer-sts-0_20250707_215012_034710.csv,True,False,False,1751925379.8232613,612257.319688797
380469,1751924767.5661366,1751925011.8067198,batch_consumer-sts-0_20250707_215012_034710.csv,True,False,False,1751925379.8232613,612257.1246623993
380479,1751924767.5663831,1751925011.836516,batch_consumer-sts-0_20250707_215012_034710.csv,True,False,False,1751925379.8232613,612256.8781375885
380489,1751924767.566609,1751925011.8614168,batch_consumer-sts-0_20250707_215012_034710.csv,True,False,False,1751925379.8232613,612256.6523551941
380499,1751924767.5668297,1751925011.8863304,batch_consumer-sts-0_20250707_215012_034710.csv,True,False,False,1751925379.8232613,612256.4315795898
380509,1751924767.5670624,1751925011.9102533,batch_consumer-sts-0_20250707_215012_034710.csv,True,False,False,1751925379.8232613,612256.1988830566
380519,1751924767.5672903,1751925011.935454,batch_consumer-sts-0_20250707_215012_034710.csv,True,False,False,1751925379.8232613,612255.970954895
380529,1751924767.56752,1751925011.9605188,batch_consumer-sts-0_20250707_215012_034710.csv,True,False,False,1751925379.8232613,612255.7413578033
380539,1751924767.5677457,1751925011.984994,batch_consumer-sts-0_20250707_215012_034710.csv,True,False,False,1751925379.8232613,612255.5155754089
380549,1751924767.5679684,1751925012.0090957,batch_consumer-sts-0_20250707_215012_034710.csv,True,False,False,1751925379.8232613,612255.292892456
380559,1751924767.5681958,1751925012.375038,batch_consumer-sts-0_20250707_215034_005674.csv,True,False,False,1751925379.8232613,612255.0654411316
380569,1751924767.5684197,1751925012.4003916,batch_consumer-sts-0_20250707_215034_005674.csv,True,False,False,1751925379.8232613,612254.8415660858
380579,1751924767.5686529,1751925012.4252636,batch_consumer-sts-0_20250707_215034_005674.csv,True,False,False,1751925379.8232613,612254.6083927155
380589,1751924767.568892,1751925012.450076,batch_consumer-sts-0_20250707_215034_005674.csv,True,False,False,1751925379.8232613,612254.3692588806
380599,1751924767.569387,1751925012.475101,batch_consumer-sts-0_20250707_215034_005674.csv,True,False,False,1751925379.8232613,612253.8743019104
380609,1751924767.569769,1751925012.5001743,batch_consumer-sts-0_20250707_215034_005674.csv,True,False,False,1751925379.8232613,612253.4923553467
380619,1751924767.57057,1751925012.524319,batch_consumer-sts-0_20250707_215034_005674.csv,True,False,False,1751925379.8232613,612252.6912689209
380629,1751924767.5708015,1751925012.5480964,batch_consumer-sts-0_20250707_215034_005674.csv,True,False,False,1751925379.8232613,612252.4597644806
380639,1751924767.5710237,1751925012.5739536,batch_consumer-sts-0_20250707_215034_005674.csv,True,False,False,1751925379.8232613,612252.2375583649
380649,1751924767.5712569,1751925012.602071,batch_consumer-sts-0_20250707_215034_005674.csv,True,False,False,1751925379.8232613,612252.0043849945
380659,1751924767.571481,1751925012.639254,batch_consumer-sts-0_20250707_215034_005674.csv,True,False,False,1751925379.8232613,612251.7802715302
380669,1751924767.5717149,1751925012.663959,batch_consumer-sts-0_20250707_215034_005674.csv,True,False,False,1751925379.8232613,612251.546382904
380679,1751924767.5719495,1751925012.688265,batch_consumer-sts-0_20250707_215034_005674.csv,True,False,False,1751925379.8232613,612251.3117790222
380689,1751924767.5721817,1751925012.712298,batch_consumer-sts-0_20250707_215034_005674.csv,True,False,False,1751925379.8232613,612251.0795593262
380699,1751924767.5724137,1751925012.736687,batch_consumer-sts-0_20250707_215034_005674.csv,True,False,False,1751925379.8232613,612250.8475780487
380709,1751924767.5726416,1751925012.7616687,batch_consumer-sts-0_20250707_215034_005674.csv,True,False,False,1751925379.8232613,612250.6196498871
380719,1751924767.5730698,1751925012.7865214,batch_consumer-sts-0_20250707_215034_005674.csv,True,False,False,1751925379.8232613,612250.191450119
380729,1751924767.5739138,1751925012.810637,batch_consumer-sts-0_20250707_215034_005674.csv,True,False,False,1751925379.8232613,612249.347448349
380739,1751924767.574145,1751925012.8353934,batch_consumer-sts-0_20250707_215034_005674.csv,True,False,False,1751925379.8232613,612249.1161823273
380749,1751924767.5743842,1751925012.860413,batch_consumer-sts-0_20250707_215034_005674.csv,True,False,False,1751925379.8232613,612248.8770484924
380759,1751924767.574614,1751925012.8850524,batch_consumer-sts-0_20250707_215034_005674.csv,True,False,False,1751925379.8232613,612248.6472129822
380769,1751924767.5748484,1751925012.9090133,batch_consumer-sts-0_20250707_215034_005674.csv,True,False,False,1751925379.8232613,612248.4128475189
380779,1751924767.5750723,1751925012.9335277,batch_consumer-sts-0_20250707_215034_005674.csv,True,False,False,1751925379.8232613,612248.1889724731
380789,1751924767.575298,1751925012.9580538,batch_consumer-sts-0_20250707_215034_005674.csv,True,False,False,1751925379.8232613,612247.9631900787
380799,1751924767.575527,1751925012.982997,batch_consumer-sts-0_20250707_215034_005674.csv,True,False,False,1751925379.8232613,612247.7343082428
380809,1751924767.5757868,1751925013.0076993,batch_consumer-sts-0_20250707_215034_005674.csv,True,False,False,1751925379.8232613,612247.4744319916
380819,1751924767.5760424,1751925013.0324552,batch_consumer-sts-0_20250707_215034_005674.csv,True,False,False,1751925379.8232613,612247.2188472748
380829,1751924767.5763028,1751925013.0571609,batch_consumer-sts-0_20250707_215034_005674.csv,True,False,False,1751925379.8232613,612246.9584941864
380839,1751924767.576553,1751925013.0817933,batch_consumer-sts-0_20250707_215034_005674.csv,True,False,False,1751925379.8232613,612246.7081546783
380849,1751924767.5768127,1751925013.1060202,batch_consumer-sts-0_20250707_215034_005674.csv,True,False,False,1751925379.8232613,612246.4485168457
380859,1751924767.5770504,1751925013.1307807,batch_consumer-sts-0_20250707_215034_005674.csv,True,False,False,1751925379.8232613,612246.2108135223
380869,1751924767.577293,1751925013.1556716,batch_consumer-sts-0_20250707_215034_005674.csv,True,False,False,1751925379.8232613,612245.9683418274
380879,1751924767.5775273,1751925013.180543,batch_consumer-sts-0_20250707_215034_005674.csv,True,False,False,1751925379.8232613,612245.7339763641
380889,1751924767.577753,1751925013.2053597,batch_consumer-sts-0_20250707_215034_005674.csv,True,False,False,1751925379.8232613,612245.5081939697
380899,1751924767.5779848,1751925013.228983,batch_consumer-sts-0_20250707_215034_005674.csv,True,False,False,1751925379.8232613,612245.2764511108
380909,1751924767.5782244,1751925013.2536948,batch_consumer-sts-0_20250707_215034_005674.csv,True,False,False,1751925379.8232613,612245.0368404388
380919,1751924767.5784554,1751925013.2783804,batch_consumer-sts-0_20250707_215034_005674.csv,True,False,False,1751925379.8232613,612244.8058128357
380929,1751924767.57869,1751925013.3036203,batch_consumer-sts-0_20250707_215034_005674.csv,True,False,False,1751925379.8232613,612244.5712089539
380939,1751924767.5789185,1751925013.3287072,batch_consumer-sts-0_20250707_215034_005674.csv,True,False,False,1751925379.8232613,612244.3428039551
380949,1751924767.5791476,1751925013.3531675,batch_consumer-sts-0_20250707_215034_005674.csv,True,False,False,1751925379.8232613,612244.1136837006
380959,1751924767.5793755,1751925013.3780434,batch_consumer-sts-0_20250707_215034_005674.csv,True,False,False,1751925379.8232613,612243.8857555389
380969,1751924767.5796208,1751925013.4039292,batch_consumer-sts-0_20250707_215034_005674.csv,True,False,False,1751925379.8232613,612243.640422821
380979,1751924767.57986,1751925013.429055,batch_consumer-sts-0_20250707_215034_005674.csv,True,False,False,1751925379.8232613,612243.4012889862
380989,1751924767.5801,1751925013.4549177,batch_consumer-sts-0_20250707_215034_005674.csv,True,False,False,1751925379.8232613,612243.161201477
380999,1751924767.5803332,1751925013.483028,batch_consumer-sts-0_20250707_215034_005674.csv,True,False,False,1751925379.8232613,612242.9280281067
381009,1751924767.5805657,1751925013.5078745,batch_consumer-sts-0_20250707_215034_005674.csv,True,False,False,1751925379.8232613,612242.6955699921
381019,1751924767.5807984,1751925013.5324907,batch_consumer-sts-0_20250707_215034_005674.csv,True,False,False,1751925379.8232613,612242.4628734589
381029,1751924767.581034,1751925013.5572546,batch_consumer-sts-0_20250707_215034_005674.csv,True,False,False,1751925379.8232613,612242.2273159027
381039,1751924767.581421,1751925013.582868,batch_consumer-sts-0_20250707_215034_005674.csv,True,False,False,1751925379.8232613,612241.8403625488
381049,1751924767.5818293,1751925013.6075065,batch_consumer-sts-0_20250707_215034_005674.csv,True,False,False,1751925379.8232613,612241.4319515228
381059,1751924767.5822475,1751925013.6320949,batch_consumer-sts-0_20250707_215034_005674.csv,True,False,False,1751925379.8232613,612241.0137653351
381069,1751924767.5826478,1751925013.6568666,batch_consumer-sts-0_20250707_215034_005674.csv,True,False,False,1751925379.8232613,612240.6134605408
381079,1751924767.5829816,1751925013.68196,batch_consumer-sts-0_20250707_215034_005674.csv,True,False,False,1751925379.8232613,612240.27967453
381089,1751924767.5835428,1751925013.7062554,batch_consumer-sts-0_20250707_215034_005674.csv,True,False,False,1751925379.8232613,612239.7184371948
381099,1751924767.5847027,1751925014.5961356,batch_consumer-sts-0_20250707_215034_005674.csv,True,False,False,1751925379.8232613,612238.5585308075
381109,1751924767.5851169,1751925014.620597,batch_consumer-sts-0_20250707_215034_005674.csv,True,False,False,1751925379.8232613,612238.1443977356
381119,1751924767.5855217,1751925014.6454842,batch_consumer-sts-0_20250707_215034_005674.csv,True,False,False,1751925379.8232613,612237.7395629883
381129,1751924767.5859416,1751925014.6703904,batch_consumer-sts-0_20250707_215034_005674.csv,True,False,False,1751925379.8232613,612237.3197078705
381139,1751924767.586735,1751925014.6955204,batch_consumer-sts-0_20250707_215034_005674.csv,True,False,False,1751925379.8232613,612236.5262508392
381149,1751924767.5871413,1751925014.7215147,batch_consumer-sts-0_20250707_215034_005674.csv,True,False,False,1751925379.8232613,612236.1199855804
381159,1751924767.5883307,1751925015.747573,batch_consumer-sts-0_20250707_215034_005674.csv,True,False,False,1751925379.8232613,612234.9305152893
381169,1751924767.5886486,1751925015.7721734,batch_consumer-sts-0_20250707_215034_005674.csv,True,False,False,1751925379.8232613,612234.6127033234
381179,1751924767.5889685,1751925015.7971146,batch_consumer-sts-0_20250707_215034_005674.csv,True,False,False,1751925379.8232613,612234.2927455902
381189,1751924767.5892992,1751925015.821758,batch_consumer-sts-0_20250707_215034_005674.csv,True,False,False,1751925379.8232613,612233.962059021
381199,1751924767.5896614,1751925015.846952,batch_consumer-sts-0_20250707_215034_005674.csv,True,False,False,1751925379.8232613,612233.5999011993
381209,1751924767.590004,1751925015.871915,batch_consumer-sts-0_20250707_215034_005674.csv,True,False,False,1751925379.8232613,612233.2572937012
381219,1751924767.590418,1751925015.8971207,batch_consumer-sts-0_20250707_215034_005674.csv,True,False,False,1751925379.8232613,612232.8431606293
381229,1751924767.5908298,1751925015.9241784,batch_consumer-sts-0_20250707_215034_005674.csv,True,False,False,1751925379.8232613,612232.4314117432
381239,1751924767.5912526,1751925015.9490016,batch_consumer-sts-0_20250707_215034_005674.csv,True,False,False,1751925379.8232613,612232.0086956024
381249,1751924767.591654,1751925015.9735005,batch_consumer-sts-0_20250707_215034_005674.csv,True,False,False,1751925379.8232613,612231.6071987152
381259,1751924767.5924227,1751925015.9984698,batch_consumer-sts-0_20250707_215034_005674.csv,True,False,False,1751925379.8232613,612230.8385372162
381269,1751924767.593362,1751925016.081665,batch_consumer-sts-0_20250707_215034_005674.csv,True,False,False,1751925379.8232613,612229.8991680145
381279,1751924767.5935948,1751925016.1061714,batch_consumer-sts-0_20250707_215034_005674.csv,True,False,False,1751925379.8232613,612229.6664714813
381289,1751924767.5938203,1751925016.131142,batch_consumer-sts-0_20250707_215034_005674.csv,True,False,False,1751925379.8232613,612229.4409275055
381299,1751924767.5943651,1751925016.1565845,batch_consumer-sts-0_20250707_215034_005674.csv,True,False,False,1751925379.8232613,612228.8961410522
381309,1751924767.5960464,1751925016.1813123,batch_consumer-sts-0_20250707_215034_005674.csv,True,False,False,1751925379.8232613,612227.2148132324
381319,1751924767.596473,1751925016.2046163,batch_consumer-sts-0_20250707_215034_005674.csv,True,False,False,1751925379.8232613,612226.7882823944
381329,1751924767.596878,1751925016.230074,batch_consumer-sts-0_20250707_215034_005674.csv,True,False,False,1751925379.8232613,612226.3832092285
381339,1751924767.5972874,1751925016.6729395,batch_consumer-sts-0_20250707_215034_005674.csv,True,False,False,1751925379.8232613,612225.9738445282
381349,1751924767.5977015,1751925016.6978211,batch_consumer-sts-0_20250707_215034_005674.csv,True,False,False,1751925379.8232613,612225.5597114563
381359,1751924767.598121,1751925016.7277007,batch_consumer-sts-0_20250707_215034_005674.csv,True,False,False,1751925379.8232613,612225.1403331757
381369,1751924767.5985444,1751925016.7525232,batch_consumer-sts-0_20250707_215034_005674.csv,True,False,False,1751925379.8232613,612224.7169017792
381379,1751924767.5989563,1751925016.7765477,batch_consumer-sts-0_20250707_215034_005674.csv,True,False,False,1751925379.8232613,612224.3049144745
402409,1751924768.1639,1751925016.800768,batch_consumer-sts-0_20250707_215034_005674.csv,True,False,False,1751925379.8232613,611659.3613624573
402419,1751924768.164405,1751925016.8261898,batch_consumer-sts-0_20250707_215034_005674.csv,True,False,False,1751925379.8232613,611658.8561534882
402429,1751924768.1645951,1751925016.849645,batch_consumer-sts-0_20250707_215034_005674.csv,True,False,False,1751925379.8232613,611658.6661338806
402439,1751924768.165043,1751925016.8739824,batch_consumer-sts-0_20250707_215034_005674.csv,True,False,False,1751925379.8232613,611658.2181453705
402449,1751924768.165234,1751925016.898531,batch_consumer-sts-0_20250707_215034_005674.csv,True,False,False,1751925379.8232613,611658.0271720886
402459,1751924768.165413,1751925016.923092,batch_consumer-sts-0_20250707_215034_005674.csv,True,False,False,1751925379.8232613,611657.8483581543
402469,1751924768.1656191,1751925016.9492023,batch_consumer-sts-0_20250707_215034_005674.csv,True,False,False,1751925379.8232613,611657.6421260834
402479,1751924768.165825,1751925016.9728038,batch_consumer-sts-0_20250707_215034_005674.csv,True,False,False,1751925379.8232613,611657.4363708496
402489,1751924768.166116,1751925016.9975348,batch_consumer-sts-0_20250707_215034_005674.csv,True,False,False,1751925379.8232613,611657.1452617645
402499,1751924768.1665945,1751925017.0227618,batch_consumer-sts-0_20250707_215034_005674.csv,True,False,False,1751925379.8232613,611656.6667556763
402509,1751924768.167448,1751925017.048025,batch_consumer-sts-0_20250707_215034_005674.csv,True,False,False,1751925379.8232613,611655.8132171631
402519,1751924768.167634,1751925017.0727086,batch_consumer-sts-0_20250707_215034_005674.csv,True,False,False,1751925379.8232613,611655.6272506714
402529,1751924768.1678145,1751925017.0973775,batch_consumer-sts-0_20250707_215034_005674.csv,True,False,False,1751925379.8232613,611655.446767807
402539,1751924768.1679928,1751925017.1219192,batch_consumer-sts-0_20250707_215034_005674.csv,True,False,False,1751925379.8232613,611655.2684307098
402549,1751924768.1681778,1751925017.1486304,batch_consumer-sts-0_20250707_215034_005674.csv,True,False,False,1751925379.8232613,611655.0834178925
402559,1751924768.168369,1751925017.1733737,batch_consumer-sts-0_20250707_215034_005674.csv,True,False,False,1751925379.8232613,611654.892206192
402569,1751924768.1686387,1751925017.198708,batch_consumer-sts-0_20250707_215034_005674.csv,True,False,False,1751925379.8232613,611654.622554779
402579,1751924768.1701207,1751925017.22866,batch_consumer-sts-0_20250707_215034_005674.csv,True,False,False,1751925379.8232613,611653.1405448914
402589,1751924768.170584,1751925017.253996,batch_consumer-sts-0_20250707_215034_005674.csv,True,False,False,1751925379.8232613,611652.6772975922
402599,1751924768.1708052,1751925017.279345,batch_consumer-sts-0_20250707_215034_005674.csv,True,False,False,1751925379.8232613,611652.4560451508
402609,1751924768.1710124,1751925017.304798,batch_consumer-sts-0_20250707_215034_005674.csv,True,False,False,1751925379.8232613,611652.2488594055
402619,1751924768.171203,1751925017.3298244,batch_consumer-sts-0_20250707_215034_005674.csv,True,False,False,1751925379.8232613,611652.0583629608
402629,1751924768.1714082,1751925017.3552673,batch_consumer-sts-0_20250707_215034_005674.csv,True,False,False,1751925379.8232613,611651.8530845642
402639,1751924768.1715891,1751925017.3804204,batch_consumer-sts-0_20250707_215034_005674.csv,True,False,False,1751925379.8232613,611651.6721248627
402649,1751924768.1717937,1751925017.4050553,batch_consumer-sts-0_20250707_215034_005674.csv,True,False,False,1751925379.8232613,611651.4675617218
402659,1751924768.1719882,1751925017.4301138,batch_consumer-sts-0_20250707_215034_005674.csv,True,False,False,1751925379.8232613,611651.2730121613
402669,1751924768.172183,1751925018.5672717,batch_consumer-sts-0_20250707_215034_005674.csv,True,False,False,1751925379.8232613,611651.0782241821
402679,1751924768.1723764,1751925018.5924225,batch_consumer-sts-0_20250707_215034_005674.csv,True,False,False,1751925379.8232613,611650.8848667145
402689,1751924768.1727116,1751925018.6173286,batch_consumer-sts-0_20250707_215034_005674.csv,True,False,False,1751925379.8232613,611650.5496501923
402699,1751924768.172905,1751925018.6407373,batch_consumer-sts-0_20250707_215034_005674.csv,True,False,False,1751925379.8232613,611650.3562927246
402709,1751924768.173095,1751925018.665279,batch_consumer-sts-0_20250707_215034_005674.csv,True,False,False,1751925379.8232613,611650.1662731171
402719,1751924768.1734295,1751925018.6898742,batch_consumer-sts-0_20250707_215034_005674.csv,True,False,False,1751925379.8232613,611649.8317718506
402729,1751924768.173627,1751925018.7140696,batch_consumer-sts-0_20250707_215034_005674.csv,True,False,False,1751925379.8232613,611649.6343612671
402739,1751924768.1738176,1751925018.7388554,batch_consumer-sts-0_20250707_215034_005674.csv,True,False,False,1751925379.8232613,611649.4436264038
402749,1751924768.1740084,1751925018.7637274,batch_consumer-sts-0_20250707_215034_005674.csv,True,False,False,1751925379.8232613,611649.2528915405
402759,1751924768.1743956,1751925018.7884228,batch_consumer-sts-0_20250707_215034_005674.csv,True,False,False,1751925379.8232613,611648.8656997681
402769,1751924768.1745863,1751925018.812687,batch_consumer-sts-0_20250707_215034_005674.csv,True,False,False,1751925379.8232613,611648.6749649048
402779,1751924768.1747692,1751925019.3375351,batch_consumer-sts-0_20250707_215034_005674.csv,True,False,False,1751925379.8232613,611648.4920978546
402789,1751924768.1751096,1751925019.3623626,batch_consumer-sts-0_20250707_215034_005674.csv,True,False,False,1751925379.8232613,611648.1516361237
402799,1751924768.1752963,1751925019.3867671,batch_consumer-sts-0_20250707_215034_005674.csv,True,False,False,1751925379.8232613,611647.9649543762
402809,1751924768.1758182,1751925019.4109094,batch_consumer-sts-0_20250707_215034_005674.csv,True,False,False,1751925379.8232613,611647.4430561066
402819,1751924768.1760085,1751925019.435671,batch_consumer-sts-0_20250707_215034_005674.csv,True,False,False,1751925379.8232613,611647.2527980804
402829,1751924768.1761992,1751925019.460292,batch_consumer-sts-0_20250707_215034_005674.csv,True,False,False,1751925379.8232613,611647.0620632172
402839,1751924768.1765468,1751925019.4839113,batch_consumer-sts-0_20250707_215034_005674.csv,True,False,False,1751925379.8232613,611646.7144489288
402849,1751924768.1769109,1751925019.5082257,batch_consumer-sts-0_20250707_215034_005674.csv,True,False,False,1751925379.8232613,611646.3503837585
402859,1751924768.1772552,1751925019.5359485,batch_consumer-sts-0_20250707_215034_005674.csv,True,False,False,1751925379.8232613,611646.0061073303
402869,1751924768.1775749,1751925019.560681,batch_consumer-sts-0_20250707_215034_005674.csv,True,False,False,1751925379.8232613,611645.6863880157
402879,1751924768.178041,1751925019.5855188,batch_consumer-sts-0_20250707_215034_005674.csv,True,False,False,1751925379.8232613,611645.2202796936
402889,1751924768.178233,1751925019.6103845,batch_consumer-sts-0_20250707_215034_005674.csv,True,False,False,1751925379.8232613,611645.0283527374
402899,1751924768.178711,1751925019.6376257,batch_consumer-sts-0_20250707_215034_005674.csv,True,False,False,1751925379.8232613,611644.5503234863
402909,1751924768.17906,1751925019.662789,batch_consumer-sts-0_20250707_215034_005674.csv,True,False,False,1751925379.8232613,611644.2012786865
402919,1751924768.17939,1751925019.6879852,batch_consumer-sts-0_20250707_215034_005674.csv,True,False,False,1751925379.8232613,611643.871307373
402929,1751924768.1795704,1751925019.7122934,batch_consumer-sts-0_20250707_215034_005674.csv,True,False,False,1751925379.8232613,611643.6908245087
402939,1751924768.1797512,1751925019.7371187,batch_consumer-sts-0_20250707_215034_005674.csv,True,False,False,1751925379.8232613,611643.5101032257
402949,1751924768.1799326,1751925019.7658262,batch_consumer-sts-0_20250707_215034_005674.csv,True,False,False,1751925379.8232613,611643.328666687
402959,1751924768.1801116,1751925019.7907572,batch_consumer-sts-0_20250707_215034_005674.csv,True,False,False,1751925379.8232613,611643.1496143341
402969,1751924768.1802895,1751925019.8156526,batch_consumer-sts-0_20250707_215034_005674.csv,True,False,False,1751925379.8232613,611642.9717540741
402979,1751924768.1804662,1751925020.8426723,batch_consumer-sts-0_20250707_215034_005674.csv,True,False,False,1751925379.8232613,611642.795085907
402989,1751924768.180646,1751925020.8675425,batch_consumer-sts-0_20250707_215034_005674.csv,True,False,False,1751925379.8232613,611642.6153182983
402999,1751924768.1808228,1751925020.8945816,batch_consumer-sts-0_20250707_215034_005674.csv,True,False,False,1751925379.8232613,611642.4384117126
403009,1751924768.1809976,1751925020.9189105,batch_consumer-sts-0_20250707_215034_005674.csv,True,False,False,1751925379.8232613,611642.2636508942
403019,1751924768.1811807,1751925020.9438725,batch_consumer-sts-0_20250707_215034_005674.csv,True,False,False,1751925379.8232613,611642.0805454254
403029,1751924768.1813593,1751925020.9683492,batch_consumer-sts-0_20250707_215034_005674.csv,True,False,False,1751925379.8232613,611641.9019699097
403039,1751924768.1815376,1751925020.9938266,batch_consumer-sts-0_20250707_215034_005674.csv,True,False,False,1751925379.8232613,611641.7236328125
403049,1751924768.181717,1751925021.017937,batch_consumer-sts-0_20250707_215034_005674.csv,True,False,False,1751925379.8232613,611641.544342041
403059,1751924768.1818998,1751925021.042581,batch_consumer-sts-0_20250707_215034_005674.csv,True,False,False,1751925379.8232613,611641.3614749908
403069,1751924768.1820796,1751925021.0670068,batch_consumer-sts-0_20250707_215034_005674.csv,True,False,False,1751925379.8232613,611641.1817073822
403079,1751924768.1822677,1751925021.0929475,batch_consumer-sts-0_20250707_215034_005674.csv,True,False,False,1751925379.8232613,611640.9935951233
403089,1751924768.182448,1751925021.1170187,batch_consumer-sts-0_20250707_215034_005674.csv,True,False,False,1751925379.8232613,611640.8133506775
403099,1751924768.1826255,1751925021.4306617,batch_consumer-sts-0_20250707_215034_005674.csv,True,False,False,1751925379.8232613,611640.6357288361
403109,1751924768.1828032,1751925021.454966,batch_consumer-sts-0_20250707_215034_005674.csv,True,False,False,1751925379.8232613,611640.4581069946
403119,1751924768.1829865,1751925021.479242,batch_consumer-sts-0_20250707_215034_005674.csv,True,False,False,1751925379.8232613,611640.2747631073
403129,1751924768.1831672,1751925021.5029333,batch_consumer-sts-0_20250707_215034_005674.csv,True,False,False,1751925379.8232613,611640.0940418243
403139,1751924768.1833704,1751925021.5274498,batch_consumer-sts-0_20250707_215034_005674.csv,True,False,False,1751925379.8232613,611639.890909195
403149,1751924768.1835618,1751925021.55223,batch_consumer-sts-0_20250707_215034_005674.csv,True,False,False,1751925379.8232613,611639.6994590759
403159,1751924768.1837523,1751925021.5773532,batch_consumer-sts-0_20250707_215034_005674.csv,True,False,False,1751925379.8232613,611639.5089626312
403169,1751924768.1839435,1751925021.601801,batch_consumer-sts-0_20250707_215034_005674.csv,True,False,False,1751925379.8232613,611639.3177509308
403179,1751924768.1841395,1751925021.626627,batch_consumer-sts-0_20250707_215034_005674.csv,True,False,False,1751925379.8232613,611639.1217708588
403189,1751924768.184327,1751925021.7141173,batch_consumer-sts-0_20250707_215034_005674.csv,True,False,False,1751925379.8232613,611638.9343738556
403199,1751924768.184519,1751925021.7393882,batch_consumer-sts-0_20250707_215034_005674.csv,True,False,False,1751925379.8232613,611638.7422084808
403209,1751924768.1847155,1751925021.767527,batch_consumer-sts-0_20250707_215034_005674.csv,True,False,False,1751925379.8232613,611638.5457515717
403219,1751924768.184895,1751925021.7925885,batch_consumer-sts-0_20250707_215034_005674.csv,True,False,False,1751925379.8232613,611638.3662223816
403229,1751924768.1850824,1751925021.816744,batch_consumer-sts-0_20250707_215034_005674.csv,True,False,False,1751925379.8232613,611638.1788253784
403239,1751924768.185264,1751925021.8421052,batch_consumer-sts-0_20250707_215034_005674.csv,True,False,False,1751925379.8232613,611637.9971504211
403249,1751924768.1854455,1751925021.86734,batch_consumer-sts-0_20250707_215034_005674.csv,True,False,False,1751925379.8232613,611637.8157138824
403259,1751924768.1856253,1751925021.8923824,batch_consumer-sts-0_20250707_215034_005674.csv,True,False,False,1751925379.8232613,611637.6359462738
403269,1751924768.1858056,1751925021.9167645,batch_consumer-sts-0_20250707_215034_005674.csv,True,False,False,1751925379.8232613,611637.455701828
403279,1751924768.1859915,1751925021.9445543,batch_consumer-sts-0_20250707_215034_005674.csv,True,False,False,1751925379.8232613,611637.2697353363
403289,1751924768.1861854,1751925021.969644,batch_consumer-sts-0_20250707_215034_005674.csv,True,False,False,1751925379.8232613,611637.0759010315
403299,1751924768.1863678,1751925021.9943388,batch_consumer-sts-0_20250707_215034_005674.csv,True,False,False,1751925379.8232613,611636.8935108185
403309,1751924768.186553,1751925022.0189967,batch_consumer-sts-0_20250707_215034_005674.csv,True,False,False,1751925379.8232613,611636.7082595825
403319,1751924768.186737,1751925022.044188,batch_consumer-sts-0_20250707_215034_005674.csv,True,False,False,1751925379.8232613,611636.5242004395
403329,1751924768.1869242,1751925022.069299,batch_consumer-sts-0_20250707_215034_005674.csv,True,False,False,1751925379.8232613,611636.3370418549
403339,1751924768.1871097,1751925022.093079,batch_consumer-sts-0_20250707_215034_005674.csv,True,False,False,1751925379.8232613,611636.1515522003
403349,1751924768.1872983,1751925022.1173406,batch_consumer-sts-0_20250707_215034_005674.csv,True,False,False,1751925379.8232613,611635.9629631042
403359,1751924768.1874864,1751925022.142372,batch_consumer-sts-0_20250707_215034_005674.csv,True,False,False,1751925379.8232613,611635.7748508453
403369,1751924768.18767,1751925022.1729438,batch_consumer-sts-0_20250707_215034_005674.csv,True,False,False,1751925379.8232613,611635.5912685394
403379,1751924768.187857,1751925022.201444,batch_consumer-sts-0_20250707_215034_005674.csv,True,False,False,1751925379.8232613,611635.4043483734
403389,1751924768.1880372,1751925022.2268386,batch_consumer-sts-0_20250707_215034_005674.csv,True,False,False,1751925379.8232613,611635.2241039276
403399,1751924768.188222,1751925022.2515366,batch_consumer-sts-0_20250707_215034_005674.csv,True,False,False,1751925379.8232613,611635.0393295288
403409,1751924768.1884112,1751925022.2765148,batch_consumer-sts-0_20250707_215034_005674.csv,True,False,False,1751925379.8232613,611634.850025177
403419,1751924768.1885965,1751925022.3021855,batch_consumer-sts-0_20250707_215034_005674.csv,True,False,False,1751925379.8232613,611634.664773941
403429,1751924768.188784,1751925022.330417,batch_consumer-sts-0_20250707_215034_005674.csv,True,False,False,1751925379.8232613,611634.4773769379
403439,1751924768.1889727,1751925022.355846,batch_consumer-sts-0_20250707_215034_005674.csv,True,False,False,1751925379.8232613,611634.2885494232
403449,1751924768.189154,1751925022.3806083,batch_consumer-sts-0_20250707_215034_005674.csv,True,False,False,1751925379.8232613,611634.1073513031
403459,1751924768.1893432,1751925022.4050615,batch_consumer-sts-0_20250707_215034_005674.csv,True,False,False,1751925379.8232613,611633.9180469513
403469,1751924768.1895268,1751925022.4295974,batch_consumer-sts-0_20250707_215034_005674.csv,True,False,False,1751925379.8232613,611633.7344646454
403479,1751924768.1897106,1751925022.45422,batch_consumer-sts-0_20250707_215034_005674.csv,True,False,False,1751925379.8232613,611633.5506439209
403489,1751924768.189895,1751925022.4789631,batch_consumer-sts-0_20250707_215034_005674.csv,True,False,False,1751925379.8232613,611633.3663463593
403499,1751924768.190076,1751925022.5038333,batch_consumer-sts-0_20250707_215034_005674.csv,True,False,False,1751925379.8232613,611633.1851482391
403509,1751924768.1902592,1751925022.5286703,batch_consumer-sts-0_20250707_215034_005674.csv,True,False,False,1751925379.8232613,611633.0020427704
403519,1751924768.190445,1751925022.553307,batch_consumer-sts-0_20250707_215034_005674.csv,True,False,False,1751925379.8232613,611632.8163146973
403529,1751924768.1906278,1751925022.5779495,batch_consumer-sts-0_20250707_215034_005674.csv,True,False,False,1751925379.8232613,611632.6334476471
403539,1751924768.1908252,1751925022.602728,batch_consumer-sts-0_20250707_215034_005674.csv,True,False,False,1751925379.8232613,611632.4360370636
403549,1751924768.1910005,1751925022.6275914,batch_consumer-sts-0_20250707_215034_005674.csv,True,False,False,1751925379.8232613,611632.260799408
403559,1751924768.1911805,1751925022.652235,batch_consumer-sts-0_20250707_215034_005674.csv,True,False,False,1751925379.8232613,611632.0807933807
403569,1751924768.191362,1751925022.6767728,batch_consumer-sts-0_20250707_215034_005674.csv,True,False,False,1751925379.8232613,611631.899356842
403579,1751924768.1915405,1751925022.701942,batch_consumer-sts-0_20250707_215034_005674.csv,True,False,False,1751925379.8232613,611631.7207813263
403589,1751924768.1917217,1751925022.7269268,batch_consumer-sts-0_20250707_215034_005674.csv,True,False,False,1751925379.8232613,611631.5395832062
403599,1751924768.191912,1751925022.7517748,batch_consumer-sts-0_20250707_215034_005674.csv,True,False,False,1751925379.8232613,611631.34932518
403609,1751924768.192097,1751925022.7791834,batch_consumer-sts-0_20250707_215034_005674.csv,True,False,False,1751925379.8232613,611631.1643123627
403619,1751924768.1924393,1751925022.8036487,batch_consumer-sts-0_20250707_215034_005674.csv,True,False,False,1751925379.8232613,611630.8219432831
403629,1751924768.1926222,1751925022.8286834,batch_consumer-sts-0_20250707_215034_005674.csv,True,False,False,1751925379.8232613,611630.6390762329
403639,1751924768.1928053,1751925022.8530972,batch_consumer-sts-0_20250707_215034_005674.csv,True,False,False,1751925379.8232613,611630.4559707642
403649,1751924768.1929936,1751925022.8776283,batch_consumer-sts-0_20250707_215034_005674.csv,True,False,False,1751925379.8232613,611630.2676200867
403659,1751924768.193179,1751925022.9023438,batch_consumer-sts-0_20250707_215034_005674.csv,True,False,False,1751925379.8232613,611630.0823688507
403669,1751924768.1933784,1751925022.927493,batch_consumer-sts-0_20250707_215034_005674.csv,True,False,False,1751925379.8232613,611629.8828125
403679,1751924768.1935709,1751925022.953332,batch_consumer-sts-0_20250707_215034_005674.csv,True,False,False,1751925379.8232613,611629.6904087067
403689,1751924768.1937573,1751925022.9835303,batch_consumer-sts-0_20250707_215034_005674.csv,True,False,False,1751925379.8232613,611629.5039653778
403699,1751924768.193943,1751925023.008052,batch_consumer-sts-0_20250707_215034_005674.csv,True,False,False,1751925379.8232613,611629.3182373047
403709,1751924768.194138,1751925023.0329397,batch_consumer-sts-0_20250707_215034_005674.csv,True,False,False,1751925379.8232613,611629.123210907
403719,1751924768.194336,1751925023.0576952,batch_consumer-sts-0_20250707_215034_005674.csv,True,False,False,1751925379.8232613,611628.9253234863
403729,1751924768.19453,1751925023.0847125,batch_consumer-sts-0_20250707_215034_005674.csv,True,False,False,1751925379.8232613,611628.7312507629
403739,1751924768.1947217,1751925023.108729,batch_consumer-sts-0_20250707_215034_005674.csv,True,False,False,1751925379.8232613,611628.5395622253
403749,1751924768.194909,1751925023.1327913,batch_consumer-sts-0_20250707_215034_005674.csv,True,False,False,1751925379.8232613,611628.3521652222
403759,1751924768.1951067,1751925023.157339,batch_consumer-sts-0_20250707_215034_005674.csv,True,False,False,1751925379.8232613,611628.1545162201
403769,1751924768.195314,1751925023.180776,batch_consumer-sts-0_20250707_215034_005674.csv,True,False,False,1751925379.8232613,611627.9473304749
403779,1751924768.195506,1751925023.2052846,batch_consumer-sts-0_20250707_215034_005674.csv,True,False,False,1751925379.8232613,611627.7551651001
403789,1751924768.1956823,1751925023.2302525,batch_consumer-sts-0_20250707_215034_005674.csv,True,False,False,1751925379.8232613,611627.5789737701
403799,1751924768.195865,1751925023.2577865,batch_consumer-sts-0_20250707_215034_005674.csv,True,False,False,1751925379.8232613,611627.3963451385
403809,1751924768.1960447,1751925023.2827606,batch_consumer-sts-0_20250707_215034_005674.csv,True,False,False,1751925379.8232613,611627.2165775299
403819,1751924768.1962447,1751925023.308136,batch_consumer-sts-0_20250707_215034_005674.csv,True,False,False,1751925379.8232613,611627.016544342
403829,1751924768.1964293,1751925023.3325984,batch_consumer-sts-0_20250707_215034_005674.csv,True,False,False,1751925379.8232613,611626.8320083618
403839,1751924768.196656,1751925023.357154,batch_consumer-sts-0_20250707_215034_005674.csv,True,False,False,1751925379.8232613,611626.6052722931
403849,1751924768.1968868,1751925023.3818977,batch_consumer-sts-0_20250707_215034_005674.csv,True,False,False,1751925379.8232613,611626.3744831085
403859,1751924768.1971197,1751925023.4079096,batch_consumer-sts-0_20250707_215034_005674.csv,True,False,False,1751925379.8232613,611626.1415481567
403869,1751924768.197353,1751925023.432823,batch_consumer-sts-0_20250707_215034_005674.csv,True,False,False,1751925379.8232613,611625.9083747864
403879,1751924768.197579,1751925023.4575176,batch_consumer-sts-0_20250707_215034_005674.csv,True,False,False,1751925379.8232613,611625.6823539734
403889,1751924768.197819,1751925023.4833343,batch_consumer-sts-0_20250707_215034_005674.csv,True,False,False,1751925379.8232613,611625.4422664642
403899,1751924768.1980152,1751925023.5082743,batch_consumer-sts-0_20250707_215034_005674.csv,True,False,False,1751925379.8232613,611625.2460479736
403909,1751924768.198216,1751925023.5329812,batch_consumer-sts-0_20250707_215034_005674.csv,True,False,False,1751925379.8232613,611625.04529953
403919,1751924768.1984105,1751925023.5578556,batch_consumer-sts-0_20250707_215034_005674.csv,True,False,False,1751925379.8232613,611624.8507499695
403929,1751924768.198639,1751925023.5829706,batch_consumer-sts-0_20250707_215034_005674.csv,True,False,False,1751925379.8232613,611624.6223449707
403939,1751924768.1988702,1751925023.6079338,batch_consumer-sts-0_20250707_215034_005674.csv,True,False,False,1751925379.8232613,611624.391078949
403949,1751924768.1991017,1751925023.633948,batch_consumer-sts-0_20250707_215034_005674.csv,True,False,False,1751925379.8232613,611624.1595745087
403959,1751924768.1993296,1751925023.6584551,batch_consumer-sts-0_20250707_215034_005674.csv,True,False,False,1751925379.8232613,611623.931646347
403969,1751924768.1995518,1751925023.6846724,batch_consumer-sts-0_20250707_215034_005674.csv,True,False,False,1751925379.8232613,611623.7094402313
403979,1751924768.1998014,1751925023.7087097,batch_consumer-sts-0_20250707_215034_005674.csv,True,False,False,1751925379.8232613,611623.459815979
403989,1751924768.1999862,1751925023.7339349,batch_consumer-sts-0_20250707_215034_005674.csv,True,False,False,1751925379.8232613,611623.2750415802
403999,1751924768.2001674,1751925023.759206,batch_consumer-sts-0_20250707_215034_005674.csv,True,False,False,1751925379.8232613,611623.0938434601
404009,1751924768.2003453,1751925023.7853527,batch_consumer-sts-0_20250707_215034_005674.csv,True,False,False,1751925379.8232613,611622.9159832001
404019,1751924768.2005296,1751925023.808648,batch_consumer-sts-0_20250707_215034_005674.csv,True,False,False,1751925379.8232613,611622.7316856384
404029,1751924768.2007074,1751925023.8336823,batch_consumer-sts-0_20250707_215034_005674.csv,True,False,False,1751925379.8232613,611622.5538253784
404039,1751924768.200887,1751925023.858167,batch_consumer-sts-0_20250707_215034_005674.csv,True,False,False,1751925379.8232613,611622.3742961884
404049,1751924768.2010655,1751925023.8835192,batch_consumer-sts-0_20250707_215034_005674.csv,True,False,False,1751925379.8232613,611622.1957206726
404059,1751924768.2012537,1751925023.9089046,batch_consumer-sts-0_20250707_215034_005674.csv,True,False,False,1751925379.8232613,611622.0076084137
404069,1751924768.201435,1751925023.935841,batch_consumer-sts-0_20250707_215034_005674.csv,True,False,False,1751925379.8232613,611621.826171875
404079,1751924768.201617,1751925024.2148118,batch_consumer-sts-0_20250707_215034_005674.csv,True,False,False,1751925379.8232613,611621.6442584991
404089,1751924768.2018027,1751925024.2502,batch_consumer-sts-0_20250707_215034_005674.csv,True,False,False,1751925379.8232613,611621.458530426
404099,1751924768.2019856,1751925024.274721,batch_consumer-sts-0_20250707_215034_005674.csv,True,False,False,1751925379.8232613,611621.2756633759
404109,1751924768.2021954,1751925024.2995417,batch_consumer-sts-0_20250707_215034_005674.csv,True,False,False,1751925379.8232613,611621.0658550262
404119,1751924768.202377,1751925024.3243227,batch_consumer-sts-0_20250707_215034_005674.csv,True,False,False,1751925379.8232613,611620.884180069
404129,1751924768.20256,1751925024.349195,batch_consumer-sts-0_20250707_215034_005674.csv,True,False,False,1751925379.8232613,611620.7013130188
404139,1751924768.2027392,1751925024.3739204,batch_consumer-sts-0_20250707_215034_005674.csv,True,False,False,1751925379.8232613,611620.5220222473
404149,1751924768.202917,1751925024.3986597,batch_consumer-sts-0_20250707_215034_005674.csv,True,False,False,1751925379.8232613,611620.3441619873
404159,1751924768.2030945,1751925024.4231782,batch_consumer-sts-0_20250707_215034_005674.csv,True,False,False,1751925379.8232613,611620.1667785645
404169,1751924768.203309,1751925024.4468944,batch_consumer-sts-0_20250707_215034_005674.csv,True,False,False,1751925379.8232613,611619.9522018433
404179,1751924768.2035074,1751925024.4717443,batch_consumer-sts-0_20250707_215034_005674.csv,True,False,False,1751925379.8232613,611619.7538375854
404189,1751924768.2036898,1751925024.4962687,batch_consumer-sts-0_20250707_215034_005674.csv,True,False,False,1751925379.8232613,611619.5714473724
404199,1751924768.2038734,1751925024.527316,batch_consumer-sts-0_20250707_215034_005674.csv,True,False,False,1751925379.8232613,611619.3878650665
470319,1751924769.6915815,1751925024.552101,batch_consumer-sts-0_20250707_215034_005674.csv,True,False,False,1751925379.8232613,610131.6797733307
470329,1751924769.6917646,1751925024.578143,batch_consumer-sts-0_20250707_215034_005674.csv,True,False,False,1751925379.8232613,610131.4966678619
470339,1751924769.6919496,1751925024.603511,batch_consumer-sts-0_20250707_215034_005674.csv,True,False,False,1751925379.8232613,610131.3116550446
470349,1751924769.6921356,1751925024.6342363,batch_consumer-sts-0_20250707_215034_005674.csv,True,False,False,1751925379.8232613,610131.1256885529
470359,1751924769.6923234,1751925024.6619685,batch_consumer-sts-0_20250707_215034_005674.csv,True,False,False,1751925379.8232613,610130.9378147125
470369,1751924769.6925037,1751925024.6866918,batch_consumer-sts-0_20250707_215034_005674.csv,True,False,False,1751925379.8232613,610130.7575702667
470379,1751924769.692689,1751925024.7107916,batch_consumer-sts-0_20250707_215034_005674.csv,True,False,False,1751925379.8232613,610130.5723190308
470389,1751924769.6928833,1751925024.7356915,batch_consumer-sts-0_20250707_215034_005674.csv,True,False,False,1751925379.8232613,610130.3780078888
470399,1751924769.6930735,1751925024.762064,batch_consumer-sts-0_20250707_215034_005674.csv,True,False,False,1751925379.8232613,610130.1877498627
470409,1751924769.6932578,1751925024.7869048,batch_consumer-sts-0_20250707_215034_005674.csv,True,False,False,1751925379.8232613,610130.003452301
470419,1751924769.6934772,1751925024.8109205,batch_consumer-sts-0_20250707_215034_005674.csv,True,False,False,1751925379.8232613,610129.7841072083
470429,1751924769.6936753,1751925024.8356729,batch_consumer-sts-0_20250707_215034_005674.csv,True,False,False,1751925379.8232613,610129.585981369
470439,1751924769.693873,1751925024.8622577,batch_consumer-sts-0_20250707_215034_005674.csv,True,False,False,1751925379.8232613,610129.388332367
470449,1751924769.6940684,1751925024.886013,batch_consumer-sts-0_20250707_215034_005674.csv,True,False,False,1751925379.8232613,610129.1928291321
470459,1751924769.694269,1751925024.9109616,batch_consumer-sts-0_20250707_215034_005674.csv,True,False,False,1751925379.8232613,610128.992319107
470469,1751924769.694474,1751925024.9363482,batch_consumer-sts-0_20250707_215034_005674.csv,True,False,False,1751925379.8232613,610128.787279129
470479,1751924769.6946695,1751925024.961046,batch_consumer-sts-0_20250707_215034_005674.csv,True,False,False,1751925379.8232613,610128.5917758942
470489,1751924769.6949146,1751925025.9878082,batch_consumer-sts-0_20250707_215034_005674.csv,True,False,False,1751925379.8232613,610128.3466815948
470499,1751924769.6951342,1751925026.012223,batch_consumer-sts-0_20250707_215034_005674.csv,True,False,False,1751925379.8232613,610128.1270980835
470509,1751924769.695352,1751925026.0362363,batch_consumer-sts-0_20250707_215034_005674.csv,True,False,False,1751925379.8232613,610127.9091835022
470519,1751924769.6955788,1751925026.0612562,batch_consumer-sts-0_20250707_215034_005674.csv,True,False,False,1751925379.8232613,610127.6824474335
470529,1751924769.6957762,1751925026.085394,batch_consumer-sts-0_20250707_215034_005674.csv,True,False,False,1751925379.8232613,610127.48503685
470539,1751924769.6959803,1751925026.1097808,batch_consumer-sts-0_20250707_215034_005674.csv,True,False,False,1751925379.8232613,610127.2809505463
470549,1751924769.69618,1751925026.1347663,batch_consumer-sts-0_20250707_215034_005674.csv,True,False,False,1751925379.8232613,610127.081155777
470559,1751924769.6963818,1751925026.1599803,batch_consumer-sts-0_20250707_215034_005674.csv,True,False,False,1751925379.8232613,610126.879453659
470569,1751924769.6966257,1751925026.184788,batch_consumer-sts-0_20250707_215034_005674.csv,True,False,False,1751925379.8232613,610126.6355514526
470579,1751924769.6968443,1751925026.2089715,batch_consumer-sts-0_20250707_215034_005674.csv,True,False,False,1751925379.8232613,610126.4169216156
470589,1751924769.6970716,1751925026.235738,batch_consumer-sts-0_20250707_215034_005674.csv,True,False,False,1751925379.8232613,610126.1897087097
470599,1751924769.697289,1751925026.314999,batch_consumer-sts-0_20250707_215034_005674.csv,True,False,False,1751925379.8232613,610125.9722709656
470609,1751924769.697494,1751925026.339825,batch_consumer-sts-0_20250707_215034_005674.csv,True,False,False,1751925379.8232613,610125.7672309875
470619,1751924769.6976826,1751925026.3647318,batch_consumer-sts-0_20250707_215034_005674.csv,True,False,False,1751925379.8232613,610125.5786418915
470629,1751924769.6978753,1751925026.3890836,batch_consumer-sts-0_20250707_215034_005674.csv,True,False,False,1751925379.8232613,610125.3859996796
470639,1751924769.6981096,1751925026.41306,batch_consumer-sts-0_20250707_215034_005674.csv,True,False,False,1751925379.8232613,610125.1516342163
470649,1751924769.698411,1751925026.4380205,batch_consumer-sts-0_20250707_215034_005674.csv,True,False,False,1751925379.8232613,610124.8502731323
470659,1751924769.6987262,1751925026.4634194,batch_consumer-sts-0_20250707_215034_005674.csv,True,False,False,1751925379.8232613,610124.5350837708
470669,1751924769.699927,1751925026.4885192,batch_consumer-sts-0_20250707_215034_005674.csv,True,False,False,1751925379.8232613,610123.3341693878
470679,1751924769.7004237,1751925026.5128455,batch_consumer-sts-0_20250707_215034_005674.csv,True,False,False,1751925379.8232613,610122.8375434875
470689,1751924769.7006102,1751925026.5376608,batch_consumer-sts-0_20250707_215034_005674.csv,True,False,False,1751925379.8232613,610122.6511001587
470699,1751924769.7007957,1751925026.5628276,batch_consumer-sts-0_20250707_215034_005674.csv,True,False,False,1751925379.8232613,610122.4656105042
470709,1751924769.7009728,1751925026.5879502,batch_consumer-sts-0_20250707_215034_005674.csv,True,False,False,1751925379.8232613,610122.2884654999
470719,1751924769.701156,1751925026.612357,batch_consumer-sts-0_20250707_215034_005674.csv,True,False,False,1751925379.8232613,610122.1053600311
470729,1751924769.7013392,1751925026.63849,batch_consumer-sts-0_20250707_215034_005674.csv,True,False,False,1751925379.8232613,610121.9220161438
470739,1751924769.7015295,1751925026.663674,batch_consumer-sts-0_20250707_215034_005674.csv,True,False,False,1751925379.8232613,610121.7317581177
470749,1751924769.701702,1751925026.689023,batch_consumer-sts-0_20250707_215034_005674.csv,True,False,False,1751925379.8232613,610121.5591430664
470759,1751924769.7018783,1751925026.7133536,batch_consumer-sts-0_20250707_215034_005674.csv,True,False,False,1751925379.8232613,610121.3829517365
470769,1751924769.7020571,1751925026.738377,batch_consumer-sts-0_20250707_215034_005674.csv,True,False,False,1751925379.8232613,610121.2041378021
470779,1751924769.702305,1751925026.764017,batch_consumer-sts-0_20250707_215034_005674.csv,True,False,False,1751925379.8232613,610120.9561824799
470789,1751924769.7024982,1751925026.816991,batch_consumer-sts-0_20250707_215034_005674.csv,True,False,False,1751925379.8232613,610120.7630634308
470799,1751924769.7026863,1751925026.84278,batch_consumer-sts-0_20250707_215034_005674.csv,True,False,False,1751925379.8232613,610120.5749511719
470809,1751924769.7028756,1751925026.8678627,batch_consumer-sts-0_20250707_215034_005674.csv,True,False,False,1751925379.8232613,610120.3856468201
470819,1751924769.7036238,1751925026.8929217,batch_consumer-sts-0_20250707_215034_005674.csv,True,False,False,1751925379.8232613,610119.6374893188
470829,1751924769.7040565,1751925026.916948,batch_consumer-sts-0_20250707_215034_005674.csv,True,False,False,1751925379.8232613,610119.2047595978
470839,1751924769.7042398,1751925026.9416883,batch_consumer-sts-0_20250707_215034_005674.csv,True,False,False,1751925379.8232613,610119.0214157104
470849,1751924769.704671,1751925026.966891,batch_consumer-sts-0_20250707_215034_005674.csv,True,False,False,1751925379.8232613,610118.5903549194
470859,1751924769.7051058,1751925026.992121,batch_consumer-sts-0_20250707_215034_005674.csv,True,False,False,1751925379.8232613,610118.1554794312
470869,1751924769.705551,1751925027.0164042,batch_consumer-sts-0_20250707_215034_005674.csv,True,False,False,1751925379.8232613,610117.710351944
470879,1751924769.7059884,1751925027.0410693,batch_consumer-sts-0_20250707_215034_005674.csv,True,False,False,1751925379.8232613,610117.2728538513
470889,1751924769.706176,1751925027.0656748,batch_consumer-sts-0_20250707_215034_005674.csv,True,False,False,1751925379.8232613,610117.0852184296
470899,1751924769.7063878,1751925027.0900152,batch_consumer-sts-0_20250707_215034_005674.csv,True,False,False,1751925379.8232613,610116.8735027313
470909,1751924769.7065823,1751925027.114119,batch_consumer-sts-0_20250707_215034_005674.csv,True,False,False,1751925379.8232613,610116.6789531708
470919,1751924769.7067814,1751925027.1396687,batch_consumer-sts-0_20250707_215034_005674.csv,True,False,False,1751925379.8232613,610116.4798736572
470929,1751924769.7069676,1751925027.165104,batch_consumer-sts-0_20250707_215034_005674.csv,True,False,False,1751925379.8232613,610116.293668747
470939,1751924769.7071495,1751925027.1901655,batch_consumer-sts-0_20250707_215034_005674.csv,True,False,False,1751925379.8232613,610116.1117553711
470949,1751924769.7073302,1751925027.2143924,batch_consumer-sts-0_20250707_215034_005674.csv,True,False,False,1751925379.8232613,610115.9310340881
470959,1751924769.7075124,1751925027.239553,batch_consumer-sts-0_20250707_215034_005674.csv,True,False,False,1751925379.8232613,610115.7488822937
470969,1751924769.7076936,1751925027.2643223,batch_consumer-sts-0_20250707_215034_005674.csv,True,False,False,1751925379.8232613,610115.5676841736
470979,1751924769.7078788,1751925027.2890844,batch_consumer-sts-0_20250707_215034_005674.csv,True,False,False,1751925379.8232613,610115.3824329376
470989,1751924769.7080667,1751925027.3130124,batch_consumer-sts-0_20250707_215034_005674.csv,True,False,False,1751925379.8232613,610115.1945590973
470999,1751924769.7085054,1751925027.3379114,batch_consumer-sts-0_20250707_215034_005674.csv,True,False,False,1751925379.8232613,610114.7558689117
471009,1751924769.7088275,1751925027.3629208,batch_consumer-sts-0_20250707_215034_005674.csv,True,False,False,1751925379.8232613,610114.4337654114
471019,1751924769.7095428,1751925027.38783,batch_consumer-sts-0_20250707_215034_005674.csv,True,False,False,1751925379.8232613,610113.7185096741
471029,1751924769.709906,1751925027.412417,batch_consumer-sts-0_20250707_215034_005674.csv,True,False,False,1751925379.8232613,610113.3551597595
471039,1751924769.7114325,1751925027.4369907,batch_consumer-sts-0_20250707_215034_005674.csv,True,False,False,1751925379.8232613,610111.8288040161
471049,1751924769.711639,1751925027.4620004,batch_consumer-sts-0_20250707_215034_005674.csv,True,False,False,1751925379.8232613,610111.6223335266
471059,1751924769.711852,1751925027.4871998,batch_consumer-sts-0_20250707_215034_005674.csv,True,False,False,1751925379.8232613,610111.4091873169
471069,1751924769.7120562,1751925027.5114586,batch_consumer-sts-0_20250707_215034_005674.csv,True,False,False,1751925379.8232613,610111.2051010132
471079,1751924769.71249,1751925027.5405176,batch_consumer-sts-0_20250707_215034_005674.csv,True,False,False,1751925379.8232613,610110.7711791992
471089,1751924769.712762,1751925027.8551016,batch_consumer-sts-0_20250707_215034_005674.csv,True,False,False,1751925379.8232613,610110.4991436005
471099,1751924769.7129557,1751925027.8814,batch_consumer-sts-0_20250707_215034_005674.csv,True,False,False,1751925379.8232613,610110.3055477142
471109,1751924769.7131536,1751925027.905839,batch_consumer-sts-0_20250707_215034_005674.csv,True,False,False,1751925379.8232613,610110.1076602936
471119,1751924769.713355,1751925027.9310362,batch_consumer-sts-0_20250707_215034_005674.csv,True,False,False,1751925379.8232613,610109.9061965942
471129,1751924769.7135575,1751925027.9562826,batch_consumer-sts-0_20250707_215034_005674.csv,True,False,False,1751925379.8232613,610109.7037792206
471139,1751924769.713738,1751925027.9806435,batch_consumer-sts-0_20250707_215034_005674.csv,True,False,False,1751925379.8232613,610109.5232963562
471149,1751924769.7139137,1751925028.0060568,batch_consumer-sts-0_20250707_215034_005674.csv,True,False,False,1751925379.8232613,610109.3475818634
471159,1751924769.7140954,1751925028.0309362,batch_consumer-sts-0_20250707_215034_005674.csv,True,False,False,1751925379.8232613,610109.1659069061
471169,1751924769.714285,1751925028.0559535,batch_consumer-sts-0_20250707_215034_005674.csv,True,False,False,1751925379.8232613,610108.9763641357
471179,1751924769.7145026,1751925028.0809624,batch_consumer-sts-0_20250707_215034_005674.csv,True,False,False,1751925379.8232613,610108.758687973
471189,1751924769.7146845,1751925028.1053495,batch_consumer-sts-0_20250707_215034_005674.csv,True,False,False,1751925379.8232613,610108.5767745972
471199,1751924769.7148666,1751925028.129656,batch_consumer-sts-0_20250707_215034_005674.csv,True,False,False,1751925379.8232613,610108.3946228027
471209,1751924769.715419,1751925028.1541948,batch_consumer-sts-0_20250707_215034_005674.csv,True,False,False,1751925379.8232613,610107.842206955
471219,1751924769.7156026,1751925028.1823907,batch_consumer-sts-0_20250707_215034_005674.csv,True,False,False,1751925379.8232613,610107.658624649
471229,1751924769.715791,1751925028.2068298,batch_consumer-sts-0_20250707_215034_005674.csv,True,False,False,1751925379.8232613,610107.4702739716
471239,1751924769.715968,1751925028.231652,batch_consumer-sts-0_20250707_215034_005674.csv,True,False,False,1751925379.8232613,610107.2933673859
471249,1751924769.7161503,1751925028.255984,batch_consumer-sts-0_20250707_215034_005674.csv,True,False,False,1751925379.8232613,610107.1109771729
471259,1751924769.7163265,1751925028.280832,batch_consumer-sts-0_20250707_215034_005674.csv,True,False,False,1751925379.8232613,610106.9347858429
471269,1751924769.7165089,1751925028.3052664,batch_consumer-sts-0_20250707_215034_005674.csv,True,False,False,1751925379.8232613,610106.7523956299
471279,1751924769.7166908,1751925028.3297763,batch_consumer-sts-0_20250707_215034_005674.csv,True,False,False,1751925379.8232613,610106.570482254
471289,1751924769.7168727,1751925028.3550432,batch_consumer-sts-0_20250707_215034_005674.csv,True,False,False,1751925379.8232613,610106.3885688782
471299,1751924769.7170565,1751925028.380693,batch_consumer-sts-0_20250707_215034_005674.csv,True,False,False,1751925379.8232613,610106.2047481537
471309,1751924769.7172365,1751925028.4052942,batch_consumer-sts-0_20250707_215034_005674.csv,True,False,False,1751925379.8232613,610106.0247421265
471319,1751924769.7174182,1751925028.4288106,batch_consumer-sts-0_20250707_215034_005674.csv,True,False,False,1751925379.8232613,610105.8430671692
471329,1751924769.717601,1751925028.454033,batch_consumer-sts-0_20250707_215034_005674.csv,True,False,False,1751925379.8232613,610105.660200119
471339,1751924769.7177858,1751925028.4785576,batch_consumer-sts-0_20250707_215034_005674.csv,True,False,False,1751925379.8232613,610105.4754257202
471349,1751924769.717967,1751925028.5037887,batch_consumer-sts-0_20250707_215034_005674.csv,True,False,False,1751925379.8232613,610105.2942276001
471359,1751924769.718146,1751925028.5290704,batch_consumer-sts-0_20250707_215034_005674.csv,True,False,False,1751925379.8232613,610105.1151752472
471369,1751924769.7183385,1751925028.5538974,batch_consumer-sts-0_20250707_215034_005674.csv,True,False,False,1751925379.8232613,610104.9227714539
471379,1751924769.718519,1751925028.578705,batch_consumer-sts-0_20250707_215034_005674.csv,True,False,False,1751925379.8232613,610104.7422885895
471389,1751924769.718702,1751925028.6036737,batch_consumer-sts-0_20250707_215034_005674.csv,True,False,False,1751925379.8232613,610104.5591831207
471399,1751924769.718886,1751925028.6284668,batch_consumer-sts-0_20250707_215034_005674.csv,True,False,False,1751925379.8232613,610104.3753623962
471409,1751924769.7190695,1751925028.653227,batch_consumer-sts-0_20250707_215034_005674.csv,True,False,False,1751925379.8232613,610104.1917800903
471419,1751924769.719251,1751925028.6770236,batch_consumer-sts-0_20250707_215034_005674.csv,True,False,False,1751925379.8232613,610104.0103435516
471429,1751924769.7194405,1751925028.701808,batch_consumer-sts-0_20250707_215034_005674.csv,True,False,False,1751925379.8232613,610103.8208007812
471439,1751924769.7196214,1751925028.726563,batch_consumer-sts-0_20250707_215034_005674.csv,True,False,False,1751925379.8232613,610103.6398410797
471449,1751924769.719806,1751925028.7516491,batch_consumer-sts-0_20250707_215034_005674.csv,True,False,False,1751925379.8232613,610103.4553050995
471459,1751924769.719987,1751925028.7767344,batch_consumer-sts-0_20250707_215034_005674.csv,True,False,False,1751925379.8232613,610103.274345398
471469,1751924769.7201774,1751925028.8017528,batch_consumer-sts-0_20250707_215034_005674.csv,True,False,False,1751925379.8232613,610103.0838489532
471479,1751924769.7203555,1751925028.826723,batch_consumer-sts-0_20250707_215034_005674.csv,True,False,False,1751925379.8232613,610102.9057502747
471489,1751924769.7205353,1751925028.8518522,batch_consumer-sts-0_20250707_215034_005674.csv,True,False,False,1751925379.8232613,610102.725982666
471499,1751924769.7207167,1751925028.8776386,batch_consumer-sts-0_20250707_215034_005674.csv,True,False,False,1751925379.8232613,610102.5445461273
471509,1751924769.7209044,1751925028.9023356,batch_consumer-sts-0_20250707_215034_005674.csv,True,False,False,1751925379.8232613,610102.3569107056
471519,1751924769.7210872,1751925028.926633,batch_consumer-sts-0_20250707_215034_005674.csv,True,False,False,1751925379.8232613,610102.1740436554
471529,1751924769.7212713,1751925028.9513257,batch_consumer-sts-0_20250707_215034_005674.csv,True,False,False,1751925379.8232613,610101.9899845123
471539,1751924769.7214563,1751925028.976957,batch_consumer-sts-0_20250707_215034_005674.csv,True,False,False,1751925379.8232613,610101.804971695
471549,1751924769.721664,1751925029.001847,batch_consumer-sts-0_20250707_215034_005674.csv,True,False,False,1751925379.8232613,610101.5973091125
471559,1751924769.7221217,1751925029.0259657,batch_consumer-sts-0_20250707_215034_005674.csv,True,False,False,1751925379.8232613,610101.1395454407
471569,1751924769.7223182,1751925029.0503633,batch_consumer-sts-0_20250707_215034_005674.csv,True,False,False,1751925379.8232613,610100.9430885315
471579,1751924769.7229948,1751925029.449767,batch_consumer-sts-0_20250707_215034_005674.csv,True,False,False,1751925379.8232613,610100.266456604
471589,1751924769.723186,1751925029.4746668,batch_consumer-sts-0_20250707_215034_005674.csv,True,False,False,1751925379.8232613,610100.0752449036
471599,1751924769.723734,1751925029.49958,batch_consumer-sts-0_20250707_215034_005674.csv,True,False,False,1751925379.8232613,610099.5273590088
471609,1751924769.7239892,1751925029.524471,batch_consumer-sts-0_20250707_215034_005674.csv,True,False,False,1751925379.8232613,610099.2720127106
471619,1751924769.724182,1751925029.5491526,batch_consumer-sts-0_20250707_215034_005674.csv,True,False,False,1751925379.8232613,610099.0793704987
471629,1751924769.7243743,1751925029.573023,batch_consumer-sts-0_20250707_215034_005674.csv,True,False,False,1751925379.8232613,610098.8869667053
471639,1751924769.7245786,1751925029.5977736,batch_consumer-sts-0_20250707_215034_005674.csv,True,False,False,1751925379.8232613,610098.682641983
471649,1751924769.7247562,1751925029.6235988,batch_consumer-sts-0_20250707_215034_005674.csv,True,False,False,1751925379.8232613,610098.5050201416
471659,1751924769.7249398,1751925029.6492836,batch_consumer-sts-0_20250707_215034_005674.csv,True,False,False,1751925379.8232613,610098.3214378357
471669,1751924769.725118,1751925029.676777,batch_consumer-sts-0_20250707_215034_005674.csv,True,False,False,1751925379.8232613,610098.1433391571
471679,1751924769.7252948,1751925029.7018478,batch_consumer-sts-0_20250707_215034_005674.csv,True,False,False,1751925379.8232613,610097.9664325714
471689,1751924769.725478,1751925029.7271662,batch_consumer-sts-0_20250707_215034_005674.csv,True,False,False,1751925379.8232613,610097.7833271027
471699,1751924769.7256613,1751925029.7523556,batch_consumer-sts-0_20250707_215034_005674.csv,True,False,False,1751925379.8232613,610097.5999832153
471709,1751924769.725844,1751925029.777671,batch_consumer-sts-0_20250707_215034_005674.csv,True,False,False,1751925379.8232613,610097.4173545837
471719,1751924769.72603,1751925029.8029566,batch_consumer-sts-0_20250707_215034_005674.csv,True,False,False,1751925379.8232613,610097.2311496735
471729,1751924769.7262533,1751925029.8278384,batch_consumer-sts-0_20250707_215034_005674.csv,True,False,False,1751925379.8232613,610097.0079898834
471739,1751924769.726447,1751925029.8526807,batch_consumer-sts-0_20250707_215034_005674.csv,True,False,False,1751925379.8232613,610096.8141555786
471749,1751924769.7266445,1751925029.8776329,batch_consumer-sts-0_20250707_215034_005674.csv,True,False,False,1751925379.8232613,610096.6167449951
471759,1751924769.726836,1751925029.902627,batch_consumer-sts-0_20250707_215034_005674.csv,True,False,False,1751925379.8232613,610096.4252948761
471769,1751924769.727033,1751925029.9282749,batch_consumer-sts-0_20250707_215034_005674.csv,True,False,False,1751925379.8232613,610096.2283611298
471779,1751924769.727229,1751925029.955237,batch_consumer-sts-0_20250707_215034_005674.csv,True,False,False,1751925379.8232613,610096.0321426392
471789,1751924769.7274344,1751925029.9802985,batch_consumer-sts-0_20250707_215034_005674.csv,True,False,False,1751925379.8232613,610095.8268642426
471799,1751924769.727615,1751925030.0041995,batch_consumer-sts-0_20250707_215034_005674.csv,True,False,False,1751925379.8232613,610095.6461429596
471809,1751924769.727802,1751925030.02853,batch_consumer-sts-0_20250707_215034_005674.csv,True,False,False,1751925379.8232613,610095.4592227936
471819,1751924769.7279804,1751925030.0537632,batch_consumer-sts-0_20250707_215034_005674.csv,True,False,False,1751925379.8232613,610095.2808856964
471829,1751924769.7281618,1751925030.0788062,batch_consumer-sts-0_20250707_215034_005674.csv,True,False,False,1751925379.8232613,610095.0994491577
471839,1751924769.728342,1751925030.103395,batch_consumer-sts-0_20250707_215034_005674.csv,True,False,False,1751925379.8232613,610094.9192047119
471849,1751924769.7285187,1751925030.1281252,batch_consumer-sts-0_20250707_215034_005674.csv,True,False,False,1751925379.8232613,610094.7425365448
471859,1751924769.7286987,1751925030.1528523,batch_consumer-sts-0_20250707_215034_005674.csv,True,False,False,1751925379.8232613,610094.5625305176
471869,1751924769.7288854,1751925030.1777132,batch_consumer-sts-0_20250707_215034_005674.csv,True,False,False,1751925379.8232613,610094.3758487701
471879,1751924769.7290654,1751925030.202943,batch_consumer-sts-0_20250707_215034_005674.csv,True,False,False,1751925379.8232613,610094.1958427429
471889,1751924769.7292545,1751925031.230693,batch_consumer-sts-0_20250707_215034_005674.csv,True,False,False,1751925379.8232613,610094.0067768097
471899,1751924769.7294383,1751925031.2556305,batch_consumer-sts-0_20250707_215034_005674.csv,True,False,False,1751925379.8232613,610093.8229560852
471909,1751924769.729619,1751925031.280681,batch_consumer-sts-0_20250707_215034_005674.csv,True,False,False,1751925379.8232613,610093.6422348022
471919,1751924769.729801,1751925031.3059793,batch_consumer-sts-0_20250707_215034_005674.csv,True,False,False,1751925379.8232613,610093.4603214264
471929,1751924769.7299805,1751925031.3309245,batch_consumer-sts-0_20250707_215034_005674.csv,True,False,False,1751925379.8232613,610093.2807922363
471939,1751924769.7301674,1751925031.3608902,batch_consumer-sts-0_20250707_215034_005674.csv,True,False,False,1751925379.8232613,610093.0938720703
471949,1751924769.7303538,1751925031.825227,batch_consumer-sts-0_20250707_215034_005674.csv,True,False,False,1751925379.8232613,610092.9074287415
471959,1751924769.73054,1751925031.8500755,batch_consumer-sts-0_20250707_215034_005674.csv,True,False,False,1751925379.8232613,610092.7212238312
471969,1751924769.7307203,1751925031.874714,batch_consumer-sts-0_20250707_215034_005674.csv,True,False,False,1751925379.8232613,610092.5409793854
471979,1751924769.7308967,1751925031.9394245,batch_consumer-sts-0_20250707_215034_005674.csv,True,False,False,1751925379.8232613,610092.3645496368
471989,1751924769.7310853,1751925031.9639783,batch_consumer-sts-0_20250707_215034_005674.csv,True,False,False,1751925379.8232613,610092.1759605408
471999,1751924769.7312682,1751925031.9886177,batch_consumer-sts-0_20250707_215034_005674.csv,True,False,False,1751925379.8232613,610091.9930934906
472009,1751924769.7314532,1751925032.0128603,batch_consumer-sts-0_20250707_215034_005674.csv,True,False,False,1751925379.8232613,610091.8080806732
485219,1751924770.0125394,1751925032.0396411,batch_consumer-sts-0_20250707_215034_005674.csv,True,False,False,1751925379.8232613,609810.7218742371
485229,1751924770.0128052,1751925032.064313,batch_consumer-sts-0_20250707_215034_005674.csv,True,False,False,1751925379.8232613,609810.4560375214
485239,1751924770.0130174,1751925032.08803,batch_consumer-sts-0_20250707_215034_005674.csv,True,False,False,1751925379.8232613,609810.243844986
485249,1751924770.0132184,1751925032.1127405,batch_consumer-sts-0_20250707_215034_005674.csv,True,False,False,1751925379.8232613,609810.0428581238
485259,1751924770.013428,1751925032.1376286,batch_consumer-sts-0_20250707_215034_005674.csv,True,False,False,1751925379.8232613,609809.8332881927
485269,1751924770.0136335,1751925032.168434,batch_consumer-sts-0_20250707_215034_005674.csv,True,False,False,1751925379.8232613,609809.6277713776
485279,1751924770.013833,1751925032.1932971,batch_consumer-sts-0_20250707_215034_005674.csv,True,False,False,1751925379.8232613,609809.4282150269
485289,1751924770.0140345,1751925032.2173834,batch_consumer-sts-0_20250707_215034_005674.csv,True,False,False,1751925379.8232613,609809.2267513275
485299,1751924770.0142715,1751925032.2435536,batch_consumer-sts-0_20250707_215034_005674.csv,True,False,False,1751925379.8232613,609808.9897632599
485309,1751924770.0144866,1751925032.269362,batch_consumer-sts-0_20250707_215034_005674.csv,True,False,False,1751925379.8232613,609808.7747097015
485319,1751924770.0147042,1751925032.2946646,batch_consumer-sts-0_20250707_215034_005674.csv,True,False,False,1751925379.8232613,609808.5570335388
485329,1751924770.0149138,1751925032.319163,batch_consumer-sts-0_20250707_215034_005674.csv,True,False,False,1751925379.8232613,609808.3474636078
485339,1751924770.015128,1751925032.344092,batch_consumer-sts-0_20250707_215034_005674.csv,True,False,False,1751925379.8232613,609808.1333637238
485349,1751924770.0153384,1751925032.369,batch_consumer-sts-0_20250707_215034_005674.csv,True,False,False,1751925379.8232613,609807.9228401184
485359,1751924770.01555,1751925032.393782,batch_consumer-sts-0_20250707_215034_005674.csv,True,False,False,1751925379.8232613,609807.7113628387
485369,1751924770.0157554,1751925032.4181137,batch_consumer-sts-0_20250707_215034_005674.csv,True,False,False,1751925379.8232613,609807.5058460236
485379,1751924770.015961,1751925032.5593126,batch_consumer-sts-0_20250707_215034_005674.csv,True,False,False,1751925379.8232613,609807.3003292084
485389,1751924770.0161643,1751925032.5848324,batch_consumer-sts-0_20250707_215034_005674.csv,True,False,False,1751925379.8232613,609807.0969581604
485399,1751924770.016371,1751925032.6094344,batch_consumer-sts-0_20250707_215034_005674.csv,True,False,False,1751925379.8232613,609806.8902492523
485409,1751924770.016577,1751925032.634484,batch_consumer-sts-0_20250707_215034_005674.csv,True,False,False,1751925379.8232613,609806.6842556
485419,1751924770.0167994,1751925032.66614,batch_consumer-sts-0_20250707_215034_005674.csv,True,False,False,1751925379.8232613,609806.4618110657
485429,1751924770.0170164,1751925032.6929257,batch_consumer-sts-0_20250707_215034_005674.csv,True,False,False,1751925379.8232613,609806.2448501587
485439,1751924770.0172293,1751925032.7174826,batch_consumer-sts-0_20250707_215034_005674.csv,True,False,False,1751925379.8232613,609806.0319423676
485449,1751924770.017447,1751925032.742237,batch_consumer-sts-0_20250707_215034_005674.csv,True,False,False,1751925379.8232613,609805.8142662048
485459,1751924770.017661,1751925032.766142,batch_consumer-sts-0_20250707_215034_005674.csv,True,False,False,1751925379.8232613,609805.6001663208
485469,1751924770.0178735,1751925032.7911308,batch_consumer-sts-0_20250707_215034_005674.csv,True,False,False,1751925379.8232613,609805.3877353668
485479,1751924770.018142,1751925032.815549,batch_consumer-sts-0_20250707_215034_005674.csv,True,False,False,1751925379.8232613,609805.1192760468
485489,1751924770.0196922,1751925033.0072303,batch_consumer-sts-0_20250707_215034_005674.csv,True,False,False,1751925379.8232613,609803.5690784454
485499,1751924770.019899,1751925033.032057,batch_consumer-sts-0_20250707_215034_005674.csv,True,False,False,1751925379.8232613,609803.3623695374
485509,1751924770.0200906,1751925033.057259,batch_consumer-sts-0_20250707_215034_005674.csv,True,False,False,1751925379.8232613,609803.1706809998
485519,1751924770.0202825,1751925033.081296,batch_consumer-sts-0_20250707_215034_005674.csv,True,False,False,1751925379.8232613,609802.9787540436
485529,1751924770.020479,1751925033.1058176,batch_consumer-sts-0_20250707_215034_005674.csv,True,False,False,1751925379.8232613,609802.7822971344
485539,1751924770.0206745,1751925033.1302772,batch_consumer-sts-0_20250707_215034_005674.csv,True,False,False,1751925379.8232613,609802.5867938995
485549,1751924770.0208688,1751925033.155234,batch_consumer-sts-0_20250707_215034_005674.csv,True,False,False,1751925379.8232613,609802.3924827576
485559,1751924770.0210538,1751925033.1794064,batch_consumer-sts-0_20250707_215034_005674.csv,True,False,False,1751925379.8232613,609802.2074699402
485569,1751924770.0212386,1751925033.204313,batch_consumer-sts-0_20250707_215034_005674.csv,True,False,False,1751925379.8232613,609802.0226955414
485579,1751924770.0214174,1751925033.229259,batch_consumer-sts-0_20250707_215034_005674.csv,True,False,False,1751925379.8232613,609801.843881607
485589,1751924770.0216048,1751925033.2543554,batch_consumer-sts-0_20250707_215034_005674.csv,True,False,False,1751925379.8232613,609801.6564846039
485599,1751924770.0217867,1751925033.2796078,batch_consumer-sts-0_20250707_215034_005674.csv,True,False,False,1751925379.8232613,609801.474571228
485609,1751924770.0219724,1751925033.3042543,batch_consumer-sts-0_20250707_215034_005674.csv,True,False,False,1751925379.8232613,609801.2888431549
485619,1751924770.0221674,1751925033.3284087,batch_consumer-sts-0_20250707_215034_005674.csv,True,False,False,1751925379.8232613,609801.0938167572
485629,1751924770.0223827,1751925033.353796,batch_consumer-sts-0_20250707_215034_005674.csv,True,False,False,1751925379.8232613,609800.8785247803
485639,1751924770.022581,1751925033.379287,batch_consumer-sts-0_20250707_215034_005674.csv,True,False,False,1751925379.8232613,609800.6801605225
485649,1751924770.0227804,1751925033.4036767,batch_consumer-sts-0_20250707_215034_005674.csv,True,False,False,1751925379.8232613,609800.4808425903
485659,1751924770.0229774,1751925033.4331558,batch_consumer-sts-0_20250707_215034_005674.csv,True,False,False,1751925379.8232613,609800.283908844
485669,1751924770.0231812,1751925033.4572408,batch_consumer-sts-0_20250707_215034_005674.csv,True,False,False,1751925379.8232613,609800.0800609589
485679,1751924770.0233755,1751925033.4823544,batch_consumer-sts-0_20250707_215034_005674.csv,True,False,False,1751925379.8232613,609799.8857498169
485689,1751924770.023576,1751925033.5074527,batch_consumer-sts-0_20250707_215034_005674.csv,True,False,False,1751925379.8232613,609799.6852397919
485699,1751924770.0237672,1751925033.5326416,batch_consumer-sts-0_20250707_215034_005674.csv,True,False,False,1751925379.8232613,609799.4940280914
485709,1751924770.0239558,1751925033.5575876,batch_consumer-sts-0_20250707_215034_005674.csv,True,False,False,1751925379.8232613,609799.3054389954
485719,1751924770.0241418,1751925033.5824745,batch_consumer-sts-0_20250707_215034_005674.csv,True,False,False,1751925379.8232613,609799.1194725037
485729,1751924770.024326,1751925033.606667,batch_consumer-sts-0_20250707_215034_005674.csv,True,False,False,1751925379.8232613,609798.935174942
485739,1751924770.02451,1751925033.6315763,batch_consumer-sts-0_20250707_215034_005674.csv,True,False,False,1751925379.8232613,609798.7513542175
485749,1751924770.0247276,1751925033.65634,batch_consumer-sts-0_20250707_215034_005674.csv,True,False,False,1751925379.8232613,609798.5336780548
485759,1751924770.02493,1751925033.6826344,batch_consumer-sts-0_20250707_215034_005674.csv,True,False,False,1751925379.8232613,609798.3312606812
485769,1751924770.0251267,1751925033.7073774,batch_consumer-sts-0_20250707_215034_005674.csv,True,False,False,1751925379.8232613,609798.1345653534
485779,1751924770.025337,1751925033.7322657,batch_consumer-sts-0_20250707_215034_005674.csv,True,False,False,1751925379.8232613,609797.9242801666
485789,1751924770.0255394,1751925033.757358,batch_consumer-sts-0_20250707_215034_005674.csv,True,False,False,1751925379.8232613,609797.721862793
485799,1751924770.025745,1751925033.7827015,batch_consumer-sts-0_20250707_215034_005674.csv,True,False,False,1751925379.8232613,609797.5163459778
485809,1751924770.0259397,1751925033.8074944,batch_consumer-sts-0_20250707_215034_005674.csv,True,False,False,1751925379.8232613,609797.3215579987
485819,1751924770.0261283,1751925033.8322625,batch_consumer-sts-0_20250707_215034_005674.csv,True,False,False,1751925379.8232613,609797.1329689026
485829,1751924770.0263464,1751925033.8568826,batch_consumer-sts-0_20250707_215034_005674.csv,True,False,False,1751925379.8232613,609796.9148159027
485839,1751924770.0265417,1751925033.8818898,batch_consumer-sts-0_20250707_215034_005674.csv,True,False,False,1751925379.8232613,609796.7195510864
485849,1751924770.026741,1751925033.906531,batch_consumer-sts-0_20250707_215034_005674.csv,True,False,False,1751925379.8232613,609796.5202331543
485859,1751924770.0269313,1751925033.931543,batch_consumer-sts-0_20250707_215034_005674.csv,True,False,False,1751925379.8232613,609796.3299751282
485869,1751924770.0271308,1751925033.9560435,batch_consumer-sts-0_20250707_215034_005674.csv,True,False,False,1751925379.8232613,609796.1304187775
485879,1751924770.027341,1751925033.9809692,batch_consumer-sts-0_20250707_215034_005674.csv,True,False,False,1751925379.8232613,609795.9203720093
487399,1751924770.059715,1751925091.2998085,batch_consumer-sts-0_20250707_215150_431075.csv,True,False,False,1751925379.8232613,609763.5462284088
487409,1751924770.0599003,1751925091.3272524,batch_consumer-sts-0_20250707_215150_431075.csv,True,False,False,1751925379.8232613,609763.3609771729
487419,1751924770.060083,1751925091.3535595,batch_consumer-sts-0_20250707_215150_431075.csv,True,False,False,1751925379.8232613,609763.1783485413
487429,1751924770.0602636,1751925091.380799,batch_consumer-sts-0_20250707_215150_431075.csv,True,False,False,1751925379.8232613,609762.9976272583
487439,1751924770.0604472,1751925091.40791,batch_consumer-sts-0_20250707_215150_431075.csv,True,False,False,1751925379.8232613,609762.8140449524
487449,1751924770.0606284,1751925091.435241,batch_consumer-sts-0_20250707_215150_431075.csv,True,False,False,1751925379.8232613,609762.6328468323
487459,1751924770.0608156,1751925091.4619975,batch_consumer-sts-0_20250707_215150_431075.csv,True,False,False,1751925379.8232613,609762.4456882477
487469,1751924770.0609984,1751925091.6625166,batch_consumer-sts-0_20250707_215150_431075.csv,True,False,False,1751925379.8232613,609762.2628211975
487479,1751924770.0611851,1751925091.6895452,batch_consumer-sts-0_20250707_215150_431075.csv,True,False,False,1751925379.8232613,609762.0761394501
487489,1751924770.061363,1751925091.7164574,batch_consumer-sts-0_20250707_215150_431075.csv,True,False,False,1751925379.8232613,609761.8982791901
487499,1751924770.061542,1751925091.743004,batch_consumer-sts-0_20250707_215150_431075.csv,True,False,False,1751925379.8232613,609761.7192268372
487509,1751924770.0617225,1751925091.7697773,batch_consumer-sts-0_20250707_215150_431075.csv,True,False,False,1751925379.8232613,609761.5387439728
487519,1751924770.0619016,1751925091.7968056,batch_consumer-sts-0_20250707_215150_431075.csv,True,False,False,1751925379.8232613,609761.3596916199
487529,1751924770.0620842,1751925091.8233204,batch_consumer-sts-0_20250707_215150_431075.csv,True,False,False,1751925379.8232613,609761.1770629883
487539,1751924770.0622938,1751925091.8547573,batch_consumer-sts-0_20250707_215150_431075.csv,True,False,False,1751925379.8232613,609760.9674930573
487549,1751924770.0624871,1751925091.8813796,batch_consumer-sts-0_20250707_215150_431075.csv,True,False,False,1751925379.8232613,609760.7741355896
487559,1751924770.0626757,1751925091.9072757,batch_consumer-sts-0_20250707_215150_431075.csv,True,False,False,1751925379.8232613,609760.5855464935
487569,1751924770.0628705,1751925091.934064,batch_consumer-sts-0_20250707_215150_431075.csv,True,False,False,1751925379.8232613,609760.3907585144
487579,1751924770.0630808,1751925091.9611046,batch_consumer-sts-0_20250707_215150_431075.csv,True,False,False,1751925379.8232613,609760.1804733276
487589,1751924770.0632756,1751925091.9879506,batch_consumer-sts-0_20250707_215150_431075.csv,True,False,False,1751925379.8232613,609759.9856853485
487599,1751924770.0634637,1751925093.0166786,batch_consumer-sts-0_20250707_215150_431075.csv,True,False,False,1751925379.8232613,609759.7975730896
487609,1751924770.0636554,1751925093.0437474,batch_consumer-sts-0_20250707_215150_431075.csv,True,False,False,1751925379.8232613,609759.605884552
487619,1751924770.06385,1751925093.0706174,batch_consumer-sts-0_20250707_215150_431075.csv,True,False,False,1751925379.8232613,609759.4113349915
487629,1751924770.064044,1751925093.1796224,batch_consumer-sts-0_20250707_215150_431075.csv,True,False,False,1751925379.8232613,609759.2172622681
487639,1751924770.0642514,1751925093.206718,batch_consumer-sts-0_20250707_215150_431075.csv,True,False,False,1751925379.8232613,609759.0098381042
487649,1751924770.0644343,1751925093.2335672,batch_consumer-sts-0_20250707_215150_431075.csv,True,False,False,1751925379.8232613,609758.8269710541
487659,1751924770.0646198,1751925093.2600417,batch_consumer-sts-0_20250707_215150_431075.csv,True,False,False,1751925379.8232613,609758.6414813995
487669,1751924770.0648007,1751925093.2868192,batch_consumer-sts-0_20250707_215150_431075.csv,True,False,False,1751925379.8232613,609758.460521698
487679,1751924770.0649848,1751925093.313661,batch_consumer-sts-0_20250707_215150_431075.csv,True,False,False,1751925379.8232613,609758.2764625549
487689,1751924770.0651598,1751925093.340464,batch_consumer-sts-0_20250707_215150_431075.csv,True,False,False,1751925379.8232613,609758.1014633179
487699,1751924770.0653672,1751925093.3671873,batch_consumer-sts-0_20250707_215150_431075.csv,True,False,False,1751925379.8232613,609757.894039154
487709,1751924770.0655544,1751925093.3938963,batch_consumer-sts-0_20250707_215150_431075.csv,True,False,False,1751925379.8232613,609757.7068805695
487719,1751924770.06574,1751925093.4207168,batch_consumer-sts-0_20250707_215150_431075.csv,True,False,False,1751925379.8232613,609757.5211524963
487729,1751924770.06594,1751925093.4477875,batch_consumer-sts-0_20250707_215150_431075.csv,True,False,False,1751925379.8232613,609757.321357727
487739,1751924770.0661309,1751925093.474661,batch_consumer-sts-0_20250707_215150_431075.csv,True,False,False,1751925379.8232613,609757.1303844452
487749,1751924770.0663598,1751925093.5015178,batch_consumer-sts-0_20250707_215150_431075.csv,True,False,False,1751925379.8232613,609756.9015026093
487759,1751924770.0665736,1751925093.5288908,batch_consumer-sts-0_20250707_215150_431075.csv,True,False,False,1751925379.8232613,609756.6876411438
487769,1751924770.0667932,1751925093.555925,batch_consumer-sts-0_20250707_215150_431075.csv,True,False,False,1751925379.8232613,609756.4680576324
487779,1751924770.0670185,1751925093.5828657,batch_consumer-sts-0_20250707_215150_431075.csv,True,False,False,1751925379.8232613,609756.2427520752
487789,1751924770.067211,1751925093.6862824,batch_consumer-sts-0_20250707_215150_431075.csv,True,False,False,1751925379.8232613,609756.0503482819
487799,1751924770.0674148,1751925093.7133632,batch_consumer-sts-0_20250707_215150_431075.csv,True,False,False,1751925379.8232613,609755.8465003967
487809,1751924770.067596,1751925093.7402894,batch_consumer-sts-0_20250707_215150_431075.csv,True,False,False,1751925379.8232613,609755.6653022766
487819,1751924770.06778,1751925093.7663012,batch_consumer-sts-0_20250707_215150_431075.csv,True,False,False,1751925379.8232613,609755.4812431335
487829,1751924770.067959,1751925093.7932007,batch_consumer-sts-0_20250707_215150_431075.csv,True,False,False,1751925379.8232613,609755.3021907806
487839,1751924770.0681448,1751925093.820585,batch_consumer-sts-0_20250707_215150_431075.csv,True,False,False,1751925379.8232613,609755.1164627075
487849,1751924770.0683353,1751925093.8478093,batch_consumer-sts-0_20250707_215150_431075.csv,True,False,False,1751925379.8232613,609754.9259662628
487859,1751924770.068513,1751925093.8749914,batch_consumer-sts-0_20250707_215150_431075.csv,True,False,False,1751925379.8232613,609754.7483444214
487869,1751924770.0686889,1751925093.9022856,batch_consumer-sts-0_20250707_215150_431075.csv,True,False,False,1751925379.8232613,609754.57239151
487879,1751924770.0688686,1751925093.9292705,batch_consumer-sts-0_20250707_215150_431075.csv,True,False,False,1751925379.8232613,609754.3926239014
487889,1751924770.0690432,1751925093.9562068,batch_consumer-sts-0_20250707_215150_431075.csv,True,False,False,1751925379.8232613,609754.2181015015
487899,1751924770.069219,1751925093.983843,batch_consumer-sts-0_20250707_215150_431075.csv,True,False,False,1751925379.8232613,609754.0421485901
487909,1751924770.0693982,1751925094.0113814,batch_consumer-sts-0_20250707_215150_431075.csv,True,False,False,1751925379.8232613,609753.8630962372
487919,1751924770.069578,1751925094.0385027,batch_consumer-sts-0_20250707_215150_431075.csv,True,False,False,1751925379.8232613,609753.6833286285
487929,1751924770.0697544,1751925094.0657146,batch_consumer-sts-0_20250707_215150_431075.csv,True,False,False,1751925379.8232613,609753.50689888
487939,1751924770.0699322,1751925094.092839,batch_consumer-sts-0_20250707_215150_431075.csv,True,False,False,1751925379.8232613,609753.32903862
487949,1751924770.0701334,1751925094.1199982,batch_consumer-sts-0_20250707_215150_431075.csv,True,False,False,1751925379.8232613,609753.1278133392
487959,1751924770.070346,1751925094.147164,batch_consumer-sts-0_20250707_215150_431075.csv,True,False,False,1751925379.8232613,609752.9151439667
487969,1751924770.0705333,1751925094.1741655,batch_consumer-sts-0_20250707_215150_431075.csv,True,False,False,1751925379.8232613,609752.7279853821
487979,1751924770.0707266,1751925094.2012408,batch_consumer-sts-0_20250707_215150_431075.csv,True,False,False,1751925379.8232613,609752.5346279144
487989,1751924770.0709164,1751925094.227399,batch_consumer-sts-0_20250707_215150_431075.csv,True,False,False,1751925379.8232613,609752.3448467255
487999,1751924770.0711088,1751925094.254508,batch_consumer-sts-0_20250707_215150_431075.csv,True,False,False,1751925379.8232613,609752.1524429321
488009,1751924770.071303,1751925094.281607,batch_consumer-sts-0_20250707_215150_431075.csv,True,False,False,1751925379.8232613,609751.9583702087
488019,1751924770.0715048,1751925094.3085003,batch_consumer-sts-0_20250707_215150_431075.csv,True,False,False,1751925379.8232613,609751.7564296722
488029,1751924770.0716958,1751925094.3354623,batch_consumer-sts-0_20250707_215150_431075.csv,True,False,False,1751925379.8232613,609751.5654563904
488039,1751924770.0718727,1751925094.362321,batch_consumer-sts-0_20250707_215150_431075.csv,True,False,False,1751925379.8232613,609751.3885498047
488049,1751924770.072049,1751925094.3891735,batch_consumer-sts-0_20250707_215150_431075.csv,True,False,False,1751925379.8232613,609751.2123584747
488059,1751924770.072228,1751925094.4160657,batch_consumer-sts-0_20250707_215150_431075.csv,True,False,False,1751925379.8232613,609751.0333061218
488069,1751924770.072409,1751925094.4430015,batch_consumer-sts-0_20250707_215150_431075.csv,True,False,False,1751925379.8232613,609750.8523464203
488079,1751924770.0725927,1751925094.4697776,batch_consumer-sts-0_20250707_215150_431075.csv,True,False,False,1751925379.8232613,609750.6685256958
488089,1751924770.0727894,1751925094.4967685,batch_consumer-sts-0_20250707_215150_431075.csv,True,False,False,1751925379.8232613,609750.471830368
488099,1751924770.0729752,1751925094.5235753,batch_consumer-sts-0_20250707_215150_431075.csv,True,False,False,1751925379.8232613,609750.2861022949
488109,1751924770.0731635,1751925094.5568538,batch_consumer-sts-0_20250707_215150_431075.csv,True,False,False,1751925379.8232613,609750.0977516174
488119,1751924770.0733447,1751925094.583572,batch_consumer-sts-0_20250707_215150_431075.csv,True,False,False,1751925379.8232613,609749.9165534973
488129,1751924770.0735278,1751925094.6103876,batch_consumer-sts-0_20250707_215150_431075.csv,True,False,False,1751925379.8232613,609749.7334480286
488139,1751924770.0737145,1751925094.637071,batch_consumer-sts-0_20250707_215150_431075.csv,True,False,False,1751925379.8232613,609749.5467662811
488149,1751924770.0739,1751925094.663689,batch_consumer-sts-0_20250707_215150_431075.csv,True,False,False,1751925379.8232613,609749.3612766266
488159,1751924770.074086,1751925094.6904955,batch_consumer-sts-0_20250707_215150_431075.csv,True,False,False,1751925379.8232613,609749.1753101349
488169,1751924770.074295,1751925094.716933,batch_consumer-sts-0_20250707_215150_431075.csv,True,False,False,1751925379.8232613,609748.966217041
488179,1751924770.074491,1751925094.7435615,batch_consumer-sts-0_20250707_215150_431075.csv,True,False,False,1751925379.8232613,609748.770236969
488189,1751924770.07468,1751925094.7705865,batch_consumer-sts-0_20250707_215150_431075.csv,True,False,False,1751925379.8232613,609748.5811710358
488199,1751924770.0748725,1751925094.797751,batch_consumer-sts-0_20250707_215150_431075.csv,True,False,False,1751925379.8232613,609748.3887672424
488209,1751924770.0750682,1751925094.824793,batch_consumer-sts-0_20250707_215150_431075.csv,True,False,False,1751925379.8232613,609748.193025589
488219,1751924770.0752597,1751925094.851798,batch_consumer-sts-0_20250707_215150_431075.csv,True,False,False,1751925379.8232613,609748.00157547
488229,1751924770.0754886,1751925094.8791375,batch_consumer-sts-0_20250707_215150_431075.csv,True,False,False,1751925379.8232613,609747.772693634
488239,1751924770.0756671,1751925094.9052682,batch_consumer-sts-0_20250707_215150_431075.csv,True,False,False,1751925379.8232613,609747.5941181183
488249,1751924770.0758512,1751925094.9323022,batch_consumer-sts-0_20250707_215150_431075.csv,True,False,False,1751925379.8232613,609747.4100589752
488259,1751924770.076027,1751925094.9593625,batch_consumer-sts-0_20250707_215150_431075.csv,True,False,False,1751925379.8232613,609747.2343444824
488269,1751924770.0762095,1751925094.9864535,batch_consumer-sts-0_20250707_215150_431075.csv,True,False,False,1751925379.8232613,609747.0517158508
488279,1751924770.076389,1751925095.0133908,batch_consumer-sts-0_20250707_215150_431075.csv,True,False,False,1751925379.8232613,609746.8721866608
488289,1751924770.0765688,1751925095.040156,batch_consumer-sts-0_20250707_215150_431075.csv,True,False,False,1751925379.8232613,609746.6924190521
488299,1751924770.0767524,1751925095.067163,batch_consumer-sts-0_20250707_215150_431075.csv,True,False,False,1751925379.8232613,609746.5088367462
488309,1751924770.076939,1751925095.0938666,batch_consumer-sts-0_20250707_215150_431075.csv,True,False,False,1751925379.8232613,609746.3221549988
488319,1751924770.077129,1751925095.1209648,batch_consumer-sts-0_20250707_215150_431075.csv,True,False,False,1751925379.8232613,609746.1323738098
488329,1751924770.077314,1751925095.1477606,batch_consumer-sts-0_20250707_215150_431075.csv,True,False,False,1751925379.8232613,609745.9473609924
488339,1751924770.0774992,1751925095.174363,batch_consumer-sts-0_20250707_215150_431075.csv,True,False,False,1751925379.8232613,609745.7621097565
488349,1751924770.0776863,1751925095.200776,batch_consumer-sts-0_20250707_215150_431075.csv,True,False,False,1751925379.8232613,609745.5749511719
488359,1751924770.0778756,1751925095.227374,batch_consumer-sts-0_20250707_215150_431075.csv,True,False,False,1751925379.8232613,609745.3856468201
488369,1751924770.078056,1751925095.2530668,batch_consumer-sts-0_20250707_215150_431075.csv,True,False,False,1751925379.8232613,609745.2051639557
488379,1751924770.078269,1751925095.2797084,batch_consumer-sts-0_20250707_215150_431075.csv,True,False,False,1751925379.8232613,609744.9922561646
488389,1751924770.0808318,1751925095.306621,batch_consumer-sts-0_20250707_215150_431075.csv,True,False,False,1751925379.8232613,609742.4294948578
488399,1751924770.0810127,1751925095.333184,batch_consumer-sts-0_20250707_215150_431075.csv,True,False,False,1751925379.8232613,609742.2485351562
488409,1751924770.0812008,1751925095.3597443,batch_consumer-sts-0_20250707_215150_431075.csv,True,False,False,1751925379.8232613,609742.0604228973
488419,1751924770.0813854,1751925095.386414,batch_consumer-sts-0_20250707_215150_431075.csv,True,False,False,1751925379.8232613,609741.8758869171
488429,1751924770.0815656,1751925095.4137485,batch_consumer-sts-0_20250707_215150_431075.csv,True,False,False,1751925379.8232613,609741.6956424713
488439,1751924770.08176,1751925095.4405675,batch_consumer-sts-0_20250707_215150_431075.csv,True,False,False,1751925379.8232613,609741.5013313293
488449,1751924770.0819335,1751925095.4674842,batch_consumer-sts-0_20250707_215150_431075.csv,True,False,False,1751925379.8232613,609741.3277626038
488459,1751924770.0821323,1751925095.4941812,batch_consumer-sts-0_20250707_215150_431075.csv,True,False,False,1751925379.8232613,609741.1289215088
488469,1751924770.0823655,1751925095.5209484,batch_consumer-sts-0_20250707_215150_431075.csv,True,False,False,1751925379.8232613,609740.8957481384
488479,1751924770.0825846,1751925095.5478344,batch_consumer-sts-0_20250707_215150_431075.csv,True,False,False,1751925379.8232613,609740.6766414642
488489,1751924770.0828023,1751925095.5749366,batch_consumer-sts-0_20250707_215150_431075.csv,True,False,False,1751925379.8232613,609740.4589653015
488499,1751924770.083033,1751925095.602128,batch_consumer-sts-0_20250707_215150_431075.csv,True,False,False,1751925379.8232613,609740.228176117
488509,1751924770.083259,1751925095.6288917,batch_consumer-sts-0_20250707_215150_431075.csv,True,False,False,1751925379.8232613,609740.002155304
488519,1751924770.0834775,1751925095.65622,batch_consumer-sts-0_20250707_215150_431075.csv,True,False,False,1751925379.8232613,609739.7837638855
488529,1751924770.0836744,1751925095.6830895,batch_consumer-sts-0_20250707_215150_431075.csv,True,False,False,1751925379.8232613,609739.5868301392
488539,1751924770.0838685,1751925095.710026,batch_consumer-sts-0_20250707_215150_431075.csv,True,False,False,1751925379.8232613,609739.3927574158
488549,1751924770.084065,1751925095.73707,batch_consumer-sts-0_20250707_215150_431075.csv,True,False,False,1751925379.8232613,609739.1963005066
488559,1751924770.084272,1751925095.7640617,batch_consumer-sts-0_20250707_215150_431075.csv,True,False,False,1751925379.8232613,609738.9893531799
488569,1751924770.0844655,1751925095.7909834,batch_consumer-sts-0_20250707_215150_431075.csv,True,False,False,1751925379.8232613,609738.7957572937
488579,1751924770.0846589,1751925095.817819,batch_consumer-sts-0_20250707_215150_431075.csv,True,False,False,1751925379.8232613,609738.602399826
488589,1751924770.0848486,1751925095.844541,batch_consumer-sts-0_20250707_215150_431075.csv,True,False,False,1751925379.8232613,609738.4126186371
488599,1751924770.085048,1751925095.871329,batch_consumer-sts-0_20250707_215150_431075.csv,True,False,False,1751925379.8232613,609738.213300705
488609,1751924770.0852473,1751925095.8982277,batch_consumer-sts-0_20250707_215150_431075.csv,True,False,False,1751925379.8232613,609738.0139827728
488619,1751924770.0854845,1751925095.925162,batch_consumer-sts-0_20250707_215150_431075.csv,True,False,False,1751925379.8232613,609737.7767562866
488629,1751924770.085664,1751925095.9521933,batch_consumer-sts-0_20250707_215150_431075.csv,True,False,False,1751925379.8232613,609737.5972270966
488639,1751924770.0858438,1751925095.9791975,batch_consumer-sts-0_20250707_215150_431075.csv,True,False,False,1751925379.8232613,609737.4174594879
488649,1751924770.0860252,1751925096.005375,batch_consumer-sts-0_20250707_215150_431075.csv,True,False,False,1751925379.8232613,609737.2360229492
488659,1751924770.0862362,1751925096.0327036,batch_consumer-sts-0_20250707_215150_431075.csv,True,False,False,1751925379.8232613,609737.0250225067
488669,1751924770.0864294,1751925096.0593443,batch_consumer-sts-0_20250707_215150_431075.csv,True,False,False,1751925379.8232613,609736.8319034576
488679,1751924770.0866275,1751925096.0862234,batch_consumer-sts-0_20250707_215150_431075.csv,True,False,False,1751925379.8232613,609736.6337776184
488689,1751924770.086819,1751925096.1128778,batch_consumer-sts-0_20250707_215150_431075.csv,True,False,False,1751925379.8232613,609736.4423274994
488699,1751924770.0870116,1751925096.139529,batch_consumer-sts-0_20250707_215150_431075.csv,True,False,False,1751925379.8232613,609736.2496852875
488709,1751924770.08721,1751925096.2393837,batch_consumer-sts-0_20250707_215150_431075.csv,True,False,False,1751925379.8232613,609736.0513210297
488719,1751924770.087405,1751925096.2667284,batch_consumer-sts-0_20250707_215150_431075.csv,True,False,False,1751925379.8232613,609735.856294632
488729,1751924770.0875847,1751925096.2935014,batch_consumer-sts-0_20250707_215150_431075.csv,True,False,False,1751925379.8232613,609735.6765270233
488739,1751924770.0877662,1751925096.3203456,batch_consumer-sts-0_20250707_215150_431075.csv,True,False,False,1751925379.8232613,609735.4950904846
488749,1751924770.0879452,1751925096.346137,batch_consumer-sts-0_20250707_215150_431075.csv,True,False,False,1751925379.8232613,609735.3160381317
488759,1751924770.0881248,1751925096.3728778,batch_consumer-sts-0_20250707_215150_431075.csv,True,False,False,1751925379.8232613,609735.1365089417
488769,1751924770.0883052,1751925096.399746,batch_consumer-sts-0_20250707_215150_431075.csv,True,False,False,1751925379.8232613,609734.9560260773
488779,1751924770.0884912,1751925096.4266896,batch_consumer-sts-0_20250707_215150_431075.csv,True,False,False,1751925379.8232613,609734.7700595856
488789,1751924770.0886674,1751925096.4537427,batch_consumer-sts-0_20250707_215150_431075.csv,True,False,False,1751925379.8232613,609734.5938682556
488799,1751924770.088846,1751925096.4810877,batch_consumer-sts-0_20250707_215150_431075.csv,True,False,False,1751925379.8232613,609734.4152927399
488809,1751924770.089023,1751925096.5081117,batch_consumer-sts-0_20250707_215150_431075.csv,True,False,False,1751925379.8232613,609734.2381477356
488819,1751924770.0892024,1751925096.53516,batch_consumer-sts-0_20250707_215150_431075.csv,True,False,False,1751925379.8232613,609734.0588569641
488829,1751924770.0893798,1751925096.5621526,batch_consumer-sts-0_20250707_215150_431075.csv,True,False,False,1751925379.8232613,609733.8814735413
488839,1751924770.089559,1751925096.5890236,batch_consumer-sts-0_20250707_215150_431075.csv,True,False,False,1751925379.8232613,609733.7021827698
488849,1751924770.0897388,1751925096.61592,batch_consumer-sts-0_20250707_215150_431075.csv,True,False,False,1751925379.8232613,609733.5224151611
488859,1751924770.0899158,1751925096.6427062,batch_consumer-sts-0_20250707_215150_431075.csv,True,False,False,1751925379.8232613,609733.3455085754
488869,1751924770.0900896,1751925096.6695182,batch_consumer-sts-0_20250707_215150_431075.csv,True,False,False,1751925379.8232613,609733.1717014313
488879,1751924770.090295,1751925096.6963484,batch_consumer-sts-0_20250707_215150_431075.csv,True,False,False,1751925379.8232613,609732.9661846161
488889,1751924770.0905051,1751925096.7231984,batch_consumer-sts-0_20250707_215150_431075.csv,True,False,False,1751925379.8232613,609732.7561378479
488899,1751924770.090704,1751925096.7503169,batch_consumer-sts-0_20250707_215150_431075.csv,True,False,False,1751925379.8232613,609732.5572967529
488909,1751924770.090901,1751925096.7776475,batch_consumer-sts-0_20250707_215150_431075.csv,True,False,False,1751925379.8232613,609732.3603630066
488919,1751924770.0910938,1751925096.8049283,batch_consumer-sts-0_20250707_215150_431075.csv,True,False,False,1751925379.8232613,609732.1674823761
488929,1751924770.0912895,1751925096.8323505,batch_consumer-sts-0_20250707_215150_431075.csv,True,False,False,1751925379.8232613,609731.9717407227
488939,1751924770.0914848,1751925096.8590133,batch_consumer-sts-0_20250707_215150_431075.csv,True,False,False,1751925379.8232613,609731.7764759064
488949,1751924770.0918536,1751925096.886176,batch_consumer-sts-0_20250707_215150_431075.csv,True,False,False,1751925379.8232613,609731.4076423645
488959,1751924770.0920484,1751925096.9125805,batch_consumer-sts-0_20250707_215150_431075.csv,True,False,False,1751925379.8232613,609731.2128543854
488969,1751924770.0925827,1751925096.939713,batch_consumer-sts-0_20250707_215150_431075.csv,True,False,False,1751925379.8232613,609730.6785583496
500339,1751924770.3650763,1751925096.9672198,batch_consumer-sts-0_20250707_215150_431075.csv,True,False,False,1751925379.8232613,609458.1849575043
500349,1751924770.3652563,1751925096.9942665,batch_consumer-sts-0_20250707_215150_431075.csv,True,False,False,1751925379.8232613,609458.004951477
500359,1751924770.3654382,1751925098.0227838,batch_consumer-sts-0_20250707_215150_431075.csv,True,False,False,1751925379.8232613,609457.8230381012
500369,1751924770.3656209,1751925098.049699,batch_consumer-sts-0_20250707_215150_431075.csv,True,False,False,1751925379.8232613,609457.6404094696
500379,1751924770.365804,1751925098.0765586,batch_consumer-sts-0_20250707_215150_431075.csv,True,False,False,1751925379.8232613,609457.4573040009
500389,1751924770.3659823,1751925098.1031718,batch_consumer-sts-0_20250707_215150_431075.csv,True,False,False,1751925379.8232613,609457.2789669037
500399,1751924770.3661685,1751925098.130233,batch_consumer-sts-0_20250707_215150_431075.csv,True,False,False,1751925379.8232613,609457.0927619934
500409,1751924770.3663523,1751925098.1570284,batch_consumer-sts-0_20250707_215150_431075.csv,True,False,False,1751925379.8232613,609456.9089412689
500419,1751924770.3665285,1751925098.1838589,batch_consumer-sts-0_20250707_215150_431075.csv,True,False,False,1751925379.8232613,609456.732749939
500429,1751924770.3667092,1751925098.244985,batch_consumer-sts-0_20250707_215150_431075.csv,True,False,False,1751925379.8232613,609456.552028656
500439,1751924770.3668883,1751925098.2725043,batch_consumer-sts-0_20250707_215150_431075.csv,True,False,False,1751925379.8232613,609456.3729763031
500449,1751924770.3670716,1751925098.3113997,batch_consumer-sts-0_20250707_215150_431075.csv,True,False,False,1751925379.8232613,609456.1896324158
500459,1751924770.3672502,1751925098.338474,batch_consumer-sts-0_20250707_215150_431075.csv,True,False,False,1751925379.8232613,609456.0110569
500469,1751924770.367439,1751925098.3653574,batch_consumer-sts-0_20250707_215150_431075.csv,True,False,False,1751925379.8232613,609455.8222293854
500479,1751924770.3676174,1751925098.3923442,batch_consumer-sts-0_20250707_215150_431075.csv,True,False,False,1751925379.8232613,609455.6438922882
500489,1751924770.367799,1751925098.4182956,batch_consumer-sts-0_20250707_215150_431075.csv,True,False,False,1751925379.8232613,609455.4622173309
500499,1751924770.3679695,1751925098.4451344,batch_consumer-sts-0_20250707_215150_431075.csv,True,False,False,1751925379.8232613,609455.2917480469
500509,1751924770.3681483,1751925098.4719803,batch_consumer-sts-0_20250707_215150_431075.csv,True,False,False,1751925379.8232613,609455.1129341125
500519,1751924770.3683436,1751925098.4987333,batch_consumer-sts-0_20250707_215150_431075.csv,True,False,False,1751925379.8232613,609454.9176692963
500529,1751924770.3685238,1751925098.5257423,batch_consumer-sts-0_20250707_215150_431075.csv,True,False,False,1751925379.8232613,609454.7374248505
500539,1751924770.3687074,1751925098.5521824,batch_consumer-sts-0_20250707_215150_431075.csv,True,False,False,1751925379.8232613,609454.5538425446
500549,1751924770.3688858,1751925098.5786755,batch_consumer-sts-0_20250707_215150_431075.csv,True,False,False,1751925379.8232613,609454.3755054474
500559,1751924770.369063,1751925098.6056116,batch_consumer-sts-0_20250707_215150_431075.csv,True,False,False,1751925379.8232613,609454.1983604431
500569,1751924770.3692446,1751925098.6325748,batch_consumer-sts-0_20250707_215150_431075.csv,True,False,False,1751925379.8232613,609454.0166854858
500579,1751924770.3694277,1751925098.6595616,batch_consumer-sts-0_20250707_215150_431075.csv,True,False,False,1751925379.8232613,609453.8335800171
500589,1751924770.3696082,1751925098.6866376,batch_consumer-sts-0_20250707_215150_431075.csv,True,False,False,1751925379.8232613,609453.6530971527
500599,1751924770.3697937,1751925098.7431204,batch_consumer-sts-0_20250707_215150_431075.csv,True,False,False,1751925379.8232613,609453.4676074982
500609,1751924770.369979,1751925098.770337,batch_consumer-sts-0_20250707_215150_431075.csv,True,False,False,1751925379.8232613,609453.2823562622
500619,1751924770.3701637,1751925098.7975504,batch_consumer-sts-0_20250707_215150_431075.csv,True,False,False,1751925379.8232613,609453.0975818634
500629,1751924770.3703475,1751925098.824808,batch_consumer-sts-0_20250707_215150_431075.csv,True,False,False,1751925379.8232613,609452.9137611389
500639,1751924770.370529,1751925098.852134,batch_consumer-sts-0_20250707_215150_431075.csv,True,False,False,1751925379.8232613,609452.7323246002
500649,1751924770.3707154,1751925098.8792698,batch_consumer-sts-0_20250707_215150_431075.csv,True,False,False,1751925379.8232613,609452.5458812714
500659,1751924770.370896,1751925098.9054322,batch_consumer-sts-0_20250707_215150_431075.csv,True,False,False,1751925379.8232613,609452.3651599884
500669,1751924770.371076,1751925098.9326398,batch_consumer-sts-0_20250707_215150_431075.csv,True,False,False,1751925379.8232613,609452.1851539612
500679,1751924770.371257,1751925098.9600885,batch_consumer-sts-0_20250707_215150_431075.csv,True,False,False,1751925379.8232613,609452.0041942596
500689,1751924770.3714545,1751925098.9874103,batch_consumer-sts-0_20250707_215150_431075.csv,True,False,False,1751925379.8232613,609451.8067836761
500699,1751924770.371627,1751925099.1508288,batch_consumer-sts-0_20250707_215150_431075.csv,True,False,False,1751925379.8232613,609451.6341686249
500709,1751924770.3718011,1751925099.1781116,batch_consumer-sts-0_20250707_215150_431075.csv,True,False,False,1751925379.8232613,609451.4601230621
500719,1751924770.3719735,1751925099.2048066,batch_consumer-sts-0_20250707_215150_431075.csv,True,False,False,1751925379.8232613,609451.2877464294
500729,1751924770.3721552,1751925099.2317183,batch_consumer-sts-0_20250707_215150_431075.csv,True,False,False,1751925379.8232613,609451.1060714722
500739,1751924770.3723314,1751925099.2585237,batch_consumer-sts-0_20250707_215150_431075.csv,True,False,False,1751925379.8232613,609450.9298801422
500749,1751924770.372599,1751925099.2851932,batch_consumer-sts-0_20250707_215150_431075.csv,True,False,False,1751925379.8232613,609450.6623744965
500759,1751924770.372776,1751925099.3119233,batch_consumer-sts-0_20250707_215150_431075.csv,True,False,False,1751925379.8232613,609450.4852294922
500769,1751924770.37297,1751925099.338649,batch_consumer-sts-0_20250707_215150_431075.csv,True,False,False,1751925379.8232613,609450.2911567688
500779,1751924770.3731534,1751925099.365559,batch_consumer-sts-0_20250707_215150_431075.csv,True,False,False,1751925379.8232613,609450.1078128815
500789,1751924770.3733387,1751925099.392421,batch_consumer-sts-0_20250707_215150_431075.csv,True,False,False,1751925379.8232613,609449.9225616455
500799,1751924770.3735144,1751925099.4190702,batch_consumer-sts-0_20250707_215150_431075.csv,True,False,False,1751925379.8232613,609449.7468471527
500809,1751924770.3736975,1751925099.4458137,batch_consumer-sts-0_20250707_215150_431075.csv,True,False,False,1751925379.8232613,609449.563741684
500819,1751924770.3738844,1751925099.472504,batch_consumer-sts-0_20250707_215150_431075.csv,True,False,False,1751925379.8232613,609449.376821518
500829,1751924770.37407,1751925099.4993515,batch_consumer-sts-0_20250707_215150_431075.csv,True,False,False,1751925379.8232613,609449.1913318634
500839,1751924770.37425,1751925099.5265124,batch_consumer-sts-0_20250707_215150_431075.csv,True,False,False,1751925379.8232613,609449.0113258362
500849,1751924770.3744578,1751925099.5531952,batch_consumer-sts-0_20250707_215150_431075.csv,True,False,False,1751925379.8232613,609448.8034248352
500859,1751924770.374645,1751925099.5799558,batch_consumer-sts-0_20250707_215150_431075.csv,True,False,False,1751925379.8232613,609448.6162662506
500869,1751924770.3748374,1751925099.6067395,batch_consumer-sts-0_20250707_215150_431075.csv,True,False,False,1751925379.8232613,609448.4238624573
500879,1751924770.3750353,1751925099.6331837,batch_consumer-sts-0_20250707_215150_431075.csv,True,False,False,1751925379.8232613,609448.2259750366
500889,1751924770.3752267,1751925099.6598728,batch_consumer-sts-0_20250707_215150_431075.csv,True,False,False,1751925379.8232613,609448.0345249176
500899,1751924770.3754482,1751925099.6869843,batch_consumer-sts-0_20250707_215150_431075.csv,True,False,False,1751925379.8232613,609447.8130340576
500909,1751924770.3756442,1751925099.71399,batch_consumer-sts-0_20250707_215150_431075.csv,True,False,False,1751925379.8232613,609447.6170539856
500919,1751924770.3758457,1751925099.7407246,batch_consumer-sts-0_20250707_215150_431075.csv,True,False,False,1751925379.8232613,609447.4155902863
500929,1751924770.3760417,1751925099.7675486,batch_consumer-sts-0_20250707_215150_431075.csv,True,False,False,1751925379.8232613,609447.2196102142
500939,1751924770.3762324,1751925099.794511,batch_consumer-sts-0_20250707_215150_431075.csv,True,False,False,1751925379.8232613,609447.028875351
500949,1751924770.3764288,1751925099.8213024,batch_consumer-sts-0_20250707_215150_431075.csv,True,False,False,1751925379.8232613,609446.8324184418
500959,1751924770.3766294,1751925099.848263,batch_consumer-sts-0_20250707_215150_431075.csv,True,False,False,1751925379.8232613,609446.6319084167
500969,1751924770.3768103,1751925099.8751247,batch_consumer-sts-0_20250707_215150_431075.csv,True,False,False,1751925379.8232613,609446.4509487152
500979,1751924770.3769915,1751925099.9019976,batch_consumer-sts-0_20250707_215150_431075.csv,True,False,False,1751925379.8232613,609446.2697505951
500989,1751924770.3771834,1751925099.928976,batch_consumer-sts-0_20250707_215150_431075.csv,True,False,False,1751925379.8232613,609446.0778236389
500999,1751924770.3773627,1751925099.955891,batch_consumer-sts-0_20250707_215150_431075.csv,True,False,False,1751925379.8232613,609445.8985328674
501009,1751924770.377544,1751925099.9827125,batch_consumer-sts-0_20250707_215150_431075.csv,True,False,False,1751925379.8232613,609445.7173347473
501019,1751924770.3777187,1751925100.009602,batch_consumer-sts-0_20250707_215150_431075.csv,True,False,False,1751925379.8232613,609445.5425739288
501029,1751924770.377893,1751925100.0365722,batch_consumer-sts-0_20250707_215150_431075.csv,True,False,False,1751925379.8232613,609445.3682899475
501039,1751924770.3780694,1751925100.063055,batch_consumer-sts-0_20250707_215150_431075.csv,True,False,False,1751925379.8232613,609445.191860199
501049,1751924770.378271,1751925100.0894213,batch_consumer-sts-0_20250707_215150_431075.csv,True,False,False,1751925379.8232613,609444.990158081
501059,1751924770.3784544,1751925100.1146555,batch_consumer-sts-0_20250707_215150_431075.csv,True,False,False,1751925379.8232613,609444.8068141937
501069,1751924770.3786354,1751925100.1408026,batch_consumer-sts-0_20250707_215150_431075.csv,True,False,False,1751925379.8232613,609444.6258544922
501079,1751924770.3788164,1751925100.166991,batch_consumer-sts-0_20250707_215150_431075.csv,True,False,False,1751925379.8232613,609444.4448947906
501089,1751924770.3789988,1751925100.1930282,batch_consumer-sts-0_20250707_215150_431075.csv,True,False,False,1751925379.8232613,609444.2625045776
501099,1751924770.3791802,1751925100.2192538,batch_consumer-sts-0_20250707_215150_431075.csv,True,False,False,1751925379.8232613,609444.0810680389
501109,1751924770.3793795,1751925100.245505,batch_consumer-sts-0_20250707_215150_431075.csv,True,False,False,1751925379.8232613,609443.8817501068
501119,1751924770.3795574,1751925100.2716126,batch_consumer-sts-0_20250707_215150_431075.csv,True,False,False,1751925379.8232613,609443.7038898468
501129,1751924770.3797388,1751925100.2978754,batch_consumer-sts-0_20250707_215150_431075.csv,True,False,False,1751925379.8232613,609443.5224533081
501139,1751924770.3799217,1751925100.324247,batch_consumer-sts-0_20250707_215150_431075.csv,True,False,False,1751925379.8232613,609443.3395862579
501149,1751924770.3800955,1751925100.350478,batch_consumer-sts-0_20250707_215150_431075.csv,True,False,False,1751925379.8232613,609443.1657791138
501159,1751924770.3802686,1751925100.3769343,batch_consumer-sts-0_20250707_215150_431075.csv,True,False,False,1751925379.8232613,609442.9926872253
501169,1751924770.3804471,1751925100.403202,batch_consumer-sts-0_20250707_215150_431075.csv,True,False,False,1751925379.8232613,609442.8141117096
501179,1751924770.3806224,1751925100.4293058,batch_consumer-sts-0_20250707_215150_431075.csv,True,False,False,1751925379.8232613,609442.638874054
501189,1751924770.3808007,1751925100.4556046,batch_consumer-sts-0_20250707_215150_431075.csv,True,False,False,1751925379.8232613,609442.4605369568
501199,1751924770.380994,1751925100.481888,batch_consumer-sts-0_20250707_215150_431075.csv,True,False,False,1751925379.8232613,609442.2671794891
501209,1751924770.3811743,1751925100.508256,batch_consumer-sts-0_20250707_215150_431075.csv,True,False,False,1751925379.8232613,609442.0869350433
501219,1751924770.381353,1751925100.5346975,batch_consumer-sts-0_20250707_215150_431075.csv,True,False,False,1751925379.8232613,609441.9083595276
501229,1751924770.381537,1751925100.5612614,batch_consumer-sts-0_20250707_215150_431075.csv,True,False,False,1751925379.8232613,609441.7243003845
501239,1751924770.381713,1751925100.5875995,batch_consumer-sts-0_20250707_215150_431075.csv,True,False,False,1751925379.8232613,609441.5483474731
501249,1751924770.3818948,1751925100.613834,batch_consumer-sts-0_20250707_215150_431075.csv,True,False,False,1751925379.8232613,609441.3664340973
501259,1751924770.3820736,1751925100.6401975,batch_consumer-sts-0_20250707_215150_431075.csv,True,False,False,1751925379.8232613,609441.187620163
501269,1751924770.3823454,1751925100.666693,batch_consumer-sts-0_20250707_215150_431075.csv,True,False,False,1751925379.8232613,609440.9158229828
501279,1751924770.3825314,1751925100.6933675,batch_consumer-sts-0_20250707_215150_431075.csv,True,False,False,1751925379.8232613,609440.7298564911
501289,1751924770.3827145,1751925100.7196703,batch_consumer-sts-0_20250707_215150_431075.csv,True,False,False,1751925379.8232613,609440.5467510223
501299,1751924770.3828928,1751925100.7461386,batch_consumer-sts-0_20250707_215150_431075.csv,True,False,False,1751925379.8232613,609440.3684139252
501309,1751924770.3830757,1751925100.772432,batch_consumer-sts-0_20250707_215150_431075.csv,True,False,False,1751925379.8232613,609440.185546875
501319,1751924770.3832805,1751925100.7987309,batch_consumer-sts-0_20250707_215150_431075.csv,True,False,False,1751925379.8232613,609439.9807453156
501329,1751924770.3835056,1751925100.8251662,batch_consumer-sts-0_20250707_215150_431075.csv,True,False,False,1751925379.8232613,609439.7556781769
501339,1751924770.3836954,1751925100.851651,batch_consumer-sts-0_20250707_215150_431075.csv,True,False,False,1751925379.8232613,609439.5658969879
501349,1751924770.383892,1751925100.8780138,batch_consumer-sts-0_20250707_215150_431075.csv,True,False,False,1751925379.8232613,609439.3692016602
501359,1751924770.3840804,1751925100.9046776,batch_consumer-sts-0_20250707_215150_431075.csv,True,False,False,1751925379.8232613,609439.1808509827
501369,1751924770.384268,1751925100.9313436,batch_consumer-sts-0_20250707_215150_431075.csv,True,False,False,1751925379.8232613,609438.9932155609
501379,1751924770.3844583,1751925100.9577198,batch_consumer-sts-0_20250707_215150_431075.csv,True,False,False,1751925379.8232613,609438.8029575348
501389,1751924770.3846557,1751925100.984336,batch_consumer-sts-0_20250707_215150_431075.csv,True,False,False,1751925379.8232613,609438.6055469513
501399,1751924770.3848495,1751925101.0110946,batch_consumer-sts-0_20250707_215150_431075.csv,True,False,False,1751925379.8232613,609438.4117126465
501409,1751924770.385049,1751925101.0372915,batch_consumer-sts-0_20250707_215150_431075.csv,True,False,False,1751925379.8232613,609438.2121562958
501419,1751924770.3852313,1751925101.0633175,batch_consumer-sts-0_20250707_215150_431075.csv,True,False,False,1751925379.8232613,609438.0300045013
501429,1751924770.385417,1751925101.0894382,batch_consumer-sts-0_20250707_215150_431075.csv,True,False,False,1751925379.8232613,609437.8442764282
501439,1751924770.385599,1751925101.115791,batch_consumer-sts-0_20250707_215150_431075.csv,True,False,False,1751925379.8232613,609437.6623630524
501449,1751924770.3858063,1751925101.142037,batch_consumer-sts-0_20250707_215150_431075.csv,True,False,False,1751925379.8232613,609437.4549388885
501459,1751924770.385985,1751925101.1684718,batch_consumer-sts-0_20250707_215150_431075.csv,True,False,False,1751925379.8232613,609437.2763633728
501469,1751924770.3861787,1751925101.1946886,batch_consumer-sts-0_20250707_215150_431075.csv,True,False,False,1751925379.8232613,609437.082529068
501479,1751924770.3863585,1751925101.221021,batch_consumer-sts-0_20250707_215150_431075.csv,True,False,False,1751925379.8232613,609436.9027614594
501489,1751924770.386541,1751925101.2473905,batch_consumer-sts-0_20250707_215150_431075.csv,True,False,False,1751925379.8232613,609436.7203712463
501499,1751924770.3867197,1751925101.7295637,batch_consumer-sts-0_20250707_215150_431075.csv,True,False,False,1751925379.8232613,609436.541557312
501509,1751924770.3869028,1751925101.756119,batch_consumer-sts-0_20250707_215150_431075.csv,True,False,False,1751925379.8232613,609436.3584518433
501519,1751924770.387079,1751925101.7824335,batch_consumer-sts-0_20250707_215150_431075.csv,True,False,False,1751925379.8232613,609436.1822605133
501529,1751924770.387264,1751925101.8089116,batch_consumer-sts-0_20250707_215150_431075.csv,True,False,False,1751925379.8232613,609435.9972476959
501539,1751924770.387449,1751925101.8353038,batch_consumer-sts-0_20250707_215150_431075.csv,True,False,False,1751925379.8232613,609435.8122348785
501549,1751924770.387628,1751925101.861957,batch_consumer-sts-0_20250707_215150_431075.csv,True,False,False,1751925379.8232613,609435.6331825256
501559,1751924770.387802,1751925101.888301,batch_consumer-sts-0_20250707_215150_431075.csv,True,False,False,1751925379.8232613,609435.4593753815
501569,1751924770.3879766,1751925101.9151924,batch_consumer-sts-0_20250707_215150_431075.csv,True,False,False,1751925379.8232613,609435.284614563
501579,1751924770.3881483,1751925101.9417372,batch_consumer-sts-0_20250707_215150_431075.csv,True,False,False,1751925379.8232613,609435.112953186
501589,1751924770.3883233,1751925101.9683075,batch_consumer-sts-0_20250707_215150_431075.csv,True,False,False,1751925379.8232613,609434.937953949
501599,1751924770.388502,1751925101.995445,batch_consumer-sts-0_20250707_215150_431075.csv,True,False,False,1751925379.8232613,609434.7593784332
501609,1751924770.3886774,1751925102.022487,batch_consumer-sts-0_20250707_215150_431075.csv,True,False,False,1751925379.8232613,609434.583902359
501619,1751924770.388853,1751925102.0489664,batch_consumer-sts-0_20250707_215150_431075.csv,True,False,False,1751925379.8232613,609434.4081878662
501629,1751924770.3890386,1751925102.0754125,batch_consumer-sts-0_20250707_215150_431075.csv,True,False,False,1751925379.8232613,609434.2226982117
501639,1751924770.389215,1751925102.1020308,batch_consumer-sts-0_20250707_215150_431075.csv,True,False,False,1751925379.8232613,609434.0462684631
501649,1751924770.3893943,1751925102.1283472,batch_consumer-sts-0_20250707_215150_431075.csv,True,False,False,1751925379.8232613,609433.8669776917
501659,1751924770.3895714,1751925102.154823,batch_consumer-sts-0_20250707_215150_431075.csv,True,False,False,1751925379.8232613,609433.6898326874
501669,1751924770.3897512,1751925102.181125,batch_consumer-sts-0_20250707_215150_431075.csv,True,False,False,1751925379.8232613,609433.5100650787
501679,1751924770.3899214,1751925102.2076633,batch_consumer-sts-0_20250707_215150_431075.csv,True,False,False,1751925379.8232613,609433.3398342133
501689,1751924770.3900976,1751925102.2340343,batch_consumer-sts-0_20250707_215150_431075.csv,True,False,False,1751925379.8232613,609433.1636428833
501699,1751924770.3902988,1751925102.2604644,batch_consumer-sts-0_20250707_215150_431075.csv,True,False,False,1751925379.8232613,609432.9624176025
501709,1751924770.3904836,1751925102.2866476,batch_consumer-sts-0_20250707_215150_431075.csv,True,False,False,1751925379.8232613,609432.7776432037
501719,1751924770.3906643,1751925102.3126717,batch_consumer-sts-0_20250707_215150_431075.csv,True,False,False,1751925379.8232613,609432.5969219208
501729,1751924770.3908482,1751925102.3388646,batch_consumer-sts-0_20250707_215150_431075.csv,True,False,False,1751925379.8232613,609432.4131011963
501739,1751924770.3910272,1751925102.365035,batch_consumer-sts-0_20250707_215150_431075.csv,True,False,False,1751925379.8232613,609432.2340488434
501749,1751924770.391208,1751925102.3911548,batch_consumer-sts-0_20250707_215150_431075.csv,True,False,False,1751925379.8232613,609432.0533275604
501759,1751924770.391395,1751925103.41919,batch_consumer-sts-0_20250707_215150_431075.csv,True,False,False,1751925379.8232613,609431.8661689758
501769,1751924770.391576,1751925103.4457955,batch_consumer-sts-0_20250707_215150_431075.csv,True,False,False,1751925379.8232613,609431.6852092743
501779,1751924770.391749,1751925103.471953,batch_consumer-sts-0_20250707_215150_431075.csv,True,False,False,1751925379.8232613,609431.5123558044
501789,1751924770.3919263,1751925103.4982662,batch_consumer-sts-0_20250707_215150_431075.csv,True,False,False,1751925379.8232613,609431.3349723816
501799,1751924770.392101,1751925103.5236669,batch_consumer-sts-0_20250707_215150_431075.csv,True,False,False,1751925379.8232613,609431.1602115631
501809,1751924770.3922734,1751925103.5500183,batch_consumer-sts-0_20250707_215150_431075.csv,True,False,False,1751925379.8232613,609430.9878349304
501819,1751924770.3924446,1751925103.5763822,batch_consumer-sts-0_20250707_215150_431075.csv,True,False,False,1751925379.8232613,609430.8166503906
501829,1751924770.3926218,1751925103.602404,batch_consumer-sts-0_20250707_215150_431075.csv,True,False,False,1751925379.8232613,609430.6395053864
501839,1751924770.3928034,1751925103.6284244,batch_consumer-sts-0_20250707_215150_431075.csv,True,False,False,1751925379.8232613,609430.4578304291
501849,1751924770.3929834,1751925103.6545894,batch_consumer-sts-0_20250707_215150_431075.csv,True,False,False,1751925379.8232613,609430.2778244019
501859,1751924770.3931751,1751925103.6806593,batch_consumer-sts-0_20250707_215150_431075.csv,True,False,False,1751925379.8232613,609430.0861358643
501869,1751924770.3933566,1751925103.7069051,batch_consumer-sts-0_20250707_215150_431075.csv,True,False,False,1751925379.8232613,609429.9046993256
501879,1751924770.3935409,1751925103.7330186,batch_consumer-sts-0_20250707_215150_431075.csv,True,False,False,1751925379.8232613,609429.7204017639
501889,1751924770.3937235,1751925103.759559,batch_consumer-sts-0_20250707_215150_431075.csv,True,False,False,1751925379.8232613,609429.5377731323
501899,1751924770.393897,1751925103.7861133,batch_consumer-sts-0_20250707_215150_431075.csv,True,False,False,1751925379.8232613,609429.3642044067
501909,1751924770.394081,1751925103.812403,batch_consumer-sts-0_20250707_215150_431075.csv,True,False,False,1751925379.8232613,609429.1801452637
501919,1751924770.3942652,1751925103.9071147,batch_consumer-sts-0_20250707_215150_431075.csv,True,False,False,1751925379.8232613,609428.9960861206
501929,1751924770.394455,1751925103.9334955,batch_consumer-sts-0_20250707_215150_431075.csv,True,False,False,1751925379.8232613,609428.8063049316
501939,1751924770.394636,1751925103.9598172,batch_consumer-sts-0_20250707_215150_431075.csv,True,False,False,1751925379.8232613,609428.6253452301
501949,1751924770.394819,1751925103.9861395,batch_consumer-sts-0_20250707_215150_431075.csv,True,False,False,1751925379.8232613,609428.4422397614
501959,1751924770.3950016,1751925104.012494,batch_consumer-sts-0_20250707_215150_431075.csv,True,False,False,1751925379.8232613,609428.2596111298
501969,1751924770.3951876,1751925104.0377922,batch_consumer-sts-0_20250707_215150_431075.csv,True,False,False,1751925379.8232613,609428.0736446381
501979,1751924770.395374,1751925104.0640144,batch_consumer-sts-0_20250707_215150_431075.csv,True,False,False,1751925379.8232613,609427.8872013092
501989,1751924770.3955524,1751925104.0902915,batch_consumer-sts-0_20250707_215150_431075.csv,True,False,False,1751925379.8232613,609427.708864212
501999,1751924770.3957353,1751925104.1166112,batch_consumer-sts-0_20250707_215150_431075.csv,True,False,False,1751925379.8232613,609427.5259971619
502009,1751924770.3959131,1751925104.143571,batch_consumer-sts-0_20250707_215150_431075.csv,True,False,False,1751925379.8232613,609427.3481369019
502019,1751924770.3960922,1751925104.1705723,batch_consumer-sts-0_20250707_215150_431075.csv,True,False,False,1751925379.8232613,609427.169084549
502029,1751924770.3962653,1751925104.197611,batch_consumer-sts-0_20250707_215150_431075.csv,True,False,False,1751925379.8232613,609426.9959926605
502039,1751924770.3964362,1751925104.2245803,batch_consumer-sts-0_20250707_215150_431075.csv,True,False,False,1751925379.8232613,609426.8250465393
502049,1751924770.3966162,1751925104.3864193,batch_consumer-sts-0_20250707_215150_431075.csv,True,False,False,1751925379.8232613,609426.6450405121
502059,1751924770.396793,1751925104.4127553,batch_consumer-sts-0_20250707_215150_431075.csv,True,False,False,1751925379.8232613,609426.468372345
502069,1751924770.3969672,1751925104.438862,batch_consumer-sts-0_20250707_215150_431075.csv,True,False,False,1751925379.8232613,609426.2940883636
502079,1751924770.3971417,1751925104.4652207,batch_consumer-sts-0_20250707_215150_431075.csv,True,False,False,1751925379.8232613,609426.1195659637
502089,1751924770.3973212,1751925104.4917676,batch_consumer-sts-0_20250707_215150_431075.csv,True,False,False,1751925379.8232613,609425.9400367737
502099,1751924770.3975024,1751925104.5180342,batch_consumer-sts-0_20250707_215150_431075.csv,True,False,False,1751925379.8232613,609425.7588386536
502109,1751924770.39768,1751925104.544522,batch_consumer-sts-0_20250707_215150_431075.csv,True,False,False,1751925379.8232613,609425.5812168121
502119,1751924770.397854,1751925104.5707378,batch_consumer-sts-0_20250707_215150_431075.csv,True,False,False,1751925379.8232613,609425.4071712494
502129,1751924770.3980303,1751925104.5970569,batch_consumer-sts-0_20250707_215150_431075.csv,True,False,False,1751925379.8232613,609425.2309799194
502139,1751924770.399225,1751925104.6230316,batch_consumer-sts-0_20250707_215150_431075.csv,True,False,False,1751925379.8232613,609424.0362644196
502149,1751924770.3994277,1751925104.6491067,batch_consumer-sts-0_20250707_215150_431075.csv,True,False,False,1751925379.8232613,609423.8336086273
502159,1751924770.3996065,1751925104.6754267,batch_consumer-sts-0_20250707_215150_431075.csv,True,False,False,1751925379.8232613,609423.654794693
502169,1751924770.3998103,1751925104.701747,batch_consumer-sts-0_20250707_215150_431075.csv,True,False,False,1751925379.8232613,609423.4509468079
502179,1751924770.399994,1751925104.728121,batch_consumer-sts-0_20250707_215150_431075.csv,True,False,False,1751925379.8232613,609423.267364502
502189,1751924770.4001777,1751925104.7545695,batch_consumer-sts-0_20250707_215150_431075.csv,True,False,False,1751925379.8232613,609423.0835437775
502199,1751924770.400358,1751925104.7809017,batch_consumer-sts-0_20250707_215150_431075.csv,True,False,False,1751925379.8232613,609422.9032993317
502209,1751924770.4005408,1751925104.8075838,batch_consumer-sts-0_20250707_215150_431075.csv,True,False,False,1751925379.8232613,609422.7204322815
502219,1751924770.4007192,1751925104.8340957,batch_consumer-sts-0_20250707_215150_431075.csv,True,False,False,1751925379.8232613,609422.5420951843
502229,1751924770.40091,1751925104.8606071,batch_consumer-sts-0_20250707_215150_431075.csv,True,False,False,1751925379.8232613,609422.351360321
502239,1751924770.40111,1751925104.8873706,batch_consumer-sts-0_20250707_215150_431075.csv,True,False,False,1751925379.8232613,609422.1513271332
502249,1751924770.401296,1751925104.9137776,batch_consumer-sts-0_20250707_215150_431075.csv,True,False,False,1751925379.8232613,609421.9653606415
502259,1751924770.4014812,1751925104.9406438,batch_consumer-sts-0_20250707_215150_431075.csv,True,False,False,1751925379.8232613,609421.7801094055
502269,1751924770.4016623,1751925104.966985,batch_consumer-sts-0_20250707_215150_431075.csv,True,False,False,1751925379.8232613,609421.5989112854
502279,1751924770.4018435,1751925104.993123,batch_consumer-sts-0_20250707_215150_431075.csv,True,False,False,1751925379.8232613,609421.4177131653
502289,1751924770.402028,1751925105.0192456,batch_consumer-sts-0_20250707_215150_431075.csv,True,False,False,1751925379.8232613,609421.2331771851
502299,1751924770.402311,1751925105.0457566,batch_consumer-sts-0_20250707_215150_431075.csv,True,False,False,1751925379.8232613,609420.9501743317
502309,1751924770.4025075,1751925105.0719852,batch_consumer-sts-0_20250707_215150_431075.csv,True,False,False,1751925379.8232613,609420.7537174225
502319,1751924770.4026897,1751925105.0981996,batch_consumer-sts-0_20250707_215150_431075.csv,True,False,False,1751925379.8232613,609420.571565628
502329,1751924770.4028904,1751925105.124387,batch_consumer-sts-0_20250707_215150_431075.csv,True,False,False,1751925379.8232613,609420.3708171844
502339,1751924770.4030886,1751925105.1507003,batch_consumer-sts-0_20250707_215150_431075.csv,True,False,False,1751925379.8232613,609420.1726913452
502349,1751924770.403286,1751925105.1771982,batch_consumer-sts-0_20250707_215150_431075.csv,True,False,False,1751925379.8232613,609419.9752807617
502359,1751924770.4034903,1751925105.2036386,batch_consumer-sts-0_20250707_215150_431075.csv,True,False,False,1751925379.8232613,609419.7709560394
502369,1751924770.4036925,1751925105.2299452,batch_consumer-sts-0_20250707_215150_431075.csv,True,False,False,1751925379.8232613,609419.5687770844
502379,1751924770.403882,1751925105.2563827,batch_consumer-sts-0_20250707_215150_431075.csv,True,False,False,1751925379.8232613,609419.379234314
502389,1751924770.404077,1751925105.2827003,batch_consumer-sts-0_20250707_215150_431075.csv,True,False,False,1751925379.8232613,609419.1842079163
502399,1751924770.4042702,1751925105.3086996,batch_consumer-sts-0_20250707_215150_431075.csv,True,False,False,1751925379.8232613,609418.9910888672
502409,1751924770.404465,1751925105.3348055,batch_consumer-sts-0_20250707_215150_431075.csv,True,False,False,1751925379.8232613,609418.7963008881
502419,1751924770.4046588,1751925105.360808,batch_consumer-sts-0_20250707_215150_431075.csv,True,False,False,1751925379.8232613,609418.6024665833
502429,1751924770.4048457,1751925105.3868504,batch_consumer-sts-0_20250707_215150_431075.csv,True,False,False,1751925379.8232613,609418.4155464172
502439,1751924770.4050405,1751925105.4128268,batch_consumer-sts-0_20250707_215150_431075.csv,True,False,False,1751925379.8232613,609418.2207584381
524799,1751924770.8863766,1751925105.4389372,batch_consumer-sts-0_20250707_215150_431075.csv,True,False,False,1751925379.8232613,608936.8846416473
524809,1751924770.8866017,1751925105.4654045,batch_consumer-sts-0_20250707_215150_431075.csv,True,False,False,1751925379.8232613,608936.6595745087
524819,1751924770.8868155,1751925105.49275,batch_consumer-sts-0_20250707_215150_431075.csv,True,False,False,1751925379.8232613,608936.4457130432
524829,1751924770.8870325,1751925105.5200343,batch_consumer-sts-0_20250707_215150_431075.csv,True,False,False,1751925379.8232613,608936.2287521362
524839,1751924770.887251,1751925105.5475948,batch_consumer-sts-0_20250707_215150_431075.csv,True,False,False,1751925379.8232613,608936.0103607178
524849,1751924770.88747,1751925105.5748982,batch_consumer-sts-0_20250707_215150_431075.csv,True,False,False,1751925379.8232613,608935.7912540436
524859,1751924770.8876765,1751925105.601886,batch_consumer-sts-0_20250707_215150_431075.csv,True,False,False,1751925379.8232613,608935.5847835541
524869,1751924770.8878963,1751925105.629353,batch_consumer-sts-0_20250707_215150_431075.csv,True,False,False,1751925379.8232613,608935.3649616241
524879,1751924770.8881116,1751925105.656891,batch_consumer-sts-0_20250707_215150_431075.csv,True,False,False,1751925379.8232613,608935.1496696472
524889,1751924770.8882985,1751925105.684405,batch_consumer-sts-0_20250707_215150_431075.csv,True,False,False,1751925379.8232613,608934.9627494812
524899,1751924770.8884895,1751925105.710941,batch_consumer-sts-0_20250707_215150_431075.csv,True,False,False,1751925379.8232613,608934.7717761993
524909,1751924770.8886812,1751925105.7382,batch_consumer-sts-0_20250707_215150_431075.csv,True,False,False,1751925379.8232613,608934.5800876617
524919,1751924770.888884,1751925105.7670405,batch_consumer-sts-0_20250707_215150_431075.csv,True,False,False,1751925379.8232613,608934.3771934509
524929,1751924770.8890655,1751925105.7947116,batch_consumer-sts-0_20250707_215150_431075.csv,True,False,False,1751925379.8232613,608934.1957569122
524939,1751924770.8892477,1751925105.8211515,batch_consumer-sts-0_20250707_215150_431075.csv,True,False,False,1751925379.8232613,608934.0136051178
524949,1751924770.8894272,1751925105.8486545,batch_consumer-sts-0_20250707_215150_431075.csv,True,False,False,1751925379.8232613,608933.8340759277
524959,1751924770.8896048,1751925105.8754983,batch_consumer-sts-0_20250707_215150_431075.csv,True,False,False,1751925379.8232613,608933.6564540863
524969,1751924770.8897877,1751925105.9022696,batch_consumer-sts-0_20250707_215150_431075.csv,True,False,False,1751925379.8232613,608933.4735870361
524979,1751924770.8899724,1751925105.9296725,batch_consumer-sts-0_20250707_215150_431075.csv,True,False,False,1751925379.8232613,608933.2888126373
524989,1751924770.8901615,1751925105.9579444,batch_consumer-sts-0_20250707_215150_431075.csv,True,False,False,1751925379.8232613,608933.0997467041
524999,1751924770.8903718,1751925105.9851837,batch_consumer-sts-0_20250707_215150_431075.csv,True,False,False,1751925379.8232613,608932.8894615173
525009,1751924770.8905623,1751925106.0118532,batch_consumer-sts-0_20250707_215150_431075.csv,True,False,False,1751925379.8232613,608932.6989650726
525019,1751924770.8909757,1751925106.039122,batch_consumer-sts-0_20250707_215150_431075.csv,True,False,False,1751925379.8232613,608932.2855472565
525029,1751924770.891366,1751925106.0670776,batch_consumer-sts-0_20250707_215150_431075.csv,True,False,False,1751925379.8232613,608931.8952560425
525039,1751924770.891719,1751925106.0949168,batch_consumer-sts-0_20250707_215150_431075.csv,True,False,False,1751925379.8232613,608931.5421581268
525049,1751924770.892065,1751925106.1228714,batch_consumer-sts-0_20250707_215150_431075.csv,True,False,False,1751925379.8232613,608931.1962127686
525059,1751924770.892407,1751925106.1507535,batch_consumer-sts-0_20250707_215150_431075.csv,True,False,False,1751925379.8232613,608930.8543205261
525069,1751924770.8925874,1751925106.17802,batch_consumer-sts-0_20250707_215150_431075.csv,True,False,False,1751925379.8232613,608930.6738376617
525079,1751924770.8927653,1751925106.2051442,batch_consumer-sts-0_20250707_215150_431075.csv,True,False,False,1751925379.8232613,608930.4959774017
525089,1751924770.8929446,1751925106.235685,batch_consumer-sts-0_20250707_215150_431075.csv,True,False,False,1751925379.8232613,608930.3166866302
525099,1751924770.893124,1751925106.2629182,batch_consumer-sts-0_20250707_215150_431075.csv,True,False,False,1751925379.8232613,608930.1371574402
525109,1751924770.893305,1751925106.290191,batch_consumer-sts-0_20250707_215150_431075.csv,True,False,False,1751925379.8232613,608929.9561977386
525119,1751924770.8934884,1751925106.3165228,batch_consumer-sts-0_20250707_215150_431075.csv,True,False,False,1751925379.8232613,608929.7728538513
525129,1751924770.8936672,1751925106.3437543,batch_consumer-sts-0_20250707_215150_431075.csv,True,False,False,1751925379.8232613,608929.594039917
525139,1751924770.8938491,1751925106.370959,batch_consumer-sts-0_20250707_215150_431075.csv,True,False,False,1751925379.8232613,608929.4121265411
525149,1751924770.894029,1751925106.69984,batch_consumer-sts-0_20250707_215150_431075.csv,True,False,False,1751925379.8232613,608929.2323589325
525159,1751924770.8942304,1751925106.7275708,batch_consumer-sts-0_20250707_215150_431075.csv,True,False,False,1751925379.8232613,608929.0308952332
525169,1751924770.8944194,1751925106.7552269,batch_consumer-sts-0_20250707_215150_431075.csv,True,False,False,1751925379.8232613,608928.8418292999
525179,1751924770.894611,1751925106.783285,batch_consumer-sts-0_20250707_215150_431075.csv,True,False,False,1751925379.8232613,608928.6503791809
525189,1751924770.8948033,1751925106.809592,batch_consumer-sts-0_20250707_215150_431075.csv,True,False,False,1751925379.8232613,608928.4579753876
525199,1751924770.8950002,1751925106.83688,batch_consumer-sts-0_20250707_215150_431075.csv,True,False,False,1751925379.8232613,608928.2610416412
525209,1751924770.895196,1751925106.864597,batch_consumer-sts-0_20250707_215150_431075.csv,True,False,False,1751925379.8232613,608928.0652999878
525219,1751924770.8953888,1751925106.8922138,batch_consumer-sts-0_20250707_215150_431075.csv,True,False,False,1751925379.8232613,608927.8724193573
525229,1751924770.8955822,1751925106.9195127,batch_consumer-sts-0_20250707_215150_431075.csv,True,False,False,1751925379.8232613,608927.6790618896
525239,1751924770.895763,1751925106.9469986,batch_consumer-sts-0_20250707_215150_431075.csv,True,False,False,1751925379.8232613,608927.4983406067
525249,1751924770.8959427,1751925106.974532,batch_consumer-sts-0_20250707_215150_431075.csv,True,False,False,1751925379.8232613,608927.318572998
525259,1751924770.89612,1751925107.001639,batch_consumer-sts-0_20250707_215150_431075.csv,True,False,False,1751925379.8232613,608927.1411895752
525269,1751924770.896304,1751925107.0290675,batch_consumer-sts-0_20250707_215150_431075.csv,True,False,False,1751925379.8232613,608926.9573688507
525279,1751924770.8964832,1751925107.056293,batch_consumer-sts-0_20250707_215150_431075.csv,True,False,False,1751925379.8232613,608926.7780780792
525289,1751924770.8966627,1751925107.0846856,batch_consumer-sts-0_20250707_215150_431075.csv,True,False,False,1751925379.8232613,608926.5985488892
525299,1751924770.896853,1751925107.1114273,batch_consumer-sts-0_20250707_215150_431075.csv,True,False,False,1751925379.8232613,608926.408290863
525309,1751924770.8970375,1751925107.1390283,batch_consumer-sts-0_20250707_215150_431075.csv,True,False,False,1751925379.8232613,608926.2237548828
525319,1751924770.8972156,1751925107.1667545,batch_consumer-sts-0_20250707_215150_431075.csv,True,False,False,1751925379.8232613,608926.0456562042
525329,1751924770.8973997,1751925107.1939716,batch_consumer-sts-0_20250707_215150_431075.csv,True,False,False,1751925379.8232613,608925.8615970612
525339,1751924770.8975816,1751925107.220453,batch_consumer-sts-0_20250707_215150_431075.csv,True,False,False,1751925379.8232613,608925.6796836853
525349,1751924770.8977635,1751925107.2483,batch_consumer-sts-0_20250707_215150_431075.csv,True,False,False,1751925379.8232613,608925.4977703094
525359,1751924770.8979504,1751925107.2765863,batch_consumer-sts-0_20250707_215150_431075.csv,True,False,False,1751925379.8232613,608925.3108501434
525369,1751924770.898127,1751925107.303943,batch_consumer-sts-0_20250707_215150_431075.csv,True,False,False,1751925379.8232613,608925.1341819763
525379,1751924770.898335,1751925107.331385,batch_consumer-sts-0_20250707_215150_431075.csv,True,False,False,1751925379.8232613,608924.9262809753
525389,1751924770.8985274,1751925107.359474,batch_consumer-sts-0_20250707_215150_431075.csv,True,False,False,1751925379.8232613,608924.733877182
525399,1751924770.898715,1751925107.3876257,batch_consumer-sts-0_20250707_215150_431075.csv,True,False,False,1751925379.8232613,608924.5462417603
525409,1751924770.8989022,1751925107.4141057,batch_consumer-sts-0_20250707_215150_431075.csv,True,False,False,1751925379.8232613,608924.3590831757
525419,1751924770.899093,1751925107.4420202,batch_consumer-sts-0_20250707_215150_431075.csv,True,False,False,1751925379.8232613,608924.1683483124
525429,1751924770.8993185,1751925107.4692202,batch_consumer-sts-0_20250707_215150_431075.csv,True,False,False,1751925379.8232613,608923.9428043365
525439,1751924770.8995135,1751925107.496515,batch_consumer-sts-0_20250707_215150_431075.csv,True,False,False,1751925379.8232613,608923.7477779388
525449,1751924770.8996978,1751925107.522885,batch_consumer-sts-0_20250707_215150_431075.csv,True,False,False,1751925379.8232613,608923.5634803772
525459,1751924770.8998723,1751925107.549724,batch_consumer-sts-0_20250707_215150_431075.csv,True,False,False,1751925379.8232613,608923.3889579773
525469,1751924770.900054,1751925107.5795245,batch_consumer-sts-0_20250707_215150_431075.csv,True,False,False,1751925379.8232613,608923.20728302
525479,1751924770.9002326,1751925107.6061678,batch_consumer-sts-0_20250707_215150_431075.csv,True,False,False,1751925379.8232613,608923.0287075043
525489,1751924770.9004138,1751925107.6330085,batch_consumer-sts-0_20250707_215150_431075.csv,True,False,False,1751925379.8232613,608922.8475093842
525499,1751924770.9005952,1751925107.6600993,batch_consumer-sts-0_20250707_215150_431075.csv,True,False,False,1751925379.8232613,608922.6660728455
525509,1751924770.9007804,1751925108.6887226,batch_consumer-sts-0_20250707_215150_431075.csv,True,False,False,1751925379.8232613,608922.4808216095
525519,1751924770.9009593,1751925108.7153685,batch_consumer-sts-0_20250707_215150_431075.csv,True,False,False,1751925379.8232613,608922.3020076752
525529,1751924770.9011407,1751925108.742559,batch_consumer-sts-0_20250707_215150_431075.csv,True,False,False,1751925379.8232613,608922.1205711365
525539,1751924770.9013205,1751925108.7699723,batch_consumer-sts-0_20250707_215150_431075.csv,True,False,False,1751925379.8232613,608921.9408035278
525549,1751924770.901507,1751925108.7976491,batch_consumer-sts-0_20250707_215150_431075.csv,True,False,False,1751925379.8232613,608921.754360199
525559,1751924770.9016929,1751925108.8244233,batch_consumer-sts-0_20250707_215150_431075.csv,True,False,False,1751925379.8232613,608921.5683937073
525569,1751924770.901876,1751925108.8513367,batch_consumer-sts-0_20250707_215150_431075.csv,True,False,False,1751925379.8232613,608921.3852882385
525579,1751924770.9020555,1751925108.8778248,batch_consumer-sts-0_20250707_215150_431075.csv,True,False,False,1751925379.8232613,608921.2057590485
525589,1751924770.9022665,1751925108.9046998,batch_consumer-sts-0_20250707_215150_431075.csv,True,False,False,1751925379.8232613,608920.994758606
525599,1751924770.9025452,1751925108.9318626,batch_consumer-sts-0_20250707_215150_431075.csv,True,False,False,1751925379.8232613,608920.716047287
525609,1751924770.9027371,1751925109.056124,batch_consumer-sts-0_20250707_215150_431075.csv,True,False,False,1751925379.8232613,608920.5241203308
525619,1751924770.9029343,1751925109.0836494,batch_consumer-sts-0_20250707_215150_431075.csv,True,False,False,1751925379.8232613,608920.3269481659
525629,1751924770.903133,1751925109.1108048,batch_consumer-sts-0_20250707_215150_431075.csv,True,False,False,1751925379.8232613,608920.1283454895
525639,1751924770.9033349,1751925109.139283,batch_consumer-sts-0_20250707_215150_431075.csv,True,False,False,1751925379.8232613,608919.926404953
525649,1751924770.9035313,1751925109.167112,batch_consumer-sts-0_20250707_215150_431075.csv,True,False,False,1751925379.8232613,608919.7299480438
525659,1751924770.9037125,1751925109.1950805,batch_consumer-sts-0_20250707_215150_431075.csv,True,False,False,1751925379.8232613,608919.5487499237
525669,1751924770.9039166,1751925109.2218013,batch_consumer-sts-0_20250707_215150_431075.csv,True,False,False,1751925379.8232613,608919.34466362
525679,1751924770.904105,1751925109.2495997,batch_consumer-sts-0_20250707_215150_431075.csv,True,False,False,1751925379.8232613,608919.1563129425
525689,1751924770.9042976,1751925109.277419,batch_consumer-sts-0_20250707_215150_431075.csv,True,False,False,1751925379.8232613,608918.9636707306
525699,1751924770.9045,1751925109.3047726,batch_consumer-sts-0_20250707_215150_431075.csv,True,False,False,1751925379.8232613,608918.7612533569
525709,1751924770.9047067,1751925109.332434,batch_consumer-sts-0_20250707_215150_431075.csv,True,False,False,1751925379.8232613,608918.5545444489
525719,1751924770.904894,1751925109.3620176,batch_consumer-sts-0_20250707_215150_431075.csv,True,False,False,1751925379.8232613,608918.3671474457
525729,1751924770.9051,1751925109.3903496,batch_consumer-sts-0_20250707_215150_431075.csv,True,False,False,1751925379.8232613,608918.1611537933
525739,1751924770.9052808,1751925109.4173095,batch_consumer-sts-0_20250707_215150_431075.csv,True,False,False,1751925379.8232613,608917.9804325104
525749,1751924770.9054625,1751925109.44461,batch_consumer-sts-0_20250707_215150_431075.csv,True,False,False,1751925379.8232613,608917.7987575531
525759,1751924770.905643,1751925109.4719365,batch_consumer-sts-0_20250707_215150_431075.csv,True,False,False,1751925379.8232613,608917.6182746887
525769,1751924770.905832,1751925109.4992378,batch_consumer-sts-0_20250707_215150_431075.csv,True,False,False,1751925379.8232613,608917.4292087555
525779,1751924770.9060292,1751925109.526004,batch_consumer-sts-0_20250707_215150_431075.csv,True,False,False,1751925379.8232613,608917.2320365906
525789,1751924770.9062338,1751925109.5537224,batch_consumer-sts-0_20250707_215150_431075.csv,True,False,False,1751925379.8232613,608917.0274734497
525799,1751924770.9064283,1751925109.5809488,batch_consumer-sts-0_20250707_215150_431075.csv,True,False,False,1751925379.8232613,608916.8329238892
525809,1751924770.906624,1751925109.6076446,batch_consumer-sts-0_20250707_215150_431075.csv,True,False,False,1751925379.8232613,608916.6371822357
525819,1751924770.9068203,1751925109.6349928,batch_consumer-sts-0_20250707_215150_431075.csv,True,False,False,1751925379.8232613,608916.4409637451
525829,1751924770.9070125,1751925109.662853,batch_consumer-sts-0_20250707_215150_431075.csv,True,False,False,1751925379.8232613,608916.2487983704
525839,1751924770.9072146,1751925109.6901703,batch_consumer-sts-0_20250707_215150_431075.csv,True,False,False,1751925379.8232613,608916.0466194153
525849,1751924770.9073966,1751925109.7166448,batch_consumer-sts-0_20250707_215150_431075.csv,True,False,False,1751925379.8232613,608915.8647060394
525859,1751924770.9075818,1751925109.743784,batch_consumer-sts-0_20250707_215150_431075.csv,True,False,False,1751925379.8232613,608915.6794548035
525869,1751924770.907771,1751925109.7711537,batch_consumer-sts-0_20250707_215150_431075.csv,True,False,False,1751925379.8232613,608915.4901504517
525879,1751924770.9079576,1751925109.798318,batch_consumer-sts-0_20250707_215150_431075.csv,True,False,False,1751925379.8232613,608915.3037071228
525889,1751924770.9081397,1751925109.8243556,batch_consumer-sts-0_20250707_215150_431075.csv,True,False,False,1751925379.8232613,608915.1215553284
525899,1751924770.9083252,1751925109.8515882,batch_consumer-sts-0_20250707_215150_431075.csv,True,False,False,1751925379.8232613,608914.9360656738
525909,1751924770.9085104,1751925109.878786,batch_consumer-sts-0_20250707_215150_431075.csv,True,False,False,1751925379.8232613,608914.7508144379
525919,1751924770.9086936,1751925109.9061835,batch_consumer-sts-0_20250707_215150_431075.csv,True,False,False,1751925379.8232613,608914.5677089691
525929,1751924770.9088776,1751925109.9333415,batch_consumer-sts-0_20250707_215150_431075.csv,True,False,False,1751925379.8232613,608914.383649826
525939,1751924770.909084,1751925109.9608142,batch_consumer-sts-0_20250707_215150_431075.csv,True,False,False,1751925379.8232613,608914.1771793365
525949,1751924770.909266,1751925109.988382,batch_consumer-sts-0_20250707_215150_431075.csv,True,False,False,1751925379.8232613,608913.9952659607
525959,1751924770.90945,1751925110.0150783,batch_consumer-sts-0_20250707_215150_431075.csv,True,False,False,1751925379.8232613,608913.8112068176
525969,1751924770.9096382,1751925110.0424328,batch_consumer-sts-0_20250707_215150_431075.csv,True,False,False,1751925379.8232613,608913.6230945587
525979,1751924770.9098184,1751925110.0696733,batch_consumer-sts-0_20250707_215150_431075.csv,True,False,False,1751925379.8232613,608913.4428501129
525989,1751924770.9099998,1751925110.09727,batch_consumer-sts-0_20250707_215150_431075.csv,True,False,False,1751925379.8232613,608913.2614135742
525999,1751924770.9101849,1751925110.1243382,batch_consumer-sts-0_20250707_215150_431075.csv,True,False,False,1751925379.8232613,608913.0764007568
526009,1751924770.9103994,1751925110.1517706,batch_consumer-sts-0_20250707_215150_431075.csv,True,False,False,1751925379.8232613,608912.8618240356
526019,1751924770.910587,1751925110.1792817,batch_consumer-sts-0_20250707_215150_431075.csv,True,False,False,1751925379.8232613,608912.6741886139
526029,1751924770.910777,1751925110.206827,batch_consumer-sts-0_20250707_215150_431075.csv,True,False,False,1751925379.8232613,608912.4841690063
526039,1751924770.9109652,1751925110.235293,batch_consumer-sts-0_20250707_215150_431075.csv,True,False,False,1751925379.8232613,608912.2960567474
526049,1751924770.9113328,1751925110.2637713,batch_consumer-sts-0_20250707_215150_431075.csv,True,False,False,1751925379.8232613,608911.9284152985
526059,1751924770.9115157,1751925110.2920756,batch_consumer-sts-0_20250707_215150_431075.csv,True,False,False,1751925379.8232613,608911.7455482483
526069,1751924770.91205,1751925110.3190432,batch_consumer-sts-0_20250707_215150_431075.csv,True,False,False,1751925379.8232613,608911.2112522125
526079,1751924770.912404,1751925110.3459811,batch_consumer-sts-0_20250707_215150_431075.csv,True,False,False,1751925379.8232613,608910.8572006226
526089,1751924770.9127414,1751925110.372979,batch_consumer-sts-0_20250707_215150_431075.csv,True,False,False,1751925379.8232613,608910.5198383331
526099,1751924770.9129188,1751925110.402385,batch_consumer-sts-0_20250707_215150_431075.csv,True,False,False,1751925379.8232613,608910.3424549103
526109,1751924770.9130964,1751925110.7395592,batch_consumer-sts-0_20250707_215209_669792.csv,True,False,False,1751925379.8232613,608910.1648330688
526119,1751924770.913278,1751925110.7669568,batch_consumer-sts-0_20250707_215209_669792.csv,True,False,False,1751925379.8232613,608909.9831581116
526129,1751924770.9134583,1751925110.7944322,batch_consumer-sts-0_20250707_215209_669792.csv,True,False,False,1751925379.8232613,608909.8029136658
526139,1751924770.9136405,1751925110.8210936,batch_consumer-sts-0_20250707_215209_669792.csv,True,False,False,1751925379.8232613,608909.6207618713
526149,1751924770.913823,1751925110.8482614,batch_consumer-sts-0_20250707_215209_669792.csv,True,False,False,1751925379.8232613,608909.4383716583
526159,1751924770.913998,1751925110.875873,batch_consumer-sts-0_20250707_215209_669792.csv,True,False,False,1751925379.8232613,608909.2633724213
526169,1751924770.914204,1751925110.902892,batch_consumer-sts-0_20250707_215209_669792.csv,True,False,False,1751925379.8232613,608909.0573787689
526179,1751924770.914403,1751925110.9299746,batch_consumer-sts-0_20250707_215209_669792.csv,True,False,False,1751925379.8232613,608908.8582992554
526189,1751924770.914582,1751925110.9573836,batch_consumer-sts-0_20250707_215209_669792.csv,True,False,False,1751925379.8232613,608908.6792469025
526199,1751924770.9147646,1751925110.9847803,batch_consumer-sts-0_20250707_215209_669792.csv,True,False,False,1751925379.8232613,608908.4966182709
526209,1751924770.9149475,1751925111.0116024,batch_consumer-sts-0_20250707_215209_669792.csv,True,False,False,1751925379.8232613,608908.3137512207
526219,1751924770.9151294,1751925111.0394151,batch_consumer-sts-0_20250707_215209_669792.csv,True,False,False,1751925379.8232613,608908.1318378448
526229,1751924770.9153085,1751925111.067504,batch_consumer-sts-0_20250707_215209_669792.csv,True,False,False,1751925379.8232613,608907.952785492
526239,1751924770.91551,1751925111.094942,batch_consumer-sts-0_20250707_215209_669792.csv,True,False,False,1751925379.8232613,608907.7513217926
526249,1751924770.9156864,1751925111.121723,batch_consumer-sts-0_20250707_215209_669792.csv,True,False,False,1751925379.8232613,608907.5748920441
526259,1751924770.915864,1751925111.1491292,batch_consumer-sts-0_20250707_215209_669792.csv,True,False,False,1751925379.8232613,608907.3972702026
526269,1751924770.9160502,1751925111.176352,batch_consumer-sts-0_20250707_215209_669792.csv,True,False,False,1751925379.8232613,608907.2110652924
526279,1751924770.9178,1751925111.20353,batch_consumer-sts-0_20250707_215209_669792.csv,True,False,False,1751925379.8232613,608905.4613113403
526289,1751924770.9180748,1751925111.2306206,batch_consumer-sts-0_20250707_215209_669792.csv,True,False,False,1751925379.8232613,608905.1864147186
526299,1751924770.9197688,1751925111.2579803,batch_consumer-sts-0_20250707_215209_669792.csv,True,False,False,1751925379.8232613,608903.4924507141
526309,1751924770.919958,1751925111.2859354,batch_consumer-sts-0_20250707_215209_669792.csv,True,False,False,1751925379.8232613,608903.3031463623
526319,1751924770.920445,1751925111.3128605,batch_consumer-sts-0_20250707_215209_669792.csv,True,False,False,1751925379.8232613,608902.8162956238
526329,1751924770.921391,1751925111.3401728,batch_consumer-sts-0_20250707_215209_669792.csv,True,False,False,1751925379.8232613,608901.8702507019
526339,1751924770.9215896,1751925111.3680663,batch_consumer-sts-0_20250707_215209_669792.csv,True,False,False,1751925379.8232613,608901.6716480255
526349,1751924770.9217694,1751925111.3955774,batch_consumer-sts-0_20250707_215209_669792.csv,True,False,False,1751925379.8232613,608901.4918804169
526359,1751924770.9219468,1751925111.4226325,batch_consumer-sts-0_20250707_215209_669792.csv,True,False,False,1751925379.8232613,608901.314496994
526369,1751924770.9221249,1751925111.45031,batch_consumer-sts-0_20250707_215209_669792.csv,True,False,False,1751925379.8232613,608901.1363983154
526379,1751924770.9223526,1751925111.478389,batch_consumer-sts-0_20250707_215209_669792.csv,True,False,False,1751925379.8232613,608900.9087085724
526389,1751924770.9225664,1751925111.7604687,batch_consumer-sts-0_20250707_215209_669792.csv,True,False,False,1751925379.8232613,608900.6948471069
526399,1751924770.922784,1751925111.7880075,batch_consumer-sts-0_20250707_215209_669792.csv,True,False,False,1751925379.8232613,608900.4771709442
526409,1751924770.923009,1751925111.8148973,batch_consumer-sts-0_20250707_215209_669792.csv,True,False,False,1751925379.8232613,608900.2523422241
526419,1751924770.9231975,1751925111.8423526,batch_consumer-sts-0_20250707_215209_669792.csv,True,False,False,1751925379.8232613,608900.063753128
526429,1751924770.9233851,1751925111.8694265,batch_consumer-sts-0_20250707_215209_669792.csv,True,False,False,1751925379.8232613,608899.8761177063
526439,1751924770.9236135,1751925111.8954835,batch_consumer-sts-0_20250707_215209_669792.csv,True,False,False,1751925379.8232613,608899.6477127075
526449,1751924770.9237926,1751925111.921837,batch_consumer-sts-0_20250707_215209_669792.csv,True,False,False,1751925379.8232613,608899.4686603546
526459,1751924770.9239705,1751925111.9490058,batch_consumer-sts-0_20250707_215209_669792.csv,True,False,False,1751925379.8232613,608899.2908000946
526469,1751924770.9241476,1751925111.9764178,batch_consumer-sts-0_20250707_215209_669792.csv,True,False,False,1751925379.8232613,608899.1136550903
526479,1751924770.9243274,1751925112.0038557,batch_consumer-sts-0_20250707_215209_669792.csv,True,False,False,1751925379.8232613,608898.9338874817
526489,1751924770.9245071,1751925112.031114,batch_consumer-sts-0_20250707_215209_669792.csv,True,False,False,1751925379.8232613,608898.754119873
526499,1751924770.9246864,1751925112.0587008,batch_consumer-sts-0_20250707_215209_669792.csv,True,False,False,1751925379.8232613,608898.5748291016
526509,1751924770.9248672,1751925112.086436,batch_consumer-sts-0_20250707_215209_669792.csv,True,False,False,1751925379.8232613,608898.3941078186
526519,1751924770.9250467,1751925112.1133475,batch_consumer-sts-0_20250707_215209_669792.csv,True,False,False,1751925379.8232613,608898.2145786285
526529,1751924770.925228,1751925112.1409762,batch_consumer-sts-0_20250707_215209_669792.csv,True,False,False,1751925379.8232613,608898.0331420898
526539,1751924770.9254038,1751925112.21018,batch_consumer-sts-0_20250707_215209_669792.csv,True,False,False,1751925379.8232613,608897.857427597
526549,1751924770.925582,1751925112.2381945,batch_consumer-sts-0_20250707_215209_669792.csv,True,False,False,1751925379.8232613,608897.6793289185
526559,1751924770.9257703,1751925112.2656927,batch_consumer-sts-0_20250707_215209_669792.csv,True,False,False,1751925379.8232613,608897.490978241
526569,1751924770.925951,1751925112.2933571,batch_consumer-sts-0_20250707_215209_669792.csv,True,False,False,1751925379.8232613,608897.310256958
526579,1751924770.926134,1751925112.3203104,batch_consumer-sts-0_20250707_215209_669792.csv,True,False,False,1751925379.8232613,608897.1271514893
526589,1751924770.9263515,1751925112.3481488,batch_consumer-sts-0_20250707_215209_669792.csv,True,False,False,1751925379.8232613,608896.9097137451
556229,1751924771.568534,1751925112.3747284,batch_consumer-sts-0_20250707_215209_669792.csv,True,False,False,1751925379.8232613,608254.7273635864
556239,1751924771.568949,1751925112.4021082,batch_consumer-sts-0_20250707_215209_669792.csv,True,False,False,1751925379.8232613,608254.3122768402
556249,1751924771.5691245,1751925112.4292228,batch_consumer-sts-0_20250707_215209_669792.csv,True,False,False,1751925379.8232613,608254.136800766
556259,1751924771.5692954,1751925112.457014,batch_consumer-sts-0_20250707_215209_669792.csv,True,False,False,1751925379.8232613,608253.9658546448
556269,1751924771.569476,1751925112.484892,batch_consumer-sts-0_20250707_215209_669792.csv,True,False,False,1751925379.8232613,608253.7853717804
556279,1751924771.5696542,1751925112.5117085,batch_consumer-sts-0_20250707_215209_669792.csv,True,False,False,1751925379.8232613,608253.6070346832
556289,1751924771.5698354,1751925112.5390918,batch_consumer-sts-0_20250707_215209_669792.csv,True,False,False,1751925379.8232613,608253.4258365631
556299,1751924771.570016,1751925112.5666063,batch_consumer-sts-0_20250707_215209_669792.csv,True,False,False,1751925379.8232613,608253.2453536987
556309,1751924771.570197,1751925112.5947156,batch_consumer-sts-0_20250707_215209_669792.csv,True,False,False,1751925379.8232613,608253.0641555786
556319,1751924771.5703754,1751925112.6216035,batch_consumer-sts-0_20250707_215209_669792.csv,True,False,False,1751925379.8232613,608252.8858184814
556329,1751924771.5705504,1751925112.6492076,batch_consumer-sts-0_20250707_215209_669792.csv,True,False,False,1751925379.8232613,608252.7108192444
556339,1751924771.570723,1751925112.6768794,batch_consumer-sts-0_20250707_215209_669792.csv,True,False,False,1751925379.8232613,608252.5382041931
556349,1751924771.5709038,1751925112.704147,batch_consumer-sts-0_20250707_215209_669792.csv,True,False,False,1751925379.8232613,608252.3574829102
556359,1751924771.571083,1751925112.7320263,batch_consumer-sts-0_20250707_215209_669792.csv,True,False,False,1751925379.8232613,608252.1781921387
556369,1751924771.5712657,1751925112.7598617,batch_consumer-sts-0_20250707_215209_669792.csv,True,False,False,1751925379.8232613,608251.9955635071
556379,1751924771.571443,1751925112.7878106,batch_consumer-sts-0_20250707_215209_669792.csv,True,False,False,1751925379.8232613,608251.8181800842
556389,1751924771.5716245,1751925112.8143775,batch_consumer-sts-0_20250707_215209_669792.csv,True,False,False,1751925379.8232613,608251.6367435455
556399,1751924771.5718043,1751925112.841426,batch_consumer-sts-0_20250707_215209_669792.csv,True,False,False,1751925379.8232613,608251.4569759369
556409,1751924771.5719864,1751925112.867539,batch_consumer-sts-0_20250707_215209_669792.csv,True,False,False,1751925379.8232613,608251.2748241425
556419,1751924771.5721643,1751925112.8951805,batch_consumer-sts-0_20250707_215209_669792.csv,True,False,False,1751925379.8232613,608251.0969638824
556429,1751924771.5723438,1751925112.921485,batch_consumer-sts-0_20250707_215209_669792.csv,True,False,False,1751925379.8232613,608250.9174346924
556439,1751924771.5725188,1751925112.9491117,batch_consumer-sts-0_20250707_215209_669792.csv,True,False,False,1751925379.8232613,608250.7424354553
556449,1751924771.5727236,1751925112.9769006,batch_consumer-sts-0_20250707_215209_669792.csv,True,False,False,1751925379.8232613,608250.5376338959
556459,1751924771.5729146,1751925113.0038488,batch_consumer-sts-0_20250707_215209_669792.csv,True,False,False,1751925379.8232613,608250.346660614
556469,1751924771.5731082,1751925113.0313714,batch_consumer-sts-0_20250707_215209_669792.csv,True,False,False,1751925379.8232613,608250.1530647278
556479,1751924771.5732973,1751925113.0587115,batch_consumer-sts-0_20250707_215209_669792.csv,True,False,False,1751925379.8232613,608249.9639987946
556489,1751924771.5734875,1751925113.0859568,batch_consumer-sts-0_20250707_215209_669792.csv,True,False,False,1751925379.8232613,608249.7737407684
556499,1751924771.5738184,1751925113.1126063,batch_consumer-sts-0_20250707_215209_669792.csv,True,False,False,1751925379.8232613,608249.4428157806
556509,1751924771.5741189,1751925113.1398113,batch_consumer-sts-0_20250707_215209_669792.csv,True,False,False,1751925379.8232613,608249.142408371
556519,1751924771.5744665,1751925113.1671743,batch_consumer-sts-0_20250707_215209_669792.csv,True,False,False,1751925379.8232613,608248.7947940826
556529,1751924771.5746417,1751925113.1947374,batch_consumer-sts-0_20250707_215209_669792.csv,True,False,False,1751925379.8232613,608248.619556427
556539,1751924771.5748208,1751925114.2232206,batch_consumer-sts-0_20250707_215209_669792.csv,True,False,False,1751925379.8232613,608248.4405040741
556549,1751924771.5749958,1751925114.2507374,batch_consumer-sts-0_20250707_215209_669792.csv,True,False,False,1751925379.8232613,608248.265504837
556559,1751924771.5753083,1751925114.278096,batch_consumer-sts-0_20250707_215209_669792.csv,True,False,False,1751925379.8232613,608247.9529380798
556569,1751924771.5754974,1751925114.3052142,batch_consumer-sts-0_20250707_215209_669792.csv,True,False,False,1751925379.8232613,608247.7638721466
556579,1751924771.5756922,1751925114.3326294,batch_consumer-sts-0_20250707_215209_669792.csv,True,False,False,1751925379.8232613,608247.5690841675
556589,1751924771.5758832,1751925114.3599966,batch_consumer-sts-0_20250707_215209_669792.csv,True,False,False,1751925379.8232613,608247.3781108856
556599,1751924771.576077,1751925114.387607,batch_consumer-sts-0_20250707_215209_669792.csv,True,False,False,1751925379.8232613,608247.1842765808
556609,1751924771.5762746,1751925114.4145043,batch_consumer-sts-0_20250707_215209_669792.csv,True,False,False,1751925379.8232613,608246.9866275787
556619,1751924771.5764592,1751925114.442258,batch_consumer-sts-0_20250707_215209_669792.csv,True,False,False,1751925379.8232613,608246.8020915985
556629,1751924771.5766404,1751925114.470201,batch_consumer-sts-0_20250707_215209_669792.csv,True,False,False,1751925379.8232613,608246.6208934784
556639,1751924771.57682,1751925114.4980023,batch_consumer-sts-0_20250707_215209_669792.csv,True,False,False,1751925379.8232613,608246.4413642883
556649,1751924771.5769973,1751925114.5252235,batch_consumer-sts-0_20250707_215209_669792.csv,True,False,False,1751925379.8232613,608246.2639808655
556659,1751924771.5771728,1751925114.5525627,batch_consumer-sts-0_20250707_215209_669792.csv,True,False,False,1751925379.8232613,608246.0885047913
556669,1751924771.5773497,1751925114.5799885,batch_consumer-sts-0_20250707_215209_669792.csv,True,False,False,1751925379.8232613,608245.9115982056
556679,1751924771.5775287,1751925114.6069682,batch_consumer-sts-0_20250707_215209_669792.csv,True,False,False,1751925379.8232613,608245.7325458527
556689,1751924771.5777082,1751925114.634721,batch_consumer-sts-0_20250707_215209_669792.csv,True,False,False,1751925379.8232613,608245.5530166626
556699,1751924771.5778892,1751925114.6625035,batch_consumer-sts-0_20250707_215209_669792.csv,True,False,False,1751925379.8232613,608245.3720569611
556709,1751924771.578076,1751925114.6905344,batch_consumer-sts-0_20250707_215209_669792.csv,True,False,False,1751925379.8232613,608245.1853752136
556719,1751924771.578261,1751925114.7174263,batch_consumer-sts-0_20250707_215209_669792.csv,True,False,False,1751925379.8232613,608245.0003623962
556729,1751924771.5784402,1751925115.0175102,batch_consumer-sts-0_20250707_215209_669792.csv,True,False,False,1751925379.8232613,608244.8210716248
556739,1751924771.5786211,1751925115.0448043,batch_consumer-sts-0_20250707_215209_669792.csv,True,False,False,1751925379.8232613,608244.6401119232
556749,1751924771.578805,1751925115.0718002,batch_consumer-sts-0_20250707_215209_669792.csv,True,False,False,1751925379.8232613,608244.4562911987
556759,1751924771.5789888,1751925115.099573,batch_consumer-sts-0_20250707_215209_669792.csv,True,False,False,1751925379.8232613,608244.2724704742
556769,1751924771.5791678,1751925115.133134,batch_consumer-sts-0_20250707_215209_669792.csv,True,False,False,1751925379.8232613,608244.0934181213
556779,1751924771.5793486,1751925115.1602294,batch_consumer-sts-0_20250707_215209_669792.csv,True,False,False,1751925379.8232613,608243.9126968384
556789,1751924771.5795407,1751925115.1874812,batch_consumer-sts-0_20250707_215209_669792.csv,True,False,False,1751925379.8232613,608243.7205314636
556799,1751924771.5797129,1751925115.2141151,batch_consumer-sts-0_20250707_215209_669792.csv,True,False,False,1751925379.8232613,608243.5483932495
556809,1751924771.579887,1751925115.2416463,batch_consumer-sts-0_20250707_215209_669792.csv,True,False,False,1751925379.8232613,608243.3743476868
556819,1751924771.5800629,1751925115.2691798,batch_consumer-sts-0_20250707_215209_669792.csv,True,False,False,1751925379.8232613,608243.1983947754
556829,1751924771.580239,1751925115.2967124,batch_consumer-sts-0_20250707_215209_669792.csv,True,False,False,1751925379.8232613,608243.0222034454
556839,1751924771.580419,1751925115.3238597,batch_consumer-sts-0_20250707_215209_669792.csv,True,False,False,1751925379.8232613,608242.8421974182
556849,1751924771.580596,1751925115.351278,batch_consumer-sts-0_20250707_215209_669792.csv,True,False,False,1751925379.8232613,608242.6652908325
556859,1751924771.580774,1751925115.3790307,batch_consumer-sts-0_20250707_215209_669792.csv,True,False,False,1751925379.8232613,608242.4871921539
556869,1751924771.580955,1751925115.4073954,batch_consumer-sts-0_20250707_215209_669792.csv,True,False,False,1751925379.8232613,608242.3062324524
556879,1751924771.581129,1751925115.4361925,batch_consumer-sts-0_20250707_215209_669792.csv,True,False,False,1751925379.8232613,608242.1321868896
556889,1751924771.581311,1751925115.463275,batch_consumer-sts-0_20250707_215209_669792.csv,True,False,False,1751925379.8232613,608241.9502735138
556899,1751924771.5814874,1751925115.4908855,batch_consumer-sts-0_20250707_215209_669792.csv,True,False,False,1751925379.8232613,608241.7738437653
556909,1751924771.5816677,1751925115.5181365,batch_consumer-sts-0_20250707_215209_669792.csv,True,False,False,1751925379.8232613,608241.5935993195
556919,1751924771.5818455,1751925115.5459633,batch_consumer-sts-0_20250707_215209_669792.csv,True,False,False,1751925379.8232613,608241.4157390594
556929,1751924771.5820248,1751925115.5737836,batch_consumer-sts-0_20250707_215209_669792.csv,True,False,False,1751925379.8232613,608241.236448288
556939,1751924771.5822191,1751925115.6011407,batch_consumer-sts-0_20250707_215209_669792.csv,True,False,False,1751925379.8232613,608241.042137146
556949,1751924771.5824556,1751925115.628549,batch_consumer-sts-0_20250707_215209_669792.csv,True,False,False,1751925379.8232613,608240.8056259155
556959,1751924771.5827332,1751925115.6568887,batch_consumer-sts-0_20250707_215209_669792.csv,True,False,False,1751925379.8232613,608240.5281066895
556969,1751924771.583314,1751925115.6848302,batch_consumer-sts-0_20250707_215209_669792.csv,True,False,False,1751925379.8232613,608239.9473190308
556979,1751924771.5835898,1751925115.711871,batch_consumer-sts-0_20250707_215209_669792.csv,True,False,False,1751925379.8232613,608239.6714687347
556989,1751924771.5845582,1751925115.7397182,batch_consumer-sts-0_20250707_215209_669792.csv,True,False,False,1751925379.8232613,608238.7030124664
556999,1751924771.5847433,1751925115.7678535,batch_consumer-sts-0_20250707_215209_669792.csv,True,False,False,1751925379.8232613,608238.517999649
557009,1751924771.5849252,1751925115.7958748,batch_consumer-sts-0_20250707_215209_669792.csv,True,False,False,1751925379.8232613,608238.3360862732
557019,1751924771.585107,1751925115.8229146,batch_consumer-sts-0_20250707_215209_669792.csv,True,False,False,1751925379.8232613,608238.1541728973
557029,1751924771.5852933,1751925115.8509736,batch_consumer-sts-0_20250707_215209_669792.csv,True,False,False,1751925379.8232613,608237.9679679871
557039,1751924771.5854783,1751925115.8785388,batch_consumer-sts-0_20250707_215209_669792.csv,True,False,False,1751925379.8232613,608237.7829551697
557049,1751924771.5856583,1751925115.9055986,batch_consumer-sts-0_20250707_215209_669792.csv,True,False,False,1751925379.8232613,608237.6029491425
557059,1751924771.5858307,1751925115.9332232,batch_consumer-sts-0_20250707_215209_669792.csv,True,False,False,1751925379.8232613,608237.4305725098
557069,1751924771.586004,1751925115.9604807,batch_consumer-sts-0_20250707_215209_669792.csv,True,False,False,1751925379.8232613,608237.2572422028
557079,1751924771.5862076,1751925115.9924636,batch_consumer-sts-0_20250707_215209_669792.csv,True,False,False,1751925379.8232613,608237.0536327362
557089,1751924771.5863855,1751925116.0192504,batch_consumer-sts-0_20250707_215209_669792.csv,True,False,False,1751925379.8232613,608236.8757724762
557099,1751924771.5865667,1751925116.0465324,batch_consumer-sts-0_20250707_215209_669792.csv,True,False,False,1751925379.8232613,608236.6945743561
557109,1751924771.5867524,1751925116.0740116,batch_consumer-sts-0_20250707_215209_669792.csv,True,False,False,1751925379.8232613,608236.508846283
557119,1751924771.586933,1751925116.101172,batch_consumer-sts-0_20250707_215209_669792.csv,True,False,False,1751925379.8232613,608236.3283634186
557129,1751924771.587118,1751925116.128101,batch_consumer-sts-0_20250707_215209_669792.csv,True,False,False,1751925379.8232613,608236.1433506012
557139,1751924771.587303,1751925116.1559663,batch_consumer-sts-0_20250707_215209_669792.csv,True,False,False,1751925379.8232613,608235.9583377838
557149,1751924771.5874965,1751925116.183179,batch_consumer-sts-0_20250707_215209_669792.csv,True,False,False,1751925379.8232613,608235.7647418976
557159,1751924771.5876777,1751925116.210117,batch_consumer-sts-0_20250707_215209_669792.csv,True,False,False,1751925379.8232613,608235.5835437775
557169,1751924771.5878663,1751925116.2375283,batch_consumer-sts-0_20250707_215209_669792.csv,True,False,False,1751925379.8232613,608235.3949546814
557179,1751924771.5880597,1751925116.2649057,batch_consumer-sts-0_20250707_215209_669792.csv,True,False,False,1751925379.8232613,608235.2015972137
557189,1751924771.5882385,1751925116.292244,batch_consumer-sts-0_20250707_215209_669792.csv,True,False,False,1751925379.8232613,608235.0227832794
557199,1751924771.5884356,1751925116.3189127,batch_consumer-sts-0_20250707_215209_669792.csv,True,False,False,1751925379.8232613,608234.8256111145
557209,1751924771.5886152,1751925116.3463972,batch_consumer-sts-0_20250707_215209_669792.csv,True,False,False,1751925379.8232613,608234.6460819244
557219,1751924771.5888035,1751925116.373901,batch_consumer-sts-0_20250707_215209_669792.csv,True,False,False,1751925379.8232613,608234.457731247
557229,1751924771.5889857,1751925116.401042,batch_consumer-sts-0_20250707_215209_669792.csv,True,False,False,1751925379.8232613,608234.2755794525
557239,1751924771.5891693,1751925116.4293892,batch_consumer-sts-0_20250707_215209_669792.csv,True,False,False,1751925379.8232613,608234.0919971466
557249,1751924771.589352,1751925116.4564886,batch_consumer-sts-0_20250707_215209_669792.csv,True,False,False,1751925379.8232613,608233.909368515
557259,1751924771.5895364,1751925116.4835243,batch_consumer-sts-0_20250707_215209_669792.csv,True,False,False,1751925379.8232613,608233.7248325348
557269,1751924771.5897255,1751925116.5102496,batch_consumer-sts-0_20250707_215209_669792.csv,True,False,False,1751925379.8232613,608233.5357666016
557279,1751924771.5899043,1751925116.538029,batch_consumer-sts-0_20250707_215209_669792.csv,True,False,False,1751925379.8232613,608233.3569526672
557289,1751924771.5900862,1751925116.565995,batch_consumer-sts-0_20250707_215209_669792.csv,True,False,False,1751925379.8232613,608233.1750392914
557299,1751924771.590274,1751925116.593527,batch_consumer-sts-0_20250707_215209_669792.csv,True,False,False,1751925379.8232613,608232.987165451
557309,1751924771.5904582,1751925116.6201026,batch_consumer-sts-0_20250707_215209_669792.csv,True,False,False,1751925379.8232613,608232.803106308
557319,1751924771.5906432,1751925116.7686934,batch_consumer-sts-0_20250707_215209_669792.csv,True,False,False,1751925379.8232613,608232.6180934906
557329,1751924771.5908248,1751925116.797096,batch_consumer-sts-0_20250707_215209_669792.csv,True,False,False,1751925379.8232613,608232.4364185333
557339,1751924771.5910022,1751925116.8243487,batch_consumer-sts-0_20250707_215209_669792.csv,True,False,False,1751925379.8232613,608232.2590351105
557349,1751924771.591189,1751925116.8583708,batch_consumer-sts-0_20250707_215209_669792.csv,True,False,False,1751925379.8232613,608232.072353363
557359,1751924771.591382,1751925116.8865554,batch_consumer-sts-0_20250707_215209_669792.csv,True,False,False,1751925379.8232613,608231.879234314
557369,1751924771.5915575,1751925116.9133854,batch_consumer-sts-0_20250707_215209_669792.csv,True,False,False,1751925379.8232613,608231.7037582397
557379,1751924771.5917363,1751925116.9408238,batch_consumer-sts-0_20250707_215209_669792.csv,True,False,False,1751925379.8232613,608231.5249443054
557389,1751924771.5919132,1751925116.968365,batch_consumer-sts-0_20250707_215209_669792.csv,True,False,False,1751925379.8232613,608231.3480377197
557399,1751924771.5920873,1751925116.997288,batch_consumer-sts-0_20250707_215209_669792.csv,True,False,False,1751925379.8232613,608231.173992157
557409,1751924771.5922663,1751925117.0231752,batch_consumer-sts-0_20250707_215209_669792.csv,True,False,False,1751925379.8232613,608230.9949398041
557419,1751924771.592438,1751925117.0501473,batch_consumer-sts-0_20250707_215209_669792.csv,True,False,False,1751925379.8232613,608230.8232784271
557429,1751924771.5926116,1751925117.077701,batch_consumer-sts-0_20250707_215209_669792.csv,True,False,False,1751925379.8232613,608230.6497097015
557439,1751924771.5927908,1751925117.1045878,batch_consumer-sts-0_20250707_215209_669792.csv,True,False,False,1751925379.8232613,608230.47041893
557449,1751924771.592983,1751925117.1309426,batch_consumer-sts-0_20250707_215209_669792.csv,True,False,False,1751925379.8232613,608230.2782535553
557459,1751924771.593164,1751925117.1579554,batch_consumer-sts-0_20250707_215209_669792.csv,True,False,False,1751925379.8232613,608230.0972938538
557469,1751924771.5933392,1751925117.1862326,batch_consumer-sts-0_20250707_215209_669792.csv,True,False,False,1751925379.8232613,608229.9220561981
557479,1751924771.5935223,1751925117.2127552,batch_consumer-sts-0_20250707_215209_669792.csv,True,False,False,1751925379.8232613,608229.7389507294
557489,1751924771.5937054,1751925117.2394738,batch_consumer-sts-0_20250707_215209_669792.csv,True,False,False,1751925379.8232613,608229.5558452606
557499,1751924771.5938897,1751925117.2668524,batch_consumer-sts-0_20250707_215209_669792.csv,True,False,False,1751925379.8232613,608229.371547699
557509,1751924771.5942173,1751925117.293883,batch_consumer-sts-0_20250707_215209_669792.csv,True,False,False,1751925379.8232613,608229.0439605713
557519,1751924771.5943997,1751925117.320369,batch_consumer-sts-0_20250707_215209_669792.csv,True,False,False,1751925379.8232613,608228.8615703583
557529,1751924771.594581,1751925117.3476667,batch_consumer-sts-0_20250707_215209_669792.csv,True,False,False,1751925379.8232613,608228.6803722382
557539,1751924771.5947587,1751925117.3751276,batch_consumer-sts-0_20250707_215209_669792.csv,True,False,False,1751925379.8232613,608228.5025119781
557549,1751924771.5949335,1751925117.4023309,batch_consumer-sts-0_20250707_215209_669792.csv,True,False,False,1751925379.8232613,608228.3277511597
557559,1751924771.595247,1751925117.4292212,batch_consumer-sts-0_20250707_215209_669792.csv,True,False,False,1751925379.8232613,608228.0142307281
557569,1751924771.5955927,1751925117.45638,batch_consumer-sts-0_20250707_215209_669792.csv,True,False,False,1751925379.8232613,608227.6685237885
557579,1751924771.595787,1751925117.4825246,batch_consumer-sts-0_20250707_215209_669792.csv,True,False,False,1751925379.8232613,608227.4742126465
557589,1751924771.5959618,1751925117.5095725,batch_consumer-sts-0_20250707_215209_669792.csv,True,False,False,1751925379.8232613,608227.299451828
557599,1751924771.5961368,1751925117.5367377,batch_consumer-sts-0_20250707_215209_669792.csv,True,False,False,1751925379.8232613,608227.124452591
557609,1751924771.5963154,1751925117.564094,batch_consumer-sts-0_20250707_215209_669792.csv,True,False,False,1751925379.8232613,608226.9458770752
557619,1751924771.59661,1751925117.5915594,batch_consumer-sts-0_20250707_215209_669792.csv,True,False,False,1751925379.8232613,608226.6511917114
557629,1751924771.5967844,1751925117.6181045,batch_consumer-sts-0_20250707_215209_669792.csv,True,False,False,1751925379.8232613,608226.4769077301
557639,1751924771.5969603,1751925117.6449857,batch_consumer-sts-0_20250707_215209_669792.csv,True,False,False,1751925379.8232613,608226.3009548187
557649,1751924771.5971372,1751925117.6726794,batch_consumer-sts-0_20250707_215209_669792.csv,True,False,False,1751925379.8232613,608226.124048233
557659,1751924771.5973084,1751925117.7003448,batch_consumer-sts-0_20250707_215209_669792.csv,True,False,False,1751925379.8232613,608225.9528636932
557669,1751924771.5974846,1751925117.7269368,batch_consumer-sts-0_20250707_215209_669792.csv,True,False,False,1751925379.8232613,608225.7766723633
557679,1751924771.5976694,1751925117.754168,batch_consumer-sts-0_20250707_215209_669792.csv,True,False,False,1751925379.8232613,608225.5918979645
557689,1751924771.5978603,1751925117.7816794,batch_consumer-sts-0_20250707_215209_669792.csv,True,False,False,1751925379.8232613,608225.4009246826
557699,1751924771.5980375,1751925117.8090055,batch_consumer-sts-0_20250707_215209_669792.csv,True,False,False,1751925379.8232613,608225.2237796783
557709,1751924771.5982304,1751925117.8364067,batch_consumer-sts-0_20250707_215209_669792.csv,True,False,False,1751925379.8232613,608225.0308990479
557719,1751924771.5984082,1751925117.864293,batch_consumer-sts-0_20250707_215209_669792.csv,True,False,False,1751925379.8232613,608224.8530387878
557729,1751924771.598589,1751925117.8923564,batch_consumer-sts-0_20250707_215209_669792.csv,True,False,False,1751925379.8232613,608224.6723175049
557739,1751924771.5987597,1751925117.9189816,batch_consumer-sts-0_20250707_215209_669792.csv,True,False,False,1751925379.8232613,608224.5016098022
557749,1751924771.5989356,1751925117.9460032,batch_consumer-sts-0_20250707_215209_669792.csv,True,False,False,1751925379.8232613,608224.3256568909
557759,1751924771.5991127,1751925117.9734082,batch_consumer-sts-0_20250707_215209_669792.csv,True,False,False,1751925379.8232613,608224.1485118866
557769,1751924771.5992951,1751925117.9993696,batch_consumer-sts-0_20250707_215209_669792.csv,True,False,False,1751925379.8232613,608223.9661216736
557779,1751924771.5994723,1751925118.025272,batch_consumer-sts-0_20250707_215209_669792.csv,True,False,False,1751925379.8232613,608223.7889766693
557789,1751924771.5996473,1751925118.0525143,batch_consumer-sts-0_20250707_215209_669792.csv,True,False,False,1751925379.8232613,608223.6139774323
557799,1751924771.5998256,1751925118.0800989,batch_consumer-sts-0_20250707_215209_669792.csv,True,False,False,1751925379.8232613,608223.4356403351
557809,1751924771.600005,1751925118.106272,batch_consumer-sts-0_20250707_215209_669792.csv,True,False,False,1751925379.8232613,608223.2563495636
557819,1751924771.600186,1751925118.13343,batch_consumer-sts-0_20250707_215209_669792.csv,True,False,False,1751925379.8232613,608223.0751514435
557829,1751924771.6003647,1751925118.160771,batch_consumer-sts-0_20250707_215209_669792.csv,True,False,False,1751925379.8232613,608222.8965759277
557839,1751924771.6005518,1751925118.1878316,batch_consumer-sts-0_20250707_215209_669792.csv,True,False,False,1751925379.8232613,608222.7094173431
557849,1751924771.6007388,1751925118.2144654,batch_consumer-sts-0_20250707_215209_669792.csv,True,False,False,1751925379.8232613,608222.5224971771
557859,1751924771.600922,1751925118.2448108,batch_consumer-sts-0_20250707_215209_669792.csv,True,False,False,1751925379.8232613,608222.3391532898
557869,1751924771.6011052,1751925118.2722197,batch_consumer-sts-0_20250707_215209_669792.csv,True,False,False,1751925379.8232613,608222.156047821
557879,1751924771.6012914,1751925118.2995095,batch_consumer-sts-0_20250707_215209_669792.csv,True,False,False,1751925379.8232613,608221.9698429108
557889,1751924771.6014664,1751925118.3347635,batch_consumer-sts-0_20250707_215209_669792.csv,True,False,False,1751925379.8232613,608221.7948436737
557899,1751924771.6016464,1751925118.3621771,batch_consumer-sts-0_20250707_215209_669792.csv,True,False,False,1751925379.8232613,608221.6148376465
557909,1751924771.6018307,1751925118.3895888,batch_consumer-sts-0_20250707_215209_669792.csv,True,False,False,1751925379.8232613,608221.4305400848
557919,1751924771.6020172,1751925118.416435,batch_consumer-sts-0_20250707_215209_669792.csv,True,False,False,1751925379.8232613,608221.244096756
557929,1751924771.602215,1751925118.4441886,batch_consumer-sts-0_20250707_215209_669792.csv,True,False,False,1751925379.8232613,608221.0462093353
557939,1751924771.6023936,1751925119.4732306,batch_consumer-sts-0_20250707_215209_669792.csv,True,False,False,1751925379.8232613,608220.8676338196
557949,1751924771.6025722,1751925119.5010648,batch_consumer-sts-0_20250707_215209_669792.csv,True,False,False,1751925379.8232613,608220.6890583038
557959,1751924771.6027532,1751925119.5297234,batch_consumer-sts-0_20250707_215209_669792.csv,True,False,False,1751925379.8232613,608220.5080986023
557969,1751924771.602937,1751925119.557908,batch_consumer-sts-0_20250707_215209_669792.csv,True,False,False,1751925379.8232613,608220.3242778778
557979,1751924771.603119,1751925119.586279,batch_consumer-sts-0_20250707_215209_669792.csv,True,False,False,1751925379.8232613,608220.142364502
557989,1751924771.6033022,1751925119.6132362,batch_consumer-sts-0_20250707_215209_669792.csv,True,False,False,1751925379.8232613,608219.9590206146
557999,1751924771.6034782,1751925119.6410692,batch_consumer-sts-0_20250707_215209_669792.csv,True,False,False,1751925379.8232613,608219.7830677032
558009,1751924771.6036563,1751925119.667699,batch_consumer-sts-0_20250707_215209_669792.csv,True,False,False,1751925379.8232613,608219.6049690247
558019,1751924771.6038384,1751925119.6957157,batch_consumer-sts-0_20250707_215209_669792.csv,True,False,False,1751925379.8232613,608219.4228172302
558029,1751924771.6040192,1751925119.7233183,batch_consumer-sts-0_20250707_215209_669792.csv,True,False,False,1751925379.8232613,608219.2420959473
558039,1751924771.604198,1751925119.750682,batch_consumer-sts-0_20250707_215209_669792.csv,True,False,False,1751925379.8232613,608219.0632820129
558049,1751924771.6043763,1751925119.7784178,batch_consumer-sts-0_20250707_215209_669792.csv,True,False,False,1751925379.8232613,608218.8849449158
558059,1751924771.6045573,1751925119.805761,batch_consumer-sts-0_20250707_215209_669792.csv,True,False,False,1751925379.8232613,608218.7039852142
558069,1751924771.6047387,1751925119.8330264,batch_consumer-sts-0_20250707_215209_669792.csv,True,False,False,1751925379.8232613,608218.5225486755
558079,1751924771.605089,1751925120.2285578,batch_consumer-sts-0_20250707_215209_669792.csv,True,False,False,1751925379.8232613,608218.1723117828
558089,1751924771.6052744,1751925120.2561572,batch_consumer-sts-0_20250707_215209_669792.csv,True,False,False,1751925379.8232613,608217.9868221283
558099,1751924771.605466,1751925120.2832942,batch_consumer-sts-0_20250707_215209_669792.csv,True,False,False,1751925379.8232613,608217.7953720093
558109,1751924771.6056428,1751925120.3109455,batch_consumer-sts-0_20250707_215209_669792.csv,True,False,False,1751925379.8232613,608217.6184654236
558119,1751924771.6058197,1751925120.3384888,batch_consumer-sts-0_20250707_215209_669792.csv,True,False,False,1751925379.8232613,608217.4415588379
558129,1751924771.6059935,1751925120.365907,batch_consumer-sts-0_20250707_215209_669792.csv,True,False,False,1751925379.8232613,608217.2677516937
558139,1751924771.6061995,1751925120.3931646,batch_consumer-sts-0_20250707_215209_669792.csv,True,False,False,1751925379.8232613,608217.0617580414
558149,1751924771.606384,1751925120.4197752,batch_consumer-sts-0_20250707_215209_669792.csv,True,False,False,1751925379.8232613,608216.8772220612
558159,1751924771.6065664,1751925120.4475396,batch_consumer-sts-0_20250707_215209_669792.csv,True,False,False,1751925379.8232613,608216.6948318481
558169,1751924771.6067474,1751925120.475292,batch_consumer-sts-0_20250707_215209_669792.csv,True,False,False,1751925379.8232613,608216.5138721466
558179,1751924771.6069336,1751925120.503284,batch_consumer-sts-0_20250707_215209_669792.csv,True,False,False,1751925379.8232613,608216.3276672363
558189,1751924771.6071122,1751925120.5306237,batch_consumer-sts-0_20250707_215209_669792.csv,True,False,False,1751925379.8232613,608216.1490917206
558199,1751924771.6072938,1751925120.5582223,batch_consumer-sts-0_20250707_215209_669792.csv,True,False,False,1751925379.8232613,608215.9674167633
558209,1751924771.607484,1751925120.5846326,batch_consumer-sts-0_20250707_215209_669792.csv,True,False,False,1751925379.8232613,608215.7771587372
558219,1751924771.607663,1751925120.6114335,batch_consumer-sts-0_20250707_215209_669792.csv,True,False,False,1751925379.8232613,608215.5983448029
558229,1751924771.607836,1751925120.6388314,batch_consumer-sts-0_20250707_215209_669792.csv,True,False,False,1751925379.8232613,608215.4252529144
558239,1751924771.60801,1751925120.6662898,batch_consumer-sts-0_20250707_215209_669792.csv,True,False,False,1751925379.8232613,608215.2512073517
558249,1751924771.608184,1751925120.693936,batch_consumer-sts-0_20250707_215209_669792.csv,True,False,False,1751925379.8232613,608215.0771617889
558259,1751924771.60838,1751925120.7206545,batch_consumer-sts-0_20250707_215209_669792.csv,True,False,False,1751925379.8232613,608214.8811817169
567889,1751924771.8095744,1751925120.748272,batch_consumer-sts-0_20250707_215209_669792.csv,True,False,False,1751925379.8232613,608013.6868953705
567899,1751924771.8097744,1751925120.775598,batch_consumer-sts-0_20250707_215209_669792.csv,True,False,False,1751925379.8232613,608013.4868621826
567909,1751924771.809958,1751925120.803108,batch_consumer-sts-0_20250707_215209_669792.csv,True,False,False,1751925379.8232613,608013.3032798767
567919,1751924771.8102057,1751925120.830512,batch_consumer-sts-0_20250707_215209_669792.csv,True,False,False,1751925379.8232613,608013.055562973
567929,1751924771.810386,1751925120.858031,batch_consumer-sts-0_20250707_215209_669792.csv,True,False,False,1751925379.8232613,608012.8753185272
567939,1751924771.810569,1751925120.8860617,batch_consumer-sts-0_20250707_215209_669792.csv,True,False,False,1751925379.8232613,608012.6922130585
567949,1751924771.8107498,1751925120.9130974,batch_consumer-sts-0_20250707_215209_669792.csv,True,False,False,1751925379.8232613,608012.5114917755
567959,1751924771.8109324,1751925120.9406574,batch_consumer-sts-0_20250707_215209_669792.csv,True,False,False,1751925379.8232613,608012.3288631439
567969,1751924771.8111143,1751925120.968462,batch_consumer-sts-0_20250707_215209_669792.csv,True,False,False,1751925379.8232613,608012.1469497681
567979,1751924771.811298,1751925120.996403,batch_consumer-sts-0_20250707_215209_669792.csv,True,False,False,1751925379.8232613,608011.9633674622
567989,1751924771.811479,1751925121.0233076,batch_consumer-sts-0_20250707_215209_669792.csv,True,False,False,1751925379.8232613,608011.782169342
567999,1751924771.8116565,1751925121.0508544,batch_consumer-sts-0_20250707_215209_669792.csv,True,False,False,1751925379.8232613,608011.6047859192
568009,1751924771.8123012,1751925121.07808,batch_consumer-sts-0_20250707_215209_669792.csv,True,False,False,1751925379.8232613,608010.9601020813
568019,1751924771.81275,1751925121.1053936,batch_consumer-sts-0_20250707_215209_669792.csv,True,False,False,1751925379.8232613,608010.5111598969
568029,1751924771.8129668,1751925121.131771,batch_consumer-sts-0_20250707_215209_669792.csv,True,False,False,1751925379.8232613,608010.2944374084
568039,1751924771.8131783,1751925121.1587138,batch_consumer-sts-0_20250707_215209_669792.csv,True,False,False,1751925379.8232613,608010.0829601288
568049,1751924771.813395,1751925121.1863892,batch_consumer-sts-0_20250707_215209_669792.csv,True,False,False,1751925379.8232613,608009.8662376404
568059,1751924771.8137107,1751925121.2131174,batch_consumer-sts-0_20250707_215209_669792.csv,True,False,False,1751925379.8232613,608009.5505714417
568069,1751924771.8139958,1751925121.240939,batch_consumer-sts-0_20250707_215209_669792.csv,True,False,False,1751925379.8232613,608009.265422821
568079,1751924771.8149867,1751925121.267973,batch_consumer-sts-0_20250707_215209_669792.csv,True,False,False,1751925379.8232613,608008.2745552063
568089,1751924771.8151777,1751925121.2953477,batch_consumer-sts-0_20250707_215209_669792.csv,True,False,False,1751925379.8232613,608008.0835819244
568099,1751924771.8153682,1751925121.3208413,batch_consumer-sts-0_20250707_215209_669792.csv,True,False,False,1751925379.8232613,608007.8930854797
568109,1751924771.8155627,1751925121.3481238,batch_consumer-sts-0_20250707_215209_669792.csv,True,False,False,1751925379.8232613,608007.6985359192
568119,1751924771.8157413,1751925121.3753648,batch_consumer-sts-0_20250707_215209_669792.csv,True,False,False,1751925379.8232613,608007.5199604034
568129,1751924771.8159206,1751925121.4027772,batch_consumer-sts-0_20250707_215209_669792.csv,True,False,False,1751925379.8232613,608007.340669632
568139,1751924771.8161063,1751925121.42988,batch_consumer-sts-0_20250707_215209_669792.csv,True,False,False,1751925379.8232613,608007.1549415588
568149,1751924771.8162844,1751925121.4574623,batch_consumer-sts-0_20250707_215209_669792.csv,True,False,False,1751925379.8232613,608006.9768428802
568159,1751924771.8164594,1751925121.485403,batch_consumer-sts-0_20250707_215209_669792.csv,True,False,False,1751925379.8232613,608006.8018436432
568169,1751924771.81664,1751925121.5123618,batch_consumer-sts-0_20250707_215209_669792.csv,True,False,False,1751925379.8232613,608006.6213607788
568179,1751924771.81682,1751925121.540662,batch_consumer-sts-0_20250707_215209_669792.csv,True,False,False,1751925379.8232613,608006.4413547516
568189,1751924771.8170109,1751925121.5681956,batch_consumer-sts-0_20250707_215209_669792.csv,True,False,False,1751925379.8232613,608006.2503814697
568199,1751924771.817196,1751925121.594477,batch_consumer-sts-0_20250707_215209_669792.csv,True,False,False,1751925379.8232613,608006.0653686523
568209,1751924771.817374,1751925121.6211956,batch_consumer-sts-0_20250707_215209_669792.csv,True,False,False,1751925379.8232613,608005.8872699738
568219,1751924771.8175492,1751925121.6475215,batch_consumer-sts-0_20250707_215209_669792.csv,True,False,False,1751925379.8232613,608005.7120323181
568229,1751924771.8177283,1751925121.6754138,batch_consumer-sts-0_20250707_215209_669792.csv,True,False,False,1751925379.8232613,608005.5329799652
568239,1751924771.8179052,1751925121.7025115,batch_consumer-sts-0_20250707_215209_669792.csv,True,False,False,1751925379.8232613,608005.3560733795
568249,1751924771.8181062,1751925121.729646,batch_consumer-sts-0_20250707_215209_669792.csv,True,False,False,1751925379.8232613,608005.1550865173
568259,1751924771.8183177,1751925122.0086586,batch_consumer-sts-0_20250707_215209_669792.csv,True,False,False,1751925379.8232613,608004.9436092377
568269,1751924771.8188922,1751925122.035879,batch_consumer-sts-0_20250707_215209_669792.csv,True,False,False,1751925379.8232613,608004.369020462
568279,1751924771.8191464,1751925122.0632026,batch_consumer-sts-0_20250707_215209_669792.csv,True,False,False,1751925379.8232613,608004.1148662567
568289,1751924771.819338,1751925122.090754,batch_consumer-sts-0_20250707_215209_669792.csv,True,False,False,1751925379.8232613,608003.9231777191
568299,1751924771.8195412,1751925122.1174135,batch_consumer-sts-0_20250707_215209_669792.csv,True,False,False,1751925379.8232613,608003.7200450897
568309,1751924771.819728,1751925122.1448977,batch_consumer-sts-0_20250707_215209_669792.csv,True,False,False,1751925379.8232613,608003.5333633423
568319,1751924771.819913,1751925122.180005,batch_consumer-sts-0_20250707_215209_669792.csv,True,False,False,1751925379.8232613,608003.3483505249
568329,1751924771.8200958,1751925122.2069583,batch_consumer-sts-0_20250707_215209_669792.csv,True,False,False,1751925379.8232613,608003.1654834747
568339,1751924771.8202777,1751925122.2337863,batch_consumer-sts-0_20250707_215209_669792.csv,True,False,False,1751925379.8232613,608002.9835700989
568349,1751924771.8204622,1751925122.2610664,batch_consumer-sts-0_20250707_215209_669792.csv,True,False,False,1751925379.8232613,608002.7990341187
568359,1751924771.820648,1751925122.288592,batch_consumer-sts-0_20250707_215209_669792.csv,True,False,False,1751925379.8232613,608002.6133060455
568369,1751924771.8208332,1751925122.3148496,batch_consumer-sts-0_20250707_215209_669792.csv,True,False,False,1751925379.8232613,608002.4280548096
568379,1751924771.8210137,1751925122.341627,batch_consumer-sts-0_20250707_215209_669792.csv,True,False,False,1751925379.8232613,608002.2475719452
568389,1751924771.821193,1751925122.36856,batch_consumer-sts-0_20250707_215209_669792.csv,True,False,False,1751925379.8232613,608002.0682811737
568399,1751924771.821383,1751925122.395633,batch_consumer-sts-0_20250707_215209_669792.csv,True,False,False,1751925379.8232613,608001.8782615662
568409,1751924771.8215609,1751925122.422091,batch_consumer-sts-0_20250707_215209_669792.csv,True,False,False,1751925379.8232613,608001.7004013062
568419,1751924771.8217385,1751925122.449877,batch_consumer-sts-0_20250707_215209_669792.csv,True,False,False,1751925379.8232613,608001.5227794647
568429,1751924771.8219154,1751925122.4769835,batch_consumer-sts-0_20250707_215209_669792.csv,True,False,False,1751925379.8232613,608001.345872879
568439,1751924771.8220944,1751925122.5042524,batch_consumer-sts-0_20250707_215209_669792.csv,True,False,False,1751925379.8232613,608001.1668205261
568449,1751924771.8223002,1751925122.531602,batch_consumer-sts-0_20250707_215209_669792.csv,True,False,False,1751925379.8232613,608000.9610652924
568459,1751924771.8224783,1751925122.5594263,batch_consumer-sts-0_20250707_215209_669792.csv,True,False,False,1751925379.8232613,608000.7829666138
568469,1751924771.8226793,1751925122.5871468,batch_consumer-sts-0_20250707_215209_669792.csv,True,False,False,1751925379.8232613,608000.5819797516
568479,1751924771.822868,1751925122.6141255,batch_consumer-sts-0_20250707_215209_669792.csv,True,False,False,1751925379.8232613,608000.3931522369
568489,1751924771.823071,1751925122.6420736,batch_consumer-sts-0_20250707_215209_669792.csv,True,False,False,1751925379.8232613,608000.1902580261
568499,1751924771.823267,1751925122.670219,batch_consumer-sts-0_20250707_215209_669792.csv,True,False,False,1751925379.8232613,607999.9942779541
568509,1751924771.8234708,1751925122.6973183,batch_consumer-sts-0_20250707_215209_669792.csv,True,False,False,1751925379.8232613,607999.790430069
568519,1751924771.8236816,1751925122.7252111,batch_consumer-sts-0_20250707_215209_669792.csv,True,False,False,1751925379.8232613,607999.579668045
568529,1751924771.823884,1751925122.7530694,batch_consumer-sts-0_20250707_215209_669792.csv,True,False,False,1751925379.8232613,607999.3772506714
568539,1751924771.8240666,1751925122.780903,batch_consumer-sts-0_20250707_215209_669792.csv,True,False,False,1751925379.8232613,607999.1946220398
568549,1751924771.8242483,1751925122.8085194,batch_consumer-sts-0_20250707_215209_669792.csv,True,False,False,1751925379.8232613,607999.0129470825
568559,1751924771.8244298,1751925122.8366697,batch_consumer-sts-0_20250707_215209_669792.csv,True,False,False,1751925379.8232613,607998.8315105438
568569,1751924771.8246157,1751925122.864698,batch_consumer-sts-0_20250707_215209_669792.csv,True,False,False,1751925379.8232613,607998.6455440521
568579,1751924771.8247964,1751925122.8921196,batch_consumer-sts-0_20250707_215209_669792.csv,True,False,False,1751925379.8232613,607998.4648227692
568589,1751924771.8249774,1751925122.9190538,batch_consumer-sts-0_20250707_215209_669792.csv,True,False,False,1751925379.8232613,607998.2838630676
568599,1751924771.8251896,1751925122.9471953,batch_consumer-sts-0_20250707_215209_669792.csv,True,False,False,1751925379.8232613,607998.0716705322
568609,1751924771.8256342,1751925122.974801,batch_consumer-sts-0_20250707_215209_669792.csv,True,False,False,1751925379.8232613,607997.6270198822
568619,1751924771.826749,1751925123.0020845,batch_consumer-sts-0_20250707_215209_669792.csv,True,False,False,1751925379.8232613,607996.5121746063
568629,1751924771.8270304,1751925123.0293107,batch_consumer-sts-0_20250707_215209_669792.csv,True,False,False,1751925379.8232613,607996.230840683
568639,1751924771.8275316,1751925123.056962,batch_consumer-sts-0_20250707_215209_669792.csv,True,False,False,1751925379.8232613,607995.7296848297
568649,1751924771.829187,1751925123.0848,batch_consumer-sts-0_20250707_215209_669792.csv,True,False,False,1751925379.8232613,607994.074344635
568659,1751924771.829596,1751925123.1117396,batch_consumer-sts-0_20250707_215209_669792.csv,True,False,False,1751925379.8232613,607993.6652183533
568669,1751924771.829785,1751925123.139397,batch_consumer-sts-0_20250707_215209_669792.csv,True,False,False,1751925379.8232613,607993.47615242
568679,1751924771.8299663,1751925123.1671813,batch_consumer-sts-0_20250707_215209_669792.csv,True,False,False,1751925379.8232613,607993.2949542999
568689,1751924771.8301632,1751925123.1947937,batch_consumer-sts-0_20250707_215209_669792.csv,True,False,False,1751925379.8232613,607993.0980205536
568699,1751924771.8303468,1751925123.2216494,batch_consumer-sts-0_20250707_215209_669792.csv,True,False,False,1751925379.8232613,607992.9144382477
568709,1751924771.830532,1751925123.248702,batch_consumer-sts-0_20250707_215209_669792.csv,True,False,False,1751925379.8232613,607992.7291870117
568719,1751924771.8307147,1751925123.276205,batch_consumer-sts-0_20250707_215209_669792.csv,True,False,False,1751925379.8232613,607992.5465583801
568729,1751924771.8308942,1751925123.303907,batch_consumer-sts-0_20250707_215209_669792.csv,True,False,False,1751925379.8232613,607992.3670291901
568739,1751924771.8310735,1751925123.3311832,batch_consumer-sts-0_20250707_215209_669792.csv,True,False,False,1751925379.8232613,607992.1877384186
568749,1751924771.831251,1751925123.3574882,batch_consumer-sts-0_20250707_215209_669792.csv,True,False,False,1751925379.8232613,607992.0103549957
568759,1751924771.831439,1751925123.385353,batch_consumer-sts-0_20250707_215209_669792.csv,True,False,False,1751925379.8232613,607991.8222427368
568769,1751924771.831611,1751925123.4125686,batch_consumer-sts-0_20250707_215209_669792.csv,True,False,False,1751925379.8232613,607991.6503429413
568779,1751924771.831786,1751925123.4404376,batch_consumer-sts-0_20250707_215209_669792.csv,True,False,False,1751925379.8232613,607991.4753437042
568789,1751924771.831962,1751925123.467906,batch_consumer-sts-0_20250707_215209_669792.csv,True,False,False,1751925379.8232613,607991.2991523743
568799,1751924771.8321407,1751925123.495289,batch_consumer-sts-0_20250707_215209_669792.csv,True,False,False,1751925379.8232613,607991.1205768585
568809,1751924771.8323164,1751925123.5221517,batch_consumer-sts-0_20250707_215209_669792.csv,True,False,False,1751925379.8232613,607990.9448623657
568819,1751924771.832496,1751925123.5497763,batch_consumer-sts-0_20250707_215209_669792.csv,True,False,False,1751925379.8232613,607990.7653331757
568829,1751924771.8326926,1751925123.5778103,batch_consumer-sts-0_20250707_215209_669792.csv,True,False,False,1751925379.8232613,607990.5686378479
568839,1751924771.832874,1751925123.6051762,batch_consumer-sts-0_20250707_215209_669792.csv,True,False,False,1751925379.8232613,607990.3872013092
568849,1751924771.8330567,1751925123.6323872,batch_consumer-sts-0_20250707_215209_669792.csv,True,False,False,1751925379.8232613,607990.2045726776
568859,1751924771.8332436,1751925123.659835,batch_consumer-sts-0_20250707_215209_669792.csv,True,False,False,1751925379.8232613,607990.0176525116
568869,1751924771.8334234,1751925123.6882415,batch_consumer-sts-0_20250707_215209_669792.csv,True,False,False,1751925379.8232613,607989.837884903
568879,1751924771.8336077,1751925123.7154508,batch_consumer-sts-0_20250707_215209_669792.csv,True,False,False,1751925379.8232613,607989.6535873413
568889,1751924771.833798,1751925123.7430518,batch_consumer-sts-0_20250707_215209_669792.csv,True,False,False,1751925379.8232613,607989.4633293152
568899,1751924771.8339798,1751925123.7704272,batch_consumer-sts-0_20250707_215209_669792.csv,True,False,False,1751925379.8232613,607989.2814159393
568909,1751924771.8341696,1751925124.0680182,batch_consumer-sts-0_20250707_215209_669792.csv,True,False,False,1751925379.8232613,607989.0916347504
568919,1751924771.834356,1751925124.0960138,batch_consumer-sts-0_20250707_215209_669792.csv,True,False,False,1751925379.8232613,607988.9051914215
568929,1751924771.8345406,1751925124.122973,batch_consumer-sts-0_20250707_215209_669792.csv,True,False,False,1751925379.8232613,607988.7206554413
568939,1751924771.8347232,1751925124.150124,batch_consumer-sts-0_20250707_215209_669792.csv,True,False,False,1751925379.8232613,607988.5380268097
568949,1751924771.834922,1751925124.1775994,batch_consumer-sts-0_20250707_215209_669792.csv,True,False,False,1751925379.8232613,607988.3391857147
568959,1751924771.8351002,1751925125.2062223,batch_consumer-sts-0_20250707_215209_669792.csv,True,False,False,1751925379.8232613,607988.1610870361
568969,1751924771.835281,1751925125.2335663,batch_consumer-sts-0_20250707_215209_669792.csv,True,False,False,1751925379.8232613,607987.9803657532
568979,1751924771.8354652,1751925125.261774,batch_consumer-sts-0_20250707_215209_669792.csv,True,False,False,1751925379.8232613,607987.7960681915
568989,1751924771.835641,1751925125.2894382,batch_consumer-sts-0_20250707_215209_669792.csv,True,False,False,1751925379.8232613,607987.6203536987
568999,1751924771.8358402,1751925125.3170114,batch_consumer-sts-0_20250707_215209_669792.csv,True,False,False,1751925379.8232613,607987.4210357666
569009,1751924771.8365111,1751925125.344463,batch_consumer-sts-0_20250707_215209_669792.csv,True,False,False,1751925379.8232613,607986.750125885
569019,1751924771.8367295,1751925125.3721988,batch_consumer-sts-0_20250707_215209_669792.csv,True,False,False,1751925379.8232613,607986.5317344666
569029,1751924771.8369396,1751925125.4000754,batch_consumer-sts-0_20250707_215209_669792.csv,True,False,False,1751925379.8232613,607986.3216876984
569039,1751924771.837149,1751925125.4272838,batch_consumer-sts-0_20250707_215209_669792.csv,True,False,False,1751925379.8232613,607986.1123561859
569049,1751924771.837361,1751925125.454564,batch_consumer-sts-0_20250707_215209_669792.csv,True,False,False,1751925379.8232613,607985.9001636505
569059,1751924771.837589,1751925125.4824474,batch_consumer-sts-0_20250707_215209_669792.csv,True,False,False,1751925379.8232613,607985.6722354889
569069,1751924771.8377626,1751925125.5095625,batch_consumer-sts-0_20250707_215209_669792.csv,True,False,False,1751925379.8232613,607985.4986667633
569079,1751924771.8379393,1751925125.5371468,batch_consumer-sts-0_20250707_215209_669792.csv,True,False,False,1751925379.8232613,607985.3219985962
569089,1751924771.8381205,1751925125.5650814,batch_consumer-sts-0_20250707_215209_669792.csv,True,False,False,1751925379.8232613,607985.1408004761
569099,1751924771.8383298,1751925125.5930543,batch_consumer-sts-0_20250707_215209_669792.csv,True,False,False,1751925379.8232613,607984.9314689636
569109,1751924771.838653,1751925125.6197972,batch_consumer-sts-0_20250707_215209_669792.csv,True,False,False,1751925379.8232613,607984.6081733704
569119,1751924771.8398132,1751925125.647277,batch_consumer-sts-0_20250707_215209_669792.csv,True,False,False,1751925379.8232613,607983.4480285645
569129,1751924771.8400009,1751925125.6747386,batch_consumer-sts-0_20250707_215209_669792.csv,True,False,False,1751925379.8232613,607983.2603931427
569139,1751924771.840179,1751925125.7024543,batch_consumer-sts-0_20250707_215209_669792.csv,True,False,False,1751925379.8232613,607983.0822944641
569149,1751924771.8403554,1751925125.730081,batch_consumer-sts-0_20250707_215209_669792.csv,True,False,False,1751925379.8232613,607982.9058647156
569159,1751924771.8405323,1751925125.757691,batch_consumer-sts-0_20250707_215209_669792.csv,True,False,False,1751925379.8232613,607982.7289581299
569169,1751924771.84071,1751925125.7856848,batch_consumer-sts-0_20250707_215209_669792.csv,True,False,False,1751925379.8232613,607982.5513362885
569179,1751924771.8408854,1751925125.8130827,batch_consumer-sts-0_20250707_215209_669792.csv,True,False,False,1751925379.8232613,607982.3758602142
569189,1751924771.8410685,1751925125.8409011,batch_consumer-sts-0_20250707_215209_669792.csv,True,False,False,1751925379.8232613,607982.1927547455
569199,1751924771.8412514,1751925125.868815,batch_consumer-sts-0_20250707_215209_669792.csv,True,False,False,1751925379.8232613,607982.0098876953
569209,1751924771.8414347,1751925125.8968415,batch_consumer-sts-0_20250707_215209_669792.csv,True,False,False,1751925379.8232613,607981.826543808
569219,1751924771.841616,1751925125.9251416,batch_consumer-sts-0_20250707_215209_669792.csv,True,False,False,1751925379.8232613,607981.6453456879
569229,1751924771.8417964,1751925125.9520104,batch_consumer-sts-0_20250707_215209_669792.csv,True,False,False,1751925379.8232613,607981.4648628235
569239,1751924771.8419757,1751925125.9795692,batch_consumer-sts-0_20250707_215209_669792.csv,True,False,False,1751925379.8232613,607981.285572052
569249,1751924771.8421638,1751925126.0070322,batch_consumer-sts-0_20250707_215209_669792.csv,True,False,False,1751925379.8232613,607981.0974597931
569259,1751924771.8423684,1751925126.0346026,batch_consumer-sts-0_20250707_215209_669792.csv,True,False,False,1751925379.8232613,607980.8928966522
569269,1751924771.8425603,1751925126.0620563,batch_consumer-sts-0_20250707_215209_669792.csv,True,False,False,1751925379.8232613,607980.700969696
569279,1751924771.8427577,1751925126.089954,batch_consumer-sts-0_20250707_215209_669792.csv,True,False,False,1751925379.8232613,607980.5035591125
569289,1751924771.8429854,1751925126.1167886,batch_consumer-sts-0_20250707_215209_669792.csv,True,False,False,1751925379.8232613,607980.2758693695
569299,1751924771.843211,1751925126.1500332,batch_consumer-sts-0_20250707_215209_669792.csv,True,False,False,1751925379.8232613,607980.0503253937
569309,1751924771.843475,1751925126.1778271,batch_consumer-sts-0_20250707_215209_669792.csv,True,False,False,1751925379.8232613,607979.786157608
569319,1751924771.843697,1751925126.205397,batch_consumer-sts-0_20250707_215209_669792.csv,True,False,False,1751925379.8232613,607979.5641899109
569329,1751924771.8439186,1751925126.232998,batch_consumer-sts-0_20250707_215209_669792.csv,True,False,False,1751925379.8232613,607979.3426990509
569339,1751924771.8441367,1751925126.2602603,batch_consumer-sts-0_20250707_215209_669792.csv,True,False,False,1751925379.8232613,607979.124546051
569349,1751924771.8443532,1751925126.2870812,batch_consumer-sts-0_20250707_215209_669792.csv,True,False,False,1751925379.8232613,607978.9080619812
569359,1751924771.8445704,1751925126.313723,batch_consumer-sts-0_20250707_215209_669792.csv,True,False,False,1751925379.8232613,607978.6908626556
569369,1751924771.844792,1751925126.3413413,batch_consumer-sts-0_20250707_215209_669792.csv,True,False,False,1751925379.8232613,607978.4693717957
569379,1751924771.845008,1751925126.3713942,batch_consumer-sts-0_20250707_215209_669792.csv,True,False,False,1751925379.8232613,607978.253364563
569389,1751924771.845199,1751925126.3989158,batch_consumer-sts-0_20250707_215209_669792.csv,True,False,False,1751925379.8232613,607978.0621528625
569399,1751924771.8453915,1751925126.4264872,batch_consumer-sts-0_20250707_215209_669792.csv,True,False,False,1751925379.8232613,607977.8697490692
569409,1751924771.8456433,1751925126.4539957,batch_consumer-sts-0_20250707_215209_669792.csv,True,False,False,1751925379.8232613,607977.6179790497
569419,1751924771.8458543,1751925126.4811983,batch_consumer-sts-0_20250707_215209_669792.csv,True,False,False,1751925379.8232613,607977.4069786072
569429,1751924771.8460636,1751925126.5078647,batch_consumer-sts-0_20250707_215209_669792.csv,True,False,False,1751925379.8232613,607977.1976470947
569439,1751924771.846283,1751925126.5350952,batch_consumer-sts-0_20250707_215209_669792.csv,True,False,False,1751925379.8232613,607976.978302002
569449,1751924771.8465085,1751925126.5614674,batch_consumer-sts-0_20250707_215209_669792.csv,True,False,False,1751925379.8232613,607976.7527580261
569459,1751924771.846719,1751925126.588982,batch_consumer-sts-0_20250707_215209_669792.csv,True,False,False,1751925379.8232613,607976.5422344208
569469,1751924771.8469484,1751925126.6158395,batch_consumer-sts-0_20250707_215209_669792.csv,True,False,False,1751925379.8232613,607976.3128757477
569479,1751924771.847158,1751925126.6430254,batch_consumer-sts-0_20250707_215209_669792.csv,True,False,False,1751925379.8232613,607976.1033058167
569489,1751924771.8473516,1751925126.6706128,batch_consumer-sts-0_20250707_215209_669792.csv,True,False,False,1751925379.8232613,607975.9097099304
569499,1751924771.847549,1751925126.698354,batch_consumer-sts-0_20250707_215209_669792.csv,True,False,False,1751925379.8232613,607975.7122993469
569509,1751924771.847728,1751925126.724699,batch_consumer-sts-0_20250707_215209_669792.csv,True,False,False,1751925379.8232613,607975.533246994
569519,1751924771.8479068,1751925126.7523663,batch_consumer-sts-0_20250707_215209_669792.csv,True,False,False,1751925379.8232613,607975.3544330597
569529,1751924771.8480916,1751925126.7796671,batch_consumer-sts-0_20250707_215209_669792.csv,True,False,False,1751925379.8232613,607975.1696586609
569539,1751924771.848281,1751925126.807355,batch_consumer-sts-0_20250707_215209_669792.csv,True,False,False,1751925379.8232613,607974.9803543091
569549,1751924771.8484578,1751925126.834905,batch_consumer-sts-0_20250707_215209_669792.csv,True,False,False,1751925379.8232613,607974.8034477234
569559,1751924771.8486526,1751925126.8624933,batch_consumer-sts-0_20250707_215209_669792.csv,True,False,False,1751925379.8232613,607974.6086597443
569569,1751924771.848833,1751925127.232129,batch_consumer-sts-0_20250707_215209_669792.csv,True,False,False,1751925379.8232613,607974.4281768799
569579,1751924771.8490129,1751925127.260507,batch_consumer-sts-0_20250707_215209_669792.csv,True,False,False,1751925379.8232613,607974.2484092712
569589,1751924771.8491983,1751925127.288283,batch_consumer-sts-0_20250707_215209_669792.csv,True,False,False,1751925379.8232613,607974.0629196167
569599,1751924771.8493798,1751925127.3155718,batch_consumer-sts-0_20250707_215209_669792.csv,True,False,False,1751925379.8232613,607973.881483078
569609,1751924771.8495617,1751925127.3432262,batch_consumer-sts-0_20250707_215209_669792.csv,True,False,False,1751925379.8232613,607973.6995697021
575129,1751924771.9700625,1751925127.369995,batch_consumer-sts-0_20250707_215209_669792.csv,True,False,False,1751925379.8232613,607853.1987667084
575139,1751924771.9702768,1751925127.3975835,batch_consumer-sts-0_20250707_215209_669792.csv,True,False,False,1751925379.8232613,607852.9844284058
575149,1751924771.9704638,1751925127.4256666,batch_consumer-sts-0_20250707_215209_669792.csv,True,False,False,1751925379.8232613,607852.7975082397
575159,1751924771.9706569,1751925127.453325,batch_consumer-sts-0_20250707_215209_669792.csv,True,False,False,1751925379.8232613,607852.6043891907
575169,1751924771.9708562,1751925127.4809763,batch_consumer-sts-0_20250707_215209_669792.csv,True,False,False,1751925379.8232613,607852.4050712585
575179,1751924771.971048,1751925127.509209,batch_consumer-sts-0_20250707_215209_669792.csv,True,False,False,1751925379.8232613,607852.2131443024
575189,1751924771.9712412,1751925127.536757,batch_consumer-sts-0_20250707_215209_669792.csv,True,False,False,1751925379.8232613,607852.0200252533
575199,1751924771.9714437,1751925127.564231,batch_consumer-sts-0_20250707_215209_669792.csv,True,False,False,1751925379.8232613,607851.8176078796
575209,1751924771.9716327,1751925127.5916457,batch_consumer-sts-0_20250707_215209_669792.csv,True,False,False,1751925379.8232613,607851.6285419464
575219,1751924771.971815,1751925127.6187117,batch_consumer-sts-0_20250707_215209_669792.csv,True,False,False,1751925379.8232613,607851.4461517334
575229,1751924771.9720287,1751925127.6460588,batch_consumer-sts-0_20250707_215209_669792.csv,True,False,False,1751925379.8232613,607851.2325286865
575239,1751924771.9723494,1751925127.673322,batch_consumer-sts-0_20250707_215209_669792.csv,True,False,False,1751925379.8232613,607850.9118556976
575249,1751924771.972556,1751925127.7008586,batch_consumer-sts-0_20250707_215209_669792.csv,True,False,False,1751925379.8232613,607850.7051467896
575259,1751924771.972742,1751925127.7280724,batch_consumer-sts-0_20250707_215209_669792.csv,True,False,False,1751925379.8232613,607850.5191802979
575269,1751924771.9729311,1751925127.7558296,batch_consumer-sts-0_20250707_215209_669792.csv,True,False,False,1751925379.8232613,607850.3301143646
575279,1751924771.973124,1751925127.783557,batch_consumer-sts-0_20250707_215209_669792.csv,True,False,False,1751925379.8232613,607850.1372337341
575289,1751924771.9733138,1751925127.8106709,batch_consumer-sts-0_20250707_215209_669792.csv,True,False,False,1751925379.8232613,607849.9474525452
575299,1751924771.9735055,1751925127.83812,batch_consumer-sts-0_20250707_215209_669792.csv,True,False,False,1751925379.8232613,607849.7557640076
575309,1751924771.973693,1751925127.865539,batch_consumer-sts-0_20250707_215209_669792.csv,True,False,False,1751925379.8232613,607849.5683670044
575319,1751924771.973884,1751925127.8945644,batch_consumer-sts-0_20250707_215209_669792.csv,True,False,False,1751925379.8232613,607849.377155304
575329,1751924771.9740715,1751925127.9214437,batch_consumer-sts-0_20250707_215209_669792.csv,True,False,False,1751925379.8232613,607849.1897583008
575339,1751924771.97427,1751925127.9491346,batch_consumer-sts-0_20250707_215209_669792.csv,True,False,False,1751925379.8232613,607848.9911556244
575349,1751924771.9744596,1751925127.97659,batch_consumer-sts-0_20250707_215209_669792.csv,True,False,False,1751925379.8232613,607848.801612854
575359,1751924771.9746573,1751925128.0040703,batch_consumer-sts-0_20250707_215209_669792.csv,True,False,False,1751925379.8232613,607848.6039638519
575369,1751924771.9748526,1751925128.0309975,batch_consumer-sts-0_20250707_215209_669792.csv,True,False,False,1751925379.8232613,607848.4086990356
575379,1751924771.9750464,1751925128.0583253,batch_consumer-sts-0_20250707_215209_669792.csv,True,False,False,1751925379.8232613,607848.2148647308
575389,1751924771.9752412,1751925128.084783,batch_consumer-sts-0_20250707_215209_669792.csv,True,False,False,1751925379.8232613,607848.0200767517
575399,1751924771.9754431,1751925128.1116176,batch_consumer-sts-0_20250707_215209_669792.csv,True,False,False,1751925379.8232613,607847.8181362152
575409,1751924771.9756207,1751925128.1392305,batch_consumer-sts-0_20250707_215209_669792.csv,True,False,False,1751925379.8232613,607847.6405143738
575419,1751924771.9758012,1751925128.1665716,batch_consumer-sts-0_20250707_215209_669792.csv,True,False,False,1751925379.8232613,607847.4600315094
575429,1751924771.97599,1751925128.1958854,batch_consumer-sts-0_20250707_215209_669792.csv,True,False,False,1751925379.8232613,607847.2712039948
575439,1751924771.9761722,1751925128.2226346,batch_consumer-sts-0_20250707_215209_669792.csv,True,False,False,1751925379.8232613,607847.0890522003
575449,1751924771.9763472,1751925128.250388,batch_consumer-sts-0_20250707_215209_669792.csv,True,False,False,1751925379.8232613,607846.9140529633
575459,1751924771.9765284,1751925128.2783334,batch_consumer-sts-0_20250707_215209_669792.csv,True,False,False,1751925379.8232613,607846.7328548431
575469,1751924771.9767306,1751925128.3064349,batch_consumer-sts-0_20250707_215209_669792.csv,True,False,False,1751925379.8232613,607846.5306758881
575479,1751924771.9769225,1751925128.345232,batch_consumer-sts-0_20250707_215209_669792.csv,True,False,False,1751925379.8232613,607846.3387489319
575489,1751924771.9771218,1751925128.3721364,batch_consumer-sts-0_20250707_215209_669792.csv,True,False,False,1751925379.8232613,607846.1394309998
575499,1751924771.9773102,1751925128.4001465,batch_consumer-sts-0_20250707_215209_669792.csv,True,False,False,1751925379.8232613,607845.9510803223
575509,1751924771.9775193,1751925128.4276874,batch_consumer-sts-0_20250707_215209_669792.csv,True,False,False,1751925379.8232613,607845.7419872284
575519,1751924771.977702,1751925128.4550862,batch_consumer-sts-0_20250707_215209_669792.csv,True,False,False,1751925379.8232613,607845.5593585968
575529,1751924771.9778788,1751925128.4825382,batch_consumer-sts-0_20250707_215209_669792.csv,True,False,False,1751925379.8232613,607845.3824520111
575539,1751924771.978071,1751925128.5101962,batch_consumer-sts-0_20250707_215209_669792.csv,True,False,False,1751925379.8232613,607845.1902866364
575549,1751924771.9784412,1751925128.53782,batch_consumer-sts-0_20250707_215209_669792.csv,True,False,False,1751925379.8232613,607844.820022583
575559,1751924771.9786303,1751925128.5657609,batch_consumer-sts-0_20250707_215209_669792.csv,True,False,False,1751925379.8232613,607844.6309566498
575569,1751924771.978819,1751925128.592881,batch_consumer-sts-0_20250707_215209_669792.csv,True,False,False,1751925379.8232613,607844.4423675537
575579,1751924771.979004,1751925128.619538,batch_consumer-sts-0_20250707_215209_669792.csv,True,False,False,1751925379.8232613,607844.2573547363
575589,1751924771.9791975,1751925128.648286,batch_consumer-sts-0_20250707_215209_669792.csv,True,False,False,1751925379.8232613,607844.0637588501
575599,1751924771.979396,1751925128.675508,batch_consumer-sts-0_20250707_215209_669792.csv,True,False,False,1751925379.8232613,607843.8651561737
575609,1751924771.9795709,1751925128.702666,batch_consumer-sts-0_20250707_215209_669792.csv,True,False,False,1751925379.8232613,607843.6903953552
575619,1751924771.9797506,1751925128.7303195,batch_consumer-sts-0_20250707_215209_669792.csv,True,False,False,1751925379.8232613,607843.5106277466
575629,1751924771.9799228,1751925128.757741,batch_consumer-sts-0_20250707_215209_669792.csv,True,False,False,1751925379.8232613,607843.3384895325
575639,1751924771.9801128,1751925128.786654,batch_consumer-sts-0_20250707_215209_669792.csv,True,False,False,1751925379.8232613,607843.1484699249
575649,1751924771.9802845,1751925128.8135335,batch_consumer-sts-0_20250707_215209_669792.csv,True,False,False,1751925379.8232613,607842.976808548
575659,1751924771.9804668,1751925128.840993,batch_consumer-sts-0_20250707_215209_669792.csv,True,False,False,1751925379.8232613,607842.794418335
575669,1751924771.980642,1751925128.8709075,batch_consumer-sts-0_20250707_215209_669792.csv,True,False,False,1751925379.8232613,607842.6191806793
575679,1751924771.9808173,1751925128.8983555,batch_consumer-sts-0_20250707_215209_669792.csv,True,False,False,1751925379.8232613,607842.4439430237
575689,1751924771.9809942,1751925129.1175776,batch_consumer-sts-0_20250707_215209_669792.csv,True,False,False,1751925379.8232613,607842.267036438
575699,1751924771.981169,1751925129.1448088,batch_consumer-sts-0_20250707_215209_669792.csv,True,False,False,1751925379.8232613,607842.0922756195
575709,1751924771.9813442,1751925129.1717606,batch_consumer-sts-0_20250707_215209_669792.csv,True,False,False,1751925379.8232613,607841.9170379639
575719,1751924771.9817028,1751925129.1991873,batch_consumer-sts-0_20250707_215209_669792.csv,True,False,False,1751925379.8232613,607841.5584564209
575729,1751924771.9818864,1751925129.2263272,batch_consumer-sts-0_20250707_215209_669792.csv,True,False,False,1751925379.8232613,607841.374874115
575739,1751924771.9820652,1751925129.2533762,batch_consumer-sts-0_20250707_215209_669792.csv,True,False,False,1751925379.8232613,607841.1960601807
575749,1751924771.982268,1751925129.2809138,batch_consumer-sts-0_20250707_215209_669792.csv,True,False,False,1751925379.8232613,607840.9931659698
575759,1751924771.9824474,1751925129.3082423,batch_consumer-sts-0_20250707_215209_669792.csv,True,False,False,1751925379.8232613,607840.8138751984
575769,1751924771.9826276,1751925129.335312,batch_consumer-sts-0_20250707_215209_669792.csv,True,False,False,1751925379.8232613,607840.6336307526
575779,1751924771.982816,1751925129.3631692,batch_consumer-sts-0_20250707_215209_669792.csv,True,False,False,1751925379.8232613,607840.4452800751
575789,1751924771.9829988,1751925129.39125,batch_consumer-sts-0_20250707_215209_669792.csv,True,False,False,1751925379.8232613,607840.2624130249
575799,1751924771.9831853,1751925129.4182408,batch_consumer-sts-0_20250707_215209_669792.csv,True,False,False,1751925379.8232613,607840.075969696
575809,1751924771.983369,1751925129.5020032,batch_consumer-sts-0_20250707_215209_669792.csv,True,False,False,1751925379.8232613,607839.8921489716
575819,1751924771.983552,1751925129.5299869,batch_consumer-sts-0_20250707_215209_669792.csv,True,False,False,1751925379.8232613,607839.7092819214
575829,1751924771.9837334,1751925129.5578806,batch_consumer-sts-0_20250707_215209_669792.csv,True,False,False,1751925379.8232613,607839.5278453827
575839,1751924771.9839225,1751925129.5859835,batch_consumer-sts-0_20250707_215209_669792.csv,True,False,False,1751925379.8232613,607839.3387794495
575849,1751924771.9840994,1751925129.6132123,batch_consumer-sts-0_20250707_215209_669792.csv,True,False,False,1751925379.8232613,607839.1618728638
575859,1751924771.9842813,1751925129.641292,batch_consumer-sts-0_20250707_215209_669792.csv,True,False,False,1751925379.8232613,607838.9799594879
575869,1751924771.984464,1751925130.9619436,batch_consumer-sts-0_20250707_215232_791398.csv,True,False,False,1751925379.8232613,607838.7973308563
575879,1751924771.984651,1751925130.98985,batch_consumer-sts-0_20250707_215232_791398.csv,True,False,False,1751925379.8232613,607838.6101722717
575889,1751924771.9848375,1751925131.0167086,batch_consumer-sts-0_20250707_215232_791398.csv,True,False,False,1751925379.8232613,607838.4237289429
575899,1751924771.985016,1751925131.0442464,batch_consumer-sts-0_20250707_215232_791398.csv,True,False,False,1751925379.8232613,607838.2451534271
575909,1751924771.9851942,1751925131.071205,batch_consumer-sts-0_20250707_215232_791398.csv,True,False,False,1751925379.8232613,607838.0670547485
575919,1751924771.985371,1751925131.099133,batch_consumer-sts-0_20250707_215232_791398.csv,True,False,False,1751925379.8232613,607837.8901481628
575929,1751924771.9855428,1751925131.126297,batch_consumer-sts-0_20250707_215232_791398.csv,True,False,False,1751925379.8232613,607837.7184867859
575939,1751924771.9857175,1751925131.1538863,batch_consumer-sts-0_20250707_215232_791398.csv,True,False,False,1751925379.8232613,607837.5437259674
575949,1751924771.9858902,1751925131.181129,batch_consumer-sts-0_20250707_215232_791398.csv,True,False,False,1751925379.8232613,607837.3711109161
575959,1751924771.9860902,1751925131.20829,batch_consumer-sts-0_20250707_215232_791398.csv,True,False,False,1751925379.8232613,607837.1710777283
575969,1751924771.9862754,1751925131.2357557,batch_consumer-sts-0_20250707_215232_791398.csv,True,False,False,1751925379.8232613,607836.9858264923
575979,1751924771.9864542,1751925131.2630987,batch_consumer-sts-0_20250707_215232_791398.csv,True,False,False,1751925379.8232613,607836.807012558
575989,1751924771.9866416,1751925131.2900336,batch_consumer-sts-0_20250707_215232_791398.csv,True,False,False,1751925379.8232613,607836.6196155548
575999,1751924771.9868238,1751925131.316721,batch_consumer-sts-0_20250707_215232_791398.csv,True,False,False,1751925379.8232613,607836.4374637604
576009,1751924771.9870057,1751925131.3441498,batch_consumer-sts-0_20250707_215232_791398.csv,True,False,False,1751925379.8232613,607836.2555503845
576019,1751924771.9871862,1751925131.3716896,batch_consumer-sts-0_20250707_215232_791398.csv,True,False,False,1751925379.8232613,607836.0750675201
576029,1751924771.9873807,1751925131.3991964,batch_consumer-sts-0_20250707_215232_791398.csv,True,False,False,1751925379.8232613,607835.8805179596
576039,1751924771.987558,1751925131.426857,batch_consumer-sts-0_20250707_215232_791398.csv,True,False,False,1751925379.8232613,607835.7033729553
576049,1751924771.987738,1751925131.4547544,batch_consumer-sts-0_20250707_215232_791398.csv,True,False,False,1751925379.8232613,607835.5233669281
576059,1751924771.9879124,1751925131.482296,batch_consumer-sts-0_20250707_215232_791398.csv,True,False,False,1751925379.8232613,607835.3488445282
576069,1751924771.9880872,1751925131.5125992,batch_consumer-sts-0_20250707_215232_791398.csv,True,False,False,1751925379.8232613,607835.1740837097
576079,1751924771.9882634,1751925131.5404446,batch_consumer-sts-0_20250707_215232_791398.csv,True,False,False,1751925379.8232613,607834.9978923798
576089,1751924771.9884531,1751925131.568026,batch_consumer-sts-0_20250707_215232_791398.csv,True,False,False,1751925379.8232613,607834.8081111908
576099,1751924771.9886372,1751925131.595952,batch_consumer-sts-0_20250707_215232_791398.csv,True,False,False,1751925379.8232613,607834.6240520477
576109,1751924771.988818,1751925131.6237233,batch_consumer-sts-0_20250707_215232_791398.csv,True,False,False,1751925379.8232613,607834.4433307648
576119,1751924771.9889991,1751925131.6525896,batch_consumer-sts-0_20250707_215232_791398.csv,True,False,False,1751925379.8232613,607834.2621326447
576129,1751924771.9891768,1751925131.6804476,batch_consumer-sts-0_20250707_215232_791398.csv,True,False,False,1751925379.8232613,607834.0845108032
576139,1751924771.9893634,1751925131.708262,batch_consumer-sts-0_20250707_215232_791398.csv,True,False,False,1751925379.8232613,607833.8978290558
576149,1751924771.989548,1751925131.736159,batch_consumer-sts-0_20250707_215232_791398.csv,True,False,False,1751925379.8232613,607833.7132930756
576159,1751924771.98973,1751925131.7639916,batch_consumer-sts-0_20250707_215232_791398.csv,True,False,False,1751925379.8232613,607833.5313796997
576169,1751924771.9899106,1751925131.7921531,batch_consumer-sts-0_20250707_215232_791398.csv,True,False,False,1751925379.8232613,607833.3506584167
576179,1751924771.9900956,1751925131.8196714,batch_consumer-sts-0_20250707_215232_791398.csv,True,False,False,1751925379.8232613,607833.1656455994
576189,1751924771.990312,1751925131.84756,batch_consumer-sts-0_20250707_215232_791398.csv,True,False,False,1751925379.8232613,607832.9491615295
576199,1751924771.9905062,1751925131.875923,batch_consumer-sts-0_20250707_215232_791398.csv,True,False,False,1751925379.8232613,607832.7550888062
576209,1751924771.9906957,1751925131.9032867,batch_consumer-sts-0_20250707_215232_791398.csv,True,False,False,1751925379.8232613,607832.5655460358
576219,1751924771.9908838,1751925131.929982,batch_consumer-sts-0_20250707_215232_791398.csv,True,False,False,1751925379.8232613,607832.3774337769
576229,1751924771.9910712,1751925131.95838,batch_consumer-sts-0_20250707_215232_791398.csv,True,False,False,1751925379.8232613,607832.1900367737
576239,1751924771.9912996,1751925132.2091422,batch_consumer-sts-0_20250707_215232_791398.csv,True,False,False,1751925379.8232613,607831.9616317749
576249,1751924771.9914987,1751925132.2368057,batch_consumer-sts-0_20250707_215232_791398.csv,True,False,False,1751925379.8232613,607831.7625522614
576259,1751924771.9917035,1751925132.2649803,batch_consumer-sts-0_20250707_215232_791398.csv,True,False,False,1751925379.8232613,607831.5577507019
576269,1751924771.9918878,1751925132.2930596,batch_consumer-sts-0_20250707_215232_791398.csv,True,False,False,1751925379.8232613,607831.3734531403
576279,1751924771.99207,1751925132.3197217,batch_consumer-sts-0_20250707_215232_791398.csv,True,False,False,1751925379.8232613,607831.1913013458
576289,1751924771.992249,1751925132.3474383,batch_consumer-sts-0_20250707_215232_791398.csv,True,False,False,1751925379.8232613,607831.0122489929
576299,1751924771.9924312,1751925132.37536,batch_consumer-sts-0_20250707_215232_791398.csv,True,False,False,1751925379.8232613,607830.8300971985
576309,1751924771.992618,1751925132.4033697,batch_consumer-sts-0_20250707_215232_791398.csv,True,False,False,1751925379.8232613,607830.6431770325
576319,1751924771.9928234,1751925132.4318163,batch_consumer-sts-0_20250707_215232_791398.csv,True,False,False,1751925379.8232613,607830.4378986359
576329,1751924771.9931726,1751925132.4627392,batch_consumer-sts-0_20250707_215232_791398.csv,True,False,False,1751925379.8232613,607830.0886154175
576339,1751924771.993361,1751925132.4906752,batch_consumer-sts-0_20250707_215232_791398.csv,True,False,False,1751925379.8232613,607829.90026474
576349,1751924771.9935503,1751925132.5182853,batch_consumer-sts-0_20250707_215232_791398.csv,True,False,False,1751925379.8232613,607829.7109603882
576359,1751924771.993739,1751925132.5465856,batch_consumer-sts-0_20250707_215232_791398.csv,True,False,False,1751925379.8232613,607829.5223712921
576369,1751924771.9939234,1751925132.5750122,batch_consumer-sts-0_20250707_215232_791398.csv,True,False,False,1751925379.8232613,607829.3378353119
576379,1751924771.9941125,1751925132.6033063,batch_consumer-sts-0_20250707_215232_791398.csv,True,False,False,1751925379.8232613,607829.1487693787
576389,1751924771.994331,1751925132.6317728,batch_consumer-sts-0_20250707_215232_791398.csv,True,False,False,1751925379.8232613,607828.9303779602
576399,1751924771.994518,1751925132.6600208,batch_consumer-sts-0_20250707_215232_791398.csv,True,False,False,1751925379.8232613,607828.7432193756
576409,1751924771.9946988,1751925132.6885955,batch_consumer-sts-0_20250707_215232_791398.csv,True,False,False,1751925379.8232613,607828.5624980927
576419,1751924771.9948914,1751925132.7178757,batch_consumer-sts-0_20250707_215232_791398.csv,True,False,False,1751925379.8232613,607828.3698558807
576429,1751924771.9950714,1751925132.7450557,batch_consumer-sts-0_20250707_215232_791398.csv,True,False,False,1751925379.8232613,607828.1898498535
576439,1751924771.9952602,1751925132.772592,batch_consumer-sts-0_20250707_215232_791398.csv,True,False,False,1751925379.8232613,607828.0010223389
576449,1751924771.995442,1751925132.8009095,batch_consumer-sts-0_20250707_215232_791398.csv,True,False,False,1751925379.8232613,607827.8193473816
576459,1751924771.9956305,1751925132.8293586,batch_consumer-sts-0_20250707_215232_791398.csv,True,False,False,1751925379.8232613,607827.6307582855
576469,1751924771.9958093,1751925132.8574314,batch_consumer-sts-0_20250707_215232_791398.csv,True,False,False,1751925379.8232613,607827.4519443512
576479,1751924771.9960213,1751925132.885208,batch_consumer-sts-0_20250707_215232_791398.csv,True,False,False,1751925379.8232613,607827.2399902344
576489,1751924771.9962137,1751925132.913247,batch_consumer-sts-0_20250707_215232_791398.csv,True,False,False,1751925379.8232613,607827.047586441
576499,1751924771.9964004,1751925132.941623,batch_consumer-sts-0_20250707_215232_791398.csv,True,False,False,1751925379.8232613,607826.8609046936
576509,1751924771.996586,1751925132.9697073,batch_consumer-sts-0_20250707_215232_791398.csv,True,False,False,1751925379.8232613,607826.6751766205
576519,1751924771.99682,1751925132.9975977,batch_consumer-sts-0_20250707_215232_791398.csv,True,False,False,1751925379.8232613,607826.4412879944
576529,1751924771.9970274,1751925133.0256436,batch_consumer-sts-0_20250707_215232_791398.csv,True,False,False,1751925379.8232613,607826.2338638306
576539,1751924771.997219,1751925133.0539634,batch_consumer-sts-0_20250707_215232_791398.csv,True,False,False,1751925379.8232613,607826.042175293
576549,1751924771.997415,1751925133.0809898,batch_consumer-sts-0_20250707_215232_791398.csv,True,False,False,1751925379.8232613,607825.846195221
576559,1751924771.9975922,1751925133.1077566,batch_consumer-sts-0_20250707_215232_791398.csv,True,False,False,1751925379.8232613,607825.6690502167
576569,1751924771.997764,1751925133.1355543,batch_consumer-sts-0_20250707_215232_791398.csv,True,False,False,1751925379.8232613,607825.4971504211
576579,1751924771.9979427,1751925133.1631134,batch_consumer-sts-0_20250707_215232_791398.csv,True,False,False,1751925379.8232613,607825.3185749054
576589,1751924771.998118,1751925133.192394,batch_consumer-sts-0_20250707_215232_791398.csv,True,False,False,1751925379.8232613,607825.1433372498
576599,1751924771.9983404,1751925133.21986,batch_consumer-sts-0_20250707_215232_791398.csv,True,False,False,1751925379.8232613,607824.9208927155
576609,1751924771.9985282,1751925133.2489069,batch_consumer-sts-0_20250707_215232_791398.csv,True,False,False,1751925379.8232613,607824.7330188751
576619,1751924771.9988568,1751925133.276927,batch_consumer-sts-0_20250707_215232_791398.csv,True,False,False,1751925379.8232613,607824.4044780731
576629,1751924771.9990458,1751925133.3049333,batch_consumer-sts-0_20250707_215232_791398.csv,True,False,False,1751925379.8232613,607824.2154121399
576639,1751924771.999236,1751925133.3328097,batch_consumer-sts-0_20250707_215232_791398.csv,True,False,False,1751925379.8232613,607824.0251541138
576649,1751924771.9994404,1751925133.3610427,batch_consumer-sts-0_20250707_215232_791398.csv,True,False,False,1751925379.8232613,607823.8208293915
576659,1751924771.9996102,1751925133.3888433,batch_consumer-sts-0_20250707_215232_791398.csv,True,False,False,1751925379.8232613,607823.6510753632
46635,1751924722.217818,1751925134.155691,batch_consumer-sts-0_20250707_215232_791398.csv,True,True,False,1751925379.8232613,657605.443239212
46645,1751924722.2180448,1751925134.1904562,batch_consumer-sts-0_20250707_215232_791398.csv,True,False,False,1751925379.8232613,657605.2165031433
46655,1751924722.218284,1751925134.2169318,batch_consumer-sts-0_20250707_215232_791398.csv,True,False,False,1751925379.8232613,657604.9773693085
46665,1751924722.2185202,1751925134.5303729,batch_consumer-sts-0_20250707_215232_791398.csv,True,False,False,1751925379.8232613,657604.7410964966
46675,1751924722.218753,1751925134.5964465,batch_consumer-sts-0_20250707_215232_791398.csv,True,False,False,1751925379.8232613,657604.5081615448
46685,1751924722.218987,1751925134.623499,batch_consumer-sts-0_20250707_215232_791398.csv,True,False,False,1751925379.8232613,657604.2742729187
46695,1751924722.219223,1751925134.6509707,batch_consumer-sts-0_20250707_215232_791398.csv,True,False,False,1751925379.8232613,657604.0382385254
46705,1751924722.219446,1751925134.6790092,batch_consumer-sts-0_20250707_215232_791398.csv,True,False,False,1751925379.8232613,657603.8153171539
46715,1751924722.2196777,1751925134.7066529,batch_consumer-sts-0_20250707_215232_791398.csv,True,False,False,1751925379.8232613,657603.583574295
46725,1751924722.2199056,1751925134.7340198,batch_consumer-sts-0_20250707_215232_791398.csv,True,False,False,1751925379.8232613,657603.3556461334
46735,1751924722.2201366,1751925134.7613392,batch_consumer-sts-0_20250707_215232_791398.csv,True,False,False,1751925379.8232613,657603.1246185303
46745,1751924722.220371,1751925134.7889266,batch_consumer-sts-0_20250707_215232_791398.csv,True,False,False,1751925379.8232613,657602.890253067
46755,1751924722.2206082,1751925134.8166463,batch_consumer-sts-0_20250707_215232_791398.csv,True,False,False,1751925379.8232613,657602.6530265808
46765,1751924722.2208345,1751925134.843886,batch_consumer-sts-0_20250707_215232_791398.csv,True,False,False,1751925379.8232613,657602.4267673492
46775,1751924722.2210605,1751925134.8719754,batch_consumer-sts-0_20250707_215232_791398.csv,True,False,False,1751925379.8232613,657602.2007465363
46785,1751924722.2212915,1751925134.8993173,batch_consumer-sts-0_20250707_215232_791398.csv,True,False,False,1751925379.8232613,657601.9697189331
46795,1751924722.2215226,1751925134.9269571,batch_consumer-sts-0_20250707_215232_791398.csv,True,False,False,1751925379.8232613,657601.73869133
46805,1751924722.221747,1751925134.9547725,batch_consumer-sts-0_20250707_215232_791398.csv,True,False,False,1751925379.8232613,657601.514339447
46815,1751924722.221989,1751925134.9830506,batch_consumer-sts-0_20250707_215232_791398.csv,True,False,False,1751925379.8232613,657601.2723445892
46825,1751924722.2222323,1751925135.010564,batch_consumer-sts-0_20250707_215232_791398.csv,True,False,False,1751925379.8232613,657601.02891922
46835,1751924722.2224672,1751925136.0394363,batch_consumer-sts-0_20250707_215232_791398.csv,True,False,False,1751925379.8232613,657600.7940769196
46845,1751924722.2226973,1751925136.0682423,batch_consumer-sts-0_20250707_215232_791398.csv,True,False,False,1751925379.8232613,657600.5640029907
46855,1751924722.2229283,1751925136.0964413,batch_consumer-sts-0_20250707_215232_791398.csv,True,False,False,1751925379.8232613,657600.3329753876
46865,1751924722.2231567,1751925136.1243038,batch_consumer-sts-0_20250707_215232_791398.csv,True,False,False,1751925379.8232613,657600.1045703888
46875,1751924722.2233825,1751925136.1520605,batch_consumer-sts-0_20250707_215232_791398.csv,True,False,False,1751925379.8232613,657599.8787879944
46885,1751924722.223616,1751925136.1797557,batch_consumer-sts-0_20250707_215232_791398.csv,True,False,False,1751925379.8232613,657599.6453762054
46895,1751924722.2238595,1751925136.2078505,batch_consumer-sts-0_20250707_215232_791398.csv,True,False,False,1751925379.8232613,657599.4017124176
49955,1751924722.3042314,1751925136.2353876,batch_consumer-sts-0_20250707_215232_791398.csv,True,False,False,1751925379.8232613,657519.0298557281
49965,1751924722.3046684,1751925136.2633324,batch_consumer-sts-0_20250707_215232_791398.csv,True,False,False,1751925379.8232613,657518.5928344727
49975,1751924722.3050847,1751925136.291953,batch_consumer-sts-0_20250707_215232_791398.csv,True,False,False,1751925379.8232613,657518.1765556335
49985,1751924722.3055046,1751925136.319701,batch_consumer-sts-0_20250707_215232_791398.csv,True,False,False,1751925379.8232613,657517.7567005157
49995,1751924722.3059275,1751925136.347692,batch_consumer-sts-0_20250707_215232_791398.csv,True,False,False,1751925379.8232613,657517.3337459564
50005,1751924722.306351,1751925136.3756871,batch_consumer-sts-0_20250707_215232_791398.csv,True,False,False,1751925379.8232613,657516.9103145599
50015,1751924722.3067667,1751925136.403587,batch_consumer-sts-0_20250707_215232_791398.csv,True,False,False,1751925379.8232613,657516.494512558
50025,1751924722.3071847,1751925136.4317234,batch_consumer-sts-0_20250707_215232_791398.csv,True,False,False,1751925379.8232613,657516.0765647888
50035,1751924722.3075354,1751925136.4601295,batch_consumer-sts-0_20250707_215232_791398.csv,True,False,False,1751925379.8232613,657515.725851059
50045,1751924722.3077388,1751925136.4883013,batch_consumer-sts-0_20250707_215232_791398.csv,True,False,False,1751925379.8232613,657515.522480011
50055,1751924722.307932,1751925136.5165124,batch_consumer-sts-0_20250707_215232_791398.csv,True,False,False,1751925379.8232613,657515.3293609619
50065,1751924722.308128,1751925136.5446362,batch_consumer-sts-0_20250707_215232_791398.csv,True,False,False,1751925379.8232613,657515.1331424713
50075,1751924722.3083277,1751925136.5728092,batch_consumer-sts-0_20250707_215232_791398.csv,True,False,False,1751925379.8232613,657514.9335861206
50085,1751924722.308529,1751925136.6010883,batch_consumer-sts-0_20250707_215232_791398.csv,True,False,False,1751925379.8232613,657514.7323608398
50095,1751924722.3087256,1751925136.6279626,batch_consumer-sts-0_20250707_215232_791398.csv,True,False,False,1751925379.8232613,657514.5356655121
50105,1751924722.308908,1751925136.6557827,batch_consumer-sts-0_20250707_215232_791398.csv,True,False,False,1751925379.8232613,657514.3532752991
50115,1751924722.3090973,1751925136.6841948,batch_consumer-sts-0_20250707_215232_791398.csv,True,False,False,1751925379.8232613,657514.1639709473
50125,1751924722.3092904,1751925136.7123656,batch_consumer-sts-0_20250707_215232_791398.csv,True,False,False,1751925379.8232613,657513.9708518982
50135,1751924722.3094866,1751925136.740883,batch_consumer-sts-0_20250707_215232_791398.csv,True,False,False,1751925379.8232613,657513.7746334076
50145,1751924722.3097055,1751925136.7678025,batch_consumer-sts-0_20250707_215232_791398.csv,True,False,False,1751925379.8232613,657513.555765152
50155,1751924722.3099475,1751925136.79602,batch_consumer-sts-0_20250707_215232_791398.csv,True,False,False,1751925379.8232613,657513.3137702942
50165,1751924722.310182,1751925136.823581,batch_consumer-sts-0_20250707_215232_791398.csv,True,False,False,1751925379.8232613,657513.0791664124
50175,1751924722.310413,1751925136.8517904,batch_consumer-sts-0_20250707_215232_791398.csv,True,False,False,1751925379.8232613,657512.8483772278
50185,1751924722.3106482,1751925136.8804934,batch_consumer-sts-0_20250707_215232_791398.csv,True,False,False,1751925379.8232613,657512.6130580902
50195,1751924722.3108883,1751925136.90822,batch_consumer-sts-0_20250707_215232_791398.csv,True,False,False,1751925379.8232613,657512.372970581
50205,1751924722.311115,1751925136.935205,batch_consumer-sts-0_20250707_215232_791398.csv,True,False,False,1751925379.8232613,657512.1462345123
50215,1751924722.3113468,1751925136.9630868,batch_consumer-sts-0_20250707_215232_791398.csv,True,False,False,1751925379.8232613,657511.9144916534
50225,1751924722.311581,1751925136.9911478,batch_consumer-sts-0_20250707_215232_791398.csv,True,False,False,1751925379.8232613,657511.6803646088
50235,1751924722.3118136,1751925137.0194108,batch_consumer-sts-0_20250707_215232_791398.csv,True,False,False,1751925379.8232613,657511.4476680756
50245,1751924722.312045,1751925137.0476077,batch_consumer-sts-0_20250707_215232_791398.csv,True,False,False,1751925379.8232613,657511.2161636353
50255,1751924722.3122735,1751925137.075541,batch_consumer-sts-0_20250707_215232_791398.csv,True,False,False,1751925379.8232613,657510.9877586365
50265,1751924722.312508,1751925137.3986535,batch_consumer-sts-0_20250707_215232_791398.csv,True,False,False,1751925379.8232613,657510.7531547546
50275,1751924722.312736,1751925137.4266784,batch_consumer-sts-0_20250707_215232_791398.csv,True,False,False,1751925379.8232613,657510.525226593
50285,1751924722.3129675,1751925137.4551404,batch_consumer-sts-0_20250707_215232_791398.csv,True,False,False,1751925379.8232613,657510.2937221527
50295,1751924722.3131988,1751925137.4832284,batch_consumer-sts-0_20250707_215232_791398.csv,True,False,False,1751925379.8232613,657510.062456131
50305,1751924722.3134334,1751925137.5114963,batch_consumer-sts-0_20250707_215232_791398.csv,True,False,False,1751925379.8232613,657509.8278522491
50315,1751924722.313661,1751925137.5422206,batch_consumer-sts-0_20250707_215232_791398.csv,True,False,False,1751925379.8232613,657509.6001625061
50325,1751924722.313903,1751925137.5701425,batch_consumer-sts-0_20250707_215232_791398.csv,True,False,False,1751925379.8232613,657509.3581676483
50335,1751924722.3141296,1751925137.5971203,batch_consumer-sts-0_20250707_215232_791398.csv,True,False,False,1751925379.8232613,657509.1316699982
50345,1751924722.3143687,1751925137.6243932,batch_consumer-sts-0_20250707_215232_791398.csv,True,False,False,1751925379.8232613,657508.8925361633
50355,1751924722.3145978,1751925137.6523387,batch_consumer-sts-0_20250707_215232_791398.csv,True,False,False,1751925379.8232613,657508.6634159088
50365,1751924722.314834,1751925137.6804736,batch_consumer-sts-0_20250707_215232_791398.csv,True,False,False,1751925379.8232613,657508.4271430969
50375,1751924722.3150616,1751925137.7085965,batch_consumer-sts-0_20250707_215232_791398.csv,True,False,False,1751925379.8232613,657508.1996917725
50385,1751924722.315298,1751925137.7368314,batch_consumer-sts-0_20250707_215232_791398.csv,True,False,False,1751925379.8232613,657507.963180542
50395,1751924722.3155313,1751925137.764963,batch_consumer-sts-0_20250707_215232_791398.csv,True,False,False,1751925379.8232613,657507.7300071716
50405,1751924722.3157587,1751925137.7928083,batch_consumer-sts-0_20250707_215232_791398.csv,True,False,False,1751925379.8232613,657507.5025558472
50415,1751924722.3159895,1751925137.8205287,batch_consumer-sts-0_20250707_215232_791398.csv,True,False,False,1751925379.8232613,657507.2717666626
50425,1751924722.3162274,1751925137.84868,batch_consumer-sts-0_20250707_215232_791398.csv,True,False,False,1751925379.8232613,657507.0338249207
50435,1751924722.3164594,1751925137.8766525,batch_consumer-sts-0_20250707_215232_791398.csv,True,False,False,1751925379.8232613,657506.8018436432
50445,1751924722.316702,1751925137.9045286,batch_consumer-sts-0_20250707_215232_791398.csv,True,False,False,1751925379.8232613,657506.5593719482
50455,1751924722.316933,1751925137.9324615,batch_consumer-sts-0_20250707_215232_791398.csv,True,False,False,1751925379.8232613,657506.3283443451
50465,1751924722.317172,1751925137.959506,batch_consumer-sts-0_20250707_215232_791398.csv,True,False,False,1751925379.8232613,657506.0892105103
50475,1751924722.3174057,1751925137.9868605,batch_consumer-sts-0_20250707_215232_791398.csv,True,False,False,1751925379.8232613,657505.8555603027
50485,1751924722.3176415,1751925138.01386,batch_consumer-sts-0_20250707_215232_791398.csv,True,False,False,1751925379.8232613,657505.619764328
50495,1751924722.31787,1751925138.04113,batch_consumer-sts-0_20250707_215232_791398.csv,True,False,False,1751925379.8232613,657505.3913593292
50505,1751924722.3181078,1751925138.0679884,batch_consumer-sts-0_20250707_215232_791398.csv,True,False,False,1751925379.8232613,657505.1534175873
50515,1751924722.3183455,1751925138.1035492,batch_consumer-sts-0_20250707_215232_791398.csv,True,False,False,1751925379.8232613,657504.9157142639
50525,1751924722.3185773,1751925138.1330628,batch_consumer-sts-0_20250707_215232_791398.csv,True,False,False,1751925379.8232613,657504.683971405
50535,1751924722.318809,1751925138.160561,batch_consumer-sts-0_20250707_215232_791398.csv,True,False,False,1751925379.8232613,657504.4522285461
50545,1751924722.3190389,1751925138.188489,batch_consumer-sts-0_20250707_215232_791398.csv,True,False,False,1751925379.8232613,657504.2223930359
50555,1751924722.319271,1751925138.2160878,batch_consumer-sts-0_20250707_215232_791398.csv,True,False,False,1751925379.8232613,657503.9901733398
50565,1751924722.3195004,1751925138.2436244,batch_consumer-sts-0_20250707_215232_791398.csv,True,False,False,1751925379.8232613,657503.7608146667
50575,1751924722.319733,1751925138.2710402,batch_consumer-sts-0_20250707_215232_791398.csv,True,False,False,1751925379.8232613,657503.5283565521
50585,1751924722.3199656,1751925138.299301,batch_consumer-sts-0_20250707_215232_791398.csv,True,False,False,1751925379.8232613,657503.2956600189
50595,1751924722.3202286,1751925138.3267992,batch_consumer-sts-0_20250707_215232_791398.csv,True,False,False,1751925379.8232613,657503.0326843262
50605,1751924722.3204577,1751925138.3541858,batch_consumer-sts-0_20250707_215232_791398.csv,True,False,False,1751925379.8232613,657502.8035640717
50615,1751924722.3206918,1751925138.3812833,batch_consumer-sts-0_20250707_215232_791398.csv,True,False,False,1751925379.8232613,657502.569437027
50625,1751924722.320923,1751925138.4118404,batch_consumer-sts-0_20250707_215232_791398.csv,True,False,False,1751925379.8232613,657502.3381710052
50635,1751924722.3211634,1751925138.4396875,batch_consumer-sts-0_20250707_215232_791398.csv,True,False,False,1751925379.8232613,657502.0978450775
50645,1751924722.3213966,1751925138.4674203,batch_consumer-sts-0_20250707_215232_791398.csv,True,False,False,1751925379.8232613,657501.8646717072
50655,1751924722.3216252,1751925138.4956756,batch_consumer-sts-0_20250707_215232_791398.csv,True,False,False,1751925379.8232613,657501.6360282898
50665,1751924722.3218503,1751925138.5226958,batch_consumer-sts-0_20250707_215232_791398.csv,True,False,False,1751925379.8232613,657501.4109611511
50675,1751924722.322085,1751925138.550003,batch_consumer-sts-0_20250707_215232_791398.csv,True,False,False,1751925379.8232613,657501.1763572693
50685,1751924722.3223224,1751925138.5775723,batch_consumer-sts-0_20250707_215232_791398.csv,True,False,False,1751925379.8232613,657500.9388923645
50695,1751924722.3225555,1751925138.6050413,batch_consumer-sts-0_20250707_215232_791398.csv,True,False,False,1751925379.8232613,657500.7057189941
50705,1751924722.3227875,1751925138.632805,batch_consumer-sts-0_20250707_215232_791398.csv,True,False,False,1751925379.8232613,657500.4737377167
50715,1751924722.3230252,1751925138.6593168,batch_consumer-sts-0_20250707_215232_791398.csv,True,False,False,1751925379.8232613,657500.2360343933
50725,1751924722.3232515,1751925138.686869,batch_consumer-sts-0_20250707_215232_791398.csv,True,False,False,1751925379.8232613,657500.0097751617
50735,1751924722.3234909,1751925138.7147405,batch_consumer-sts-0_20250707_215232_791398.csv,True,False,False,1751925379.8232613,657499.7704029083
50745,1751924722.323681,1751925138.7440777,batch_consumer-sts-0_20250707_215232_791398.csv,True,False,False,1751925379.8232613,657499.5801448822
50755,1751924722.3238714,1751925138.7712746,batch_consumer-sts-0_20250707_215232_791398.csv,True,False,False,1751925379.8232613,657499.3898868561
50765,1751924722.3240612,1751925138.7988088,batch_consumer-sts-0_20250707_215232_791398.csv,True,False,False,1751925379.8232613,657499.2001056671
50775,1751924722.3242552,1751925138.8282118,batch_consumer-sts-0_20250707_215232_791398.csv,True,False,False,1751925379.8232613,657499.0060329437
50785,1751924722.3244529,1751925138.8561385,batch_consumer-sts-0_20250707_215232_791398.csv,True,False,False,1751925379.8232613,657498.8083839417
50795,1751924722.3246746,1751925138.8837166,batch_consumer-sts-0_20250707_215232_791398.csv,True,False,False,1751925379.8232613,657498.5866546631
50805,1751924722.3249257,1751925138.9114783,batch_consumer-sts-0_20250707_215232_791398.csv,True,False,False,1751925379.8232613,657498.3355998993
50815,1751924722.325161,1751925138.9390566,batch_consumer-sts-0_20250707_215232_791398.csv,True,False,False,1751925379.8232613,657498.1002807617
50825,1751924722.3253896,1751925138.9692872,batch_consumer-sts-0_20250707_215232_791398.csv,True,False,False,1751925379.8232613,657497.8716373444
50835,1751924722.3256245,1751925138.997224,batch_consumer-sts-0_20250707_215232_791398.csv,True,False,False,1751925379.8232613,657497.636795044
50845,1751924722.3258548,1751925139.025429,batch_consumer-sts-0_20250707_215232_791398.csv,True,False,False,1751925379.8232613,657497.4064826965
50855,1751924722.3260844,1751925139.052887,batch_consumer-sts-0_20250707_215232_791398.csv,True,False,False,1751925379.8232613,657497.1768856049
50865,1751924722.3263235,1751925139.0810535,batch_consumer-sts-0_20250707_215232_791398.csv,True,False,False,1751925379.8232613,657496.93775177
50875,1751924722.3265536,1751925139.1087074,batch_consumer-sts-0_20250707_215232_791398.csv,True,False,False,1751925379.8232613,657496.7076778412
50885,1751924722.3267858,1751925139.1361675,batch_consumer-sts-0_20250707_215232_791398.csv,True,False,False,1751925379.8232613,657496.4754581451
50895,1751924722.327023,1751925139.23388,batch_consumer-sts-0_20250707_215232_791398.csv,True,False,False,1751925379.8232613,657496.2382316589
50905,1751924722.3272526,1751925139.2691898,batch_consumer-sts-0_20250707_215232_791398.csv,True,False,False,1751925379.8232613,657496.0086345673
50915,1751924722.3274865,1751925139.2970426,batch_consumer-sts-0_20250707_215232_791398.csv,True,False,False,1751925379.8232613,657495.7747459412
50925,1751924722.3277123,1751925139.3247647,batch_consumer-sts-0_20250707_215232_791398.csv,True,False,False,1751925379.8232613,657495.5489635468
50935,1751924722.327943,1751925139.3526068,batch_consumer-sts-0_20250707_215232_791398.csv,True,False,False,1751925379.8232613,657495.3181743622
50945,1751924722.3281753,1751925139.3806338,batch_consumer-sts-0_20250707_215232_791398.csv,True,False,False,1751925379.8232613,657495.0859546661
50955,1751924722.3284106,1751925139.4090946,batch_consumer-sts-0_20250707_215232_791398.csv,True,False,False,1751925379.8232613,657494.8506355286
50965,1751924722.3286378,1751925139.437044,batch_consumer-sts-0_20250707_215232_791398.csv,True,False,False,1751925379.8232613,657494.6234226227
50975,1751924722.3288708,1751925139.4649422,batch_consumer-sts-0_20250707_215232_791398.csv,True,False,False,1751925379.8232613,657494.3904876709
50985,1751924722.3290958,1751925139.492797,batch_consumer-sts-0_20250707_215232_791398.csv,True,False,False,1751925379.8232613,657494.1654205322
50995,1751924722.3293214,1751925139.5776143,batch_consumer-sts-0_20250707_215232_791398.csv,True,False,False,1751925379.8232613,657493.9398765564
51005,1751924722.3295898,1751925139.6051624,batch_consumer-sts-0_20250707_215232_791398.csv,True,False,False,1751925379.8232613,657493.6714172363
51015,1751924722.3298583,1751925139.631878,batch_consumer-sts-0_20250707_215232_791398.csv,True,False,False,1751925379.8232613,657493.4029579163
51025,1751924722.33012,1751925139.659366,batch_consumer-sts-0_20250707_215232_791398.csv,True,False,False,1751925379.8232613,657493.1411743164
51035,1751924722.3304255,1751925139.7210453,batch_consumer-sts-0_20250707_215232_791398.csv,True,False,False,1751925379.8232613,657492.8357601166
51045,1751924722.3308406,1751925139.7479324,batch_consumer-sts-0_20250707_215232_791398.csv,True,False,False,1751925379.8232613,657492.4206733704
51055,1751924722.3312914,1751925139.775354,batch_consumer-sts-0_20250707_215232_791398.csv,True,False,False,1751925379.8232613,657491.9698238373
51065,1751924722.331709,1751925139.800867,batch_consumer-sts-0_20250707_215232_791398.csv,True,False,False,1751925379.8232613,657491.5523529053
51075,1751924722.332126,1751925139.827077,batch_consumer-sts-0_20250707_215232_791398.csv,True,False,False,1751925379.8232613,657491.1353588104
51085,1751924722.3325374,1751925139.853619,batch_consumer-sts-0_20250707_215232_791398.csv,True,False,False,1751925379.8232613,657490.7238483429
51095,1751924722.3329487,1751925139.880474,batch_consumer-sts-0_20250707_215232_791398.csv,True,False,False,1751925379.8232613,657490.312576294
51105,1751924722.3333683,1751925139.9068818,batch_consumer-sts-0_20250707_215232_791398.csv,True,False,False,1751925379.8232613,657489.8929595947
51115,1751924722.333778,1751925139.932647,batch_consumer-sts-0_20250707_215232_791398.csv,True,False,False,1751925379.8232613,657489.4833564758
51125,1751924722.3342028,1751925139.959611,batch_consumer-sts-0_20250707_215232_791398.csv,True,False,False,1751925379.8232613,657489.0584945679
51135,1751924722.3346176,1751925139.9865568,batch_consumer-sts-0_20250707_215232_791398.csv,True,False,False,1751925379.8232613,657488.6436462402
51145,1751924722.3350155,1751925140.013599,batch_consumer-sts-0_20250707_215232_791398.csv,True,False,False,1751925379.8232613,657488.2457256317
51155,1751924722.335389,1751925140.040865,batch_consumer-sts-0_20250707_215232_791398.csv,True,False,False,1751925379.8232613,657487.8723621368
51165,1751924722.3358011,1751925140.0677218,batch_consumer-sts-0_20250707_215232_791398.csv,True,False,False,1751925379.8232613,657487.4601364136
51175,1751924722.3362124,1751925140.0947766,batch_consumer-sts-0_20250707_215232_791398.csv,True,False,False,1751925379.8232613,657487.0488643646
51185,1751924722.3366137,1751925140.1207306,batch_consumer-sts-0_20250707_215232_791398.csv,True,False,False,1751925379.8232613,657486.647605896
51195,1751924722.3370304,1751925140.1477177,batch_consumer-sts-0_20250707_215232_791398.csv,True,False,False,1751925379.8232613,657486.2308502197
51205,1751924722.337441,1751925140.1755612,batch_consumer-sts-0_20250707_215232_791398.csv,True,False,False,1751925379.8232613,657485.8202934265
51215,1751924722.3378458,1751925140.203033,batch_consumer-sts-0_20250707_215232_791398.csv,True,False,False,1751925379.8232613,657485.4154586792
51225,1751924722.3382754,1751925140.2289755,batch_consumer-sts-0_20250707_215232_791398.csv,True,False,False,1751925379.8232613,657484.9858283997
51235,1751924722.3386903,1751925140.2561865,batch_consumer-sts-0_20250707_215232_791398.csv,True,False,False,1751925379.8232613,657484.570980072
51245,1751924722.339101,1751925140.2833886,batch_consumer-sts-0_20250707_215232_791398.csv,True,False,False,1751925379.8232613,657484.1601848602
51255,1751924722.3395193,1751925140.309805,batch_consumer-sts-0_20250707_215232_791398.csv,True,False,False,1751925379.8232613,657483.7419986725
51265,1751924722.339925,1751925140.3357656,batch_consumer-sts-0_20250707_215232_791398.csv,True,False,False,1751925379.8232613,657483.3362102509
51275,1751924722.3403902,1751925140.362503,batch_consumer-sts-0_20250707_215232_791398.csv,True,False,False,1751925379.8232613,657482.871055603
51285,1751924722.3408031,1751925141.391542,batch_consumer-sts-0_20250707_215232_791398.csv,True,False,False,1751925379.8232613,657482.458114624
51295,1751924722.3412385,1751925141.418997,batch_consumer-sts-0_20250707_215232_791398.csv,True,False,False,1751925379.8232613,657482.0227622986
51305,1751924722.3416438,1751925141.4472525,batch_consumer-sts-0_20250707_215232_791398.csv,True,False,False,1751925379.8232613,657481.6174507141
51315,1751924722.3420525,1751925141.4742403,batch_consumer-sts-0_20250707_215232_791398.csv,True,False,False,1751925379.8232613,657481.2088012695
51325,1751924722.342466,1751925141.5021496,batch_consumer-sts-0_20250707_215232_791398.csv,True,False,False,1751925379.8232613,657480.7951450348
51335,1751924722.3428855,1751925141.5294385,batch_consumer-sts-0_20250707_215232_791398.csv,True,False,False,1751925379.8232613,657480.3757667542
51345,1751924722.343297,1751925141.557187,batch_consumer-sts-0_20250707_215232_791398.csv,True,False,False,1751925379.8232613,657479.9642562866
51355,1751924722.3436973,1751925141.5858517,batch_consumer-sts-0_20250707_215232_791398.csv,True,False,False,1751925379.8232613,657479.5639514923
51365,1751924722.344106,1751925141.6126127,batch_consumer-sts-0_20250707_215232_791398.csv,True,False,False,1751925379.8232613,657479.1553020477
65505,1751924722.7461247,1751925141.6404853,batch_consumer-sts-0_20250707_215232_791398.csv,True,False,False,1751925379.8232613,657077.136516571
65515,1751924722.7463927,1751925141.6685815,batch_consumer-sts-0_20250707_215232_791398.csv,True,False,False,1751925379.8232613,657076.8685340881
65525,1751924722.7466204,1751925141.6962245,batch_consumer-sts-0_20250707_215232_791398.csv,True,False,False,1751925379.8232613,657076.6408443451
65535,1751924722.7468565,1751925141.7259116,batch_consumer-sts-0_20250707_215232_791398.csv,True,False,False,1751925379.8232613,657076.4048099518
65545,1751924722.7470877,1751925141.753549,batch_consumer-sts-0_20250707_215232_791398.csv,True,False,False,1751925379.8232613,657076.17354393
65555,1751924722.747331,1751925141.781325,batch_consumer-sts-0_20250707_215232_791398.csv,True,False,False,1751925379.8232613,657075.9303569794
65565,1751924722.747573,1751925141.8084743,batch_consumer-sts-0_20250707_215232_791398.csv,True,False,False,1751925379.8232613,657075.6883621216
65575,1751924722.7478096,1751925141.8363523,batch_consumer-sts-0_20250707_215232_791398.csv,True,False,False,1751925379.8232613,657075.4516124725
65585,1751924722.7480395,1751925141.8650074,batch_consumer-sts-0_20250707_215232_791398.csv,True,False,False,1751925379.8232613,657075.2217769623
65595,1751924722.7482696,1751925141.8926055,batch_consumer-sts-0_20250707_215232_791398.csv,True,False,False,1751925379.8232613,657074.9917030334
65605,1751924722.7485056,1751925141.919315,batch_consumer-sts-0_20250707_215232_791398.csv,True,False,False,1751925379.8232613,657074.7556686401
65615,1751924722.748742,1751925141.9473617,batch_consumer-sts-0_20250707_215232_791398.csv,True,False,False,1751925379.8232613,657074.5191574097
65625,1751924722.7489736,1751925141.9753742,batch_consumer-sts-0_20250707_215232_791398.csv,True,False,False,1751925379.8232613,657074.2876529694
65635,1751924722.7491984,1751925142.0028868,batch_consumer-sts-0_20250707_215232_791398.csv,True,False,False,1751925379.8232613,657074.0628242493
65645,1751924722.7494328,1751925142.0311563,batch_consumer-sts-0_20250707_215232_791398.csv,True,False,False,1751925379.8232613,657073.828458786
65655,1751924722.7496395,1751925142.059399,batch_consumer-sts-0_20250707_215232_791398.csv,True,False,False,1751925379.8232613,657073.6217498779
65665,1751924722.7498243,1751925142.0874667,batch_consumer-sts-0_20250707_215232_791398.csv,True,False,False,1751925379.8232613,657073.4369754791
65675,1751924722.750006,1751925142.1146257,batch_consumer-sts-0_20250707_215232_791398.csv,True,False,False,1751925379.8232613,657073.2553005219
65685,1751924722.750214,1751925142.1425617,batch_consumer-sts-0_20250707_215232_791398.csv,True,False,False,1751925379.8232613,657073.0471611023
65695,1751924722.7504504,1751925142.170932,batch_consumer-sts-0_20250707_215232_791398.csv,True,False,False,1751925379.8232613,657072.8108882904
65705,1751924722.7506793,1751925142.198655,batch_consumer-sts-0_20250707_215232_791398.csv,True,False,False,1751925379.8232613,657072.5820064545
65715,1751924722.750908,1751925142.725136,batch_consumer-sts-0_20250707_215232_791398.csv,True,False,False,1751925379.8232613,657072.3533630371
65725,1751924722.7511375,1751925142.7532976,batch_consumer-sts-0_20250707_215232_791398.csv,True,False,False,1751925379.8232613,657072.1237659454
65735,1751924722.751366,1751925142.7807264,batch_consumer-sts-0_20250707_215232_791398.csv,True,False,False,1751925379.8232613,657071.8953609467
65745,1751924722.7515676,1751925142.808127,batch_consumer-sts-0_20250707_215232_791398.csv,True,False,False,1751925379.8232613,657071.6936588287
65755,1751924722.751746,1751925142.8364348,batch_consumer-sts-0_20250707_215232_791398.csv,True,False,False,1751925379.8232613,657071.5153217316
65765,1751924722.7519252,1751925142.8644922,batch_consumer-sts-0_20250707_215232_791398.csv,True,False,False,1751925379.8232613,657071.3360309601
65775,1751924722.7521024,1751925142.8924098,batch_consumer-sts-0_20250707_215232_791398.csv,True,False,False,1751925379.8232613,657071.1588859558
65785,1751924722.7522762,1751925142.9193604,batch_consumer-sts-0_20250707_215232_791398.csv,True,False,False,1751925379.8232613,657070.9850788116
65795,1751924722.7524562,1751925142.9472947,batch_consumer-sts-0_20250707_215232_791398.csv,True,False,False,1751925379.8232613,657070.8050727844
65805,1751924722.752641,1751925142.9799042,batch_consumer-sts-0_20250707_215232_791398.csv,True,False,False,1751925379.8232613,657070.6202983856
65815,1751924722.7528305,1751925143.0055962,batch_consumer-sts-0_20250707_215232_791398.csv,True,False,False,1751925379.8232613,657070.4307556152
65825,1751924722.7530296,1751925143.0319622,batch_consumer-sts-0_20250707_215232_791398.csv,True,False,False,1751925379.8232613,657070.2316761017
65835,1751924722.753223,1751925143.0590813,batch_consumer-sts-0_20250707_215232_791398.csv,True,False,False,1751925379.8232613,657070.038318634
65845,1751924722.7534175,1751925143.0861845,batch_consumer-sts-0_20250707_215232_791398.csv,True,False,False,1751925379.8232613,657069.8437690735
65855,1751924722.7536066,1751925143.1122406,batch_consumer-sts-0_20250707_215232_791398.csv,True,False,False,1751925379.8232613,657069.6547031403
65865,1751924722.7538023,1751925143.1399136,batch_consumer-sts-0_20250707_215232_791398.csv,True,False,False,1751925379.8232613,657069.4589614868
65875,1751924722.7539978,1751925143.1675384,batch_consumer-sts-0_20250707_215232_791398.csv,True,False,False,1751925379.8232613,657069.263458252
65885,1751924722.754181,1751925143.195699,batch_consumer-sts-0_20250707_215232_791398.csv,True,False,False,1751925379.8232613,657069.0803527832
65895,1751924722.754428,1751925143.2220488,batch_consumer-sts-0_20250707_215232_791398.csv,True,False,False,1751925379.8232613,657068.8333511353
65905,1751924722.75466,1751925143.2491224,batch_consumer-sts-0_20250707_215232_791398.csv,True,False,False,1751925379.8232613,657068.6013698578
65915,1751924722.754893,1751925143.2767425,batch_consumer-sts-0_20250707_215232_791398.csv,True,False,False,1751925379.8232613,657068.3681964874
65925,1751924722.7551236,1751925143.3038738,batch_consumer-sts-0_20250707_215232_791398.csv,True,False,False,1751925379.8232613,657068.1376457214
65935,1751924722.7553723,1751925143.3309724,batch_consumer-sts-0_20250707_215232_791398.csv,True,False,False,1751925379.8232613,657067.8889751434
65945,1751924722.7555735,1751925143.35836,batch_consumer-sts-0_20250707_215232_791398.csv,True,False,False,1751925379.8232613,657067.6877498627
65955,1751924722.7557583,1751925143.385453,batch_consumer-sts-0_20250707_215232_791398.csv,True,False,False,1751925379.8232613,657067.5029754639
65965,1751924722.755963,1751925143.4119396,batch_consumer-sts-0_20250707_215232_791398.csv,True,False,False,1751925379.8232613,657067.2981739044
65975,1751924722.756183,1751925143.4391005,batch_consumer-sts-0_20250707_215232_791398.csv,True,False,False,1751925379.8232613,657067.0783519745
65985,1751924722.7564378,1751925143.4665115,batch_consumer-sts-0_20250707_215232_791398.csv,True,False,False,1751925379.8232613,657066.8234825134
65995,1751924722.7566705,1751925143.4940283,batch_consumer-sts-0_20250707_215232_791398.csv,True,False,False,1751925379.8232613,657066.5907859802
66005,1751924722.7569065,1751925143.5199776,batch_consumer-sts-0_20250707_215232_791398.csv,True,False,False,1751925379.8232613,657066.3547515869
66015,1751924722.7571385,1751925143.5474188,batch_consumer-sts-0_20250707_215232_791398.csv,True,False,False,1751925379.8232613,657066.1227703094
66025,1751924722.7573757,1751925143.573954,batch_consumer-sts-0_20250707_215232_791398.csv,True,False,False,1751925379.8232613,657065.8855438232
66035,1751924722.757612,1751925143.6002376,batch_consumer-sts-0_20250707_215232_791398.csv,True,False,False,1751925379.8232613,657065.6492710114
66045,1751924722.7578418,1751925143.6272168,batch_consumer-sts-0_20250707_215232_791398.csv,True,False,False,1751925379.8232613,657065.4194355011
66055,1751924722.7580774,1751925143.6538925,batch_consumer-sts-0_20250707_215232_791398.csv,True,False,False,1751925379.8232613,657065.183877945
66065,1751924722.758324,1751925143.6805568,batch_consumer-sts-0_20250707_215232_791398.csv,True,False,False,1751925379.8232613,657064.9373531342
66075,1751924722.758556,1751925143.7070713,batch_consumer-sts-0_20250707_215232_791398.csv,True,False,False,1751925379.8232613,657064.7053718567
66085,1751924722.7587824,1751925143.7334805,batch_consumer-sts-0_20250707_215232_791398.csv,True,False,False,1751925379.8232613,657064.4788742065
66095,1751924722.7592916,1751925143.7672715,batch_consumer-sts-0_20250707_215232_791398.csv,True,False,False,1751925379.8232613,657063.9696121216
66105,1751924722.7595272,1751925143.7938998,batch_consumer-sts-0_20250707_215232_791398.csv,True,False,False,1751925379.8232613,657063.7340545654
66115,1751924722.7597582,1751925143.8194933,batch_consumer-sts-0_20250707_215232_791398.csv,True,False,False,1751925379.8232613,657063.5030269623
66125,1751924722.759999,1751925143.8462038,batch_consumer-sts-0_20250707_215232_791398.csv,True,False,False,1751925379.8232613,657063.2622241974
66135,1751924722.7602284,1751925143.8729925,batch_consumer-sts-0_20250707_215232_791398.csv,True,False,False,1751925379.8232613,657063.0328655243
66145,1751924722.760463,1751925143.8992624,batch_consumer-sts-0_20250707_215232_791398.csv,True,False,False,1751925379.8232613,657062.7982616425
66155,1751924722.7606976,1751925143.9258082,batch_consumer-sts-0_20250707_215232_791398.csv,True,False,False,1751925379.8232613,657062.5636577606
66165,1751924722.7609298,1751925143.9528213,batch_consumer-sts-0_20250707_215232_791398.csv,True,False,False,1751925379.8232613,657062.3314380646
66175,1751924722.761166,1751925143.9803984,batch_consumer-sts-0_20250707_215232_791398.csv,True,False,False,1751925379.8232613,657062.0951652527
66185,1751924722.7614028,1751925144.0078568,batch_consumer-sts-0_20250707_215232_791398.csv,True,False,False,1751925379.8232613,657061.8584156036
66195,1751924722.761652,1751925144.0346348,batch_consumer-sts-0_20250707_215232_791398.csv,True,False,False,1751925379.8232613,657061.6092681885
66205,1751924722.7618835,1751925144.0618982,batch_consumer-sts-0_20250707_215232_791398.csv,True,False,False,1751925379.8232613,657061.3777637482
66215,1751924722.7621107,1751925144.0890696,batch_consumer-sts-0_20250707_215232_791398.csv,True,False,False,1751925379.8232613,657061.1505508423
66225,1751924722.7623503,1751925144.1148846,batch_consumer-sts-0_20250707_215232_791398.csv,True,False,False,1751925379.8232613,657060.9109401703
66235,1751924722.7625823,1751925144.1414745,batch_consumer-sts-0_20250707_215232_791398.csv,True,False,False,1751925379.8232613,657060.6789588928
66245,1751924722.7628124,1751925144.1679957,batch_consumer-sts-0_20250707_215232_791398.csv,True,False,False,1751925379.8232613,657060.448884964
66255,1751924722.7630558,1751925144.1946533,batch_consumer-sts-0_20250707_215232_791398.csv,True,False,False,1751925379.8232613,657060.2054595947
66265,1751924722.7632952,1751925144.2203636,batch_consumer-sts-0_20250707_215232_791398.csv,True,False,False,1751925379.8232613,657059.9660873413
66275,1751924722.76353,1751925144.2473392,batch_consumer-sts-0_20250707_215232_791398.csv,True,False,False,1751925379.8232613,657059.7312450409
66285,1751924722.763767,1751925144.273332,batch_consumer-sts-0_20250707_215232_791398.csv,True,False,False,1751925379.8232613,657059.4942569733
66295,1751924722.764001,1751925144.4540513,batch_consumer-sts-0_20250707_215232_791398.csv,True,False,False,1751925379.8232613,657059.2603683472
66305,1751924722.7642329,1751925144.4809484,batch_consumer-sts-0_20250707_215232_791398.csv,True,False,False,1751925379.8232613,657059.0283870697
66315,1751924722.7644725,1751925144.5061967,batch_consumer-sts-0_20250707_215232_791398.csv,True,False,False,1751925379.8232613,657058.7887763977
66325,1751924722.7647092,1751925144.5329113,batch_consumer-sts-0_20250707_215232_791398.csv,True,False,False,1751925379.8232613,657058.5520267487
66335,1751924722.7649467,1751925144.559943,batch_consumer-sts-0_20250707_215232_791398.csv,True,False,False,1751925379.8232613,657058.3145618439
66345,1751924722.7651775,1751925144.5873349,batch_consumer-sts-0_20250707_215232_791398.csv,True,False,False,1751925379.8232613,657058.0837726593
66355,1751924722.7654057,1751925144.6133146,batch_consumer-sts-0_20250707_215232_791398.csv,True,False,False,1751925379.8232613,657057.8556060791
66365,1751924722.7656393,1751925144.63975,batch_consumer-sts-0_20250707_215232_791398.csv,True,False,False,1751925379.8232613,657057.6219558716
66375,1751924722.7658668,1751925144.6667616,batch_consumer-sts-0_20250707_215232_791398.csv,True,False,False,1751925379.8232613,657057.3945045471
66385,1751924722.766111,1751925144.6942484,batch_consumer-sts-0_20250707_215232_791398.csv,True,False,False,1751925379.8232613,657057.1503639221
66395,1751924722.7663672,1751925144.7201705,batch_consumer-sts-0_20250707_215232_791398.csv,True,False,False,1751925379.8232613,657056.8940639496
66405,1751924722.7666042,1751925144.7482028,batch_consumer-sts-0_20250707_215232_791398.csv,True,False,False,1751925379.8232613,657056.657075882
66415,1751924722.7668412,1751925144.7754612,batch_consumer-sts-0_20250707_215232_791398.csv,True,False,False,1751925379.8232613,657056.4200878143
66425,1751924722.767079,1751925144.8554106,batch_consumer-sts-0_20250707_215232_791398.csv,True,False,False,1751925379.8232613,657056.1821460724
66435,1751924722.7673123,1751925144.882553,batch_consumer-sts-0_20250707_215232_791398.csv,True,False,False,1751925379.8232613,657055.948972702
66445,1751924722.7675276,1751925144.9089742,batch_consumer-sts-0_20250707_215232_791398.csv,True,False,False,1751925379.8232613,657055.7336807251
66455,1751924722.7677152,1751925145.127324,batch_consumer-sts-0_20250707_215232_791398.csv,True,False,False,1751925379.8232613,657055.5460453033
66465,1751924722.7679043,1751925145.1541388,batch_consumer-sts-0_20250707_215232_791398.csv,True,False,False,1751925379.8232613,657055.3569793701
66475,1751924722.7681005,1751925145.1819344,batch_consumer-sts-0_20250707_215232_791398.csv,True,False,False,1751925379.8232613,657055.1607608795
66485,1751924722.768299,1751925145.2079804,batch_consumer-sts-0_20250707_215232_791398.csv,True,False,False,1751925379.8232613,657054.9621582031
66495,1751924722.7684772,1751925145.2344296,batch_consumer-sts-0_20250707_215232_791398.csv,True,False,False,1751925379.8232613,657054.7840595245
66505,1751924722.768662,1751925145.2610629,batch_consumer-sts-0_20250707_215232_791398.csv,True,False,False,1751925379.8232613,657054.5992851257
66515,1751924722.7688408,1751925145.2876413,batch_consumer-sts-0_20250707_215232_791398.csv,True,False,False,1751925379.8232613,657054.4204711914
66525,1751924722.7690203,1751925145.313957,batch_consumer-sts-0_20250707_215232_791398.csv,True,False,False,1751925379.8232613,657054.2409420013
35,1751924720.8771822,1751925145.3411765,batch_consumer-sts-0_20250707_215232_791398.csv,True,True,False,1751925379.8232613,658946.0790157318
65,1751924720.878688,1751925145.367978,batch_consumer-sts-0_20250707_215232_791398.csv,True,False,False,1751925379.8232613,658944.5731639862
125,1751924720.8813658,1751925145.394835,batch_consumer-sts-0_20250707_215232_791398.csv,True,False,False,1751925379.8232613,658941.8954849243
205,1751924720.8850543,1751925145.4209456,batch_consumer-sts-0_20250707_215232_791398.csv,True,False,False,1751925379.8232613,658938.206911087
45295,1751924722.1838658,1751925145.4479256,batch_consumer-sts-0_20250707_215232_791398.csv,True,False,False,1751925379.8232613,657639.3954753876
45305,1751924722.1843262,1751925145.4748602,batch_consumer-sts-0_20250707_215232_791398.csv,True,False,False,1751925379.8232613,657638.9350891113
45315,1751924722.184704,1751925145.5019095,batch_consumer-sts-0_20250707_215232_791398.csv,True,False,False,1751925379.8232613,657638.5571956635
45325,1751924722.185098,1751925145.5287092,batch_consumer-sts-0_20250707_215232_791398.csv,True,False,False,1751925379.8232613,657638.1633281708
45335,1751924722.1854508,1751925146.557598,batch_consumer-sts-0_20250707_215232_791398.csv,True,False,False,1751925379.8232613,657637.8104686737
45345,1751924722.185834,1751925146.5859292,batch_consumer-sts-0_20250707_215232_791398.csv,True,False,False,1751925379.8232613,657637.4273300171
45355,1751924722.1862078,1751925146.6138864,batch_consumer-sts-0_20250707_215232_791398.csv,True,False,False,1751925379.8232613,657637.0534896851
45365,1751924722.186631,1751925146.6417186,batch_consumer-sts-0_20250707_215232_791398.csv,True,False,False,1751925379.8232613,657636.6302967072
45375,1751924722.1870475,1751925146.6693218,batch_consumer-sts-0_20250707_215232_791398.csv,True,False,False,1751925379.8232613,657636.2137794495
45385,1751924722.1874611,1751925146.6962726,batch_consumer-sts-0_20250707_215232_791398.csv,True,False,False,1751925379.8232613,657635.8001232147
45395,1751924722.1878605,1751925146.7227476,batch_consumer-sts-0_20250707_215232_791398.csv,True,False,False,1751925379.8232613,657635.4007720947
45405,1751924722.188276,1751925146.7509935,batch_consumer-sts-0_20250707_215232_791398.csv,True,False,False,1751925379.8232613,657634.9852085114
45415,1751924722.188685,1751925146.7782423,batch_consumer-sts-0_20250707_215232_791398.csv,True,False,False,1751925379.8232613,657634.5763206482
45425,1751924722.1890476,1751925146.8056674,batch_consumer-sts-0_20250707_215232_791398.csv,True,False,False,1751925379.8232613,657634.2136859894
45435,1751924722.189284,1751925146.8328676,batch_consumer-sts-0_20250707_215232_791398.csv,True,False,False,1751925379.8232613,657633.9771747589
45445,1751924722.1895185,1751925146.8626633,batch_consumer-sts-0_20250707_215232_791398.csv,True,False,False,1751925379.8232613,657633.7428092957
45455,1751924722.1897497,1751925146.8900487,batch_consumer-sts-0_20250707_215232_791398.csv,True,False,False,1751925379.8232613,657633.5115432739
45465,1751924722.1899738,1751925146.9166362,batch_consumer-sts-0_20250707_215232_791398.csv,True,False,False,1751925379.8232613,657633.2874298096
45475,1751924722.190214,1751925146.9441931,batch_consumer-sts-0_20250707_215232_791398.csv,True,False,False,1751925379.8232613,657633.0473423004
45485,1751924722.1904483,1751925146.9680803,batch_consumer-sts-0_20250707_215232_791398.csv,True,False,False,1751925379.8232613,657632.8129768372
45495,1751924722.1906776,1751925146.9950948,batch_consumer-sts-0_20250707_215232_791398.csv,True,False,False,1751925379.8232613,657632.5836181641
45505,1751924722.1909091,1751925147.0212402,batch_consumer-sts-0_20250707_215232_791398.csv,True,False,False,1751925379.8232613,657632.3521137238
45515,1751924722.1911423,1751925147.047727,batch_consumer-sts-0_20250707_215232_791398.csv,True,False,False,1751925379.8232613,657632.1189403534
45525,1751924722.1913714,1751925147.0750177,batch_consumer-sts-0_20250707_215232_791398.csv,True,False,False,1751925379.8232613,657631.8898200989
45535,1751924722.1916034,1751925147.1030018,batch_consumer-sts-0_20250707_215232_791398.csv,True,False,False,1751925379.8232613,657631.6578388214
45545,1751924722.191836,1751925147.1304228,batch_consumer-sts-0_20250707_215232_791398.csv,True,False,False,1751925379.8232613,657631.4251422882
45555,1751924722.192068,1751925147.160679,batch_consumer-sts-0_20250707_215232_791398.csv,True,False,False,1751925379.8232613,657631.1931610107
45565,1751924722.1923056,1751925147.1887124,batch_consumer-sts-0_20250707_215232_791398.csv,True,False,False,1751925379.8232613,657630.955696106
45575,1751924722.1925366,1751925147.215747,batch_consumer-sts-0_20250707_215232_791398.csv,True,False,False,1751925379.8232613,657630.7246685028
45585,1751924722.192772,1751925147.244338,batch_consumer-sts-0_20250707_215232_791398.csv,True,False,False,1751925379.8232613,657630.4893493652
45595,1751924722.1929972,1751925147.272419,batch_consumer-sts-0_20250707_215232_791398.csv,True,False,False,1751925379.8232613,657630.264043808
45605,1751924722.1932292,1751925147.300143,batch_consumer-sts-0_20250707_215232_791398.csv,True,False,False,1751925379.8232613,657630.0320625305
45615,1751924722.193462,1751925147.3264716,batch_consumer-sts-0_20250707_215232_791398.csv,True,False,False,1751925379.8232613,657629.7993659973
45625,1751924722.1936927,1751925147.9991136,batch_consumer-sts-0_20250707_215232_791398.csv,True,False,False,1751925379.8232613,657629.5685768127
45635,1751924722.193924,1751925148.0263844,batch_consumer-sts-0_20250707_215232_791398.csv,True,False,False,1751925379.8232613,657629.337310791
45645,1751924722.1941483,1751925148.0536587,batch_consumer-sts-0_20250707_215232_791398.csv,True,False,False,1751925379.8232613,657629.1129589081
45655,1751924722.1943872,1751925148.081118,batch_consumer-sts-0_20250707_215232_791398.csv,True,False,False,1751925379.8232613,657628.8740634918
45665,1751924722.194626,1751925148.103146,batch_consumer-sts-0_20250707_215232_791398.csv,True,False,False,1751925379.8232613,657628.6351680756
45675,1751924722.1948624,1751925148.130031,batch_consumer-sts-0_20250707_215232_791398.csv,True,False,False,1751925379.8232613,657628.3988952637
45685,1751924722.195094,1751925148.156952,batch_consumer-sts-0_20250707_215232_791398.csv,True,False,False,1751925379.8232613,657628.1671524048
45695,1751924722.1953251,1751925148.184142,batch_consumer-sts-0_20250707_215232_791398.csv,True,False,False,1751925379.8232613,657627.9361248016
45705,1751924722.1955523,1751925148.20914,batch_consumer-sts-0_20250707_215232_791398.csv,True,False,False,1751925379.8232613,657627.7089118958
45715,1751924722.1957896,1751925148.2360277,batch_consumer-sts-0_20250707_215232_791398.csv,True,False,False,1751925379.8232613,657627.4716854095
45725,1751924722.1960492,1751925148.2627988,batch_consumer-sts-0_20250707_215232_791398.csv,True,False,False,1751925379.8232613,657627.2120475769
45735,1751924722.1962862,1751925148.2899585,batch_consumer-sts-0_20250707_215232_791398.csv,True,False,False,1751925379.8232613,657626.9750595093
45745,1751924722.1965115,1751925148.31622,batch_consumer-sts-0_20250707_215232_791398.csv,True,False,False,1751925379.8232613,657626.749753952
45755,1751924722.1967428,1751925148.3432858,batch_consumer-sts-0_20250707_215232_791398.csv,True,False,False,1751925379.8232613,657626.5184879303
45765,1751924722.1969748,1751925148.3702457,batch_consumer-sts-0_20250707_215232_791398.csv,True,False,False,1751925379.8232613,657626.2865066528
45775,1751924722.1972091,1751925148.3976245,batch_consumer-sts-0_20250707_215232_791398.csv,True,False,False,1751925379.8232613,657626.0521411896
45785,1751924722.197436,1751925148.424427,batch_consumer-sts-0_20250707_215232_791398.csv,True,False,False,1751925379.8232613,657625.8251667023
45795,1751924722.1976671,1751925148.451856,batch_consumer-sts-0_20250707_215232_791398.csv,True,False,False,1751925379.8232613,657625.5941390991
45805,1751924722.197896,1751925148.4793935,batch_consumer-sts-0_20250707_215232_791398.csv,True,False,False,1751925379.8232613,657625.3652572632
45815,1751924722.19813,1751925148.5062797,batch_consumer-sts-0_20250707_215232_791398.csv,True,False,False,1751925379.8232613,657625.1313686371
45825,1751924722.198372,1751925148.5334024,batch_consumer-sts-0_20250707_215232_791398.csv,True,False,False,1751925379.8232613,657624.8893737793
45835,1751924722.1986055,1751925148.5600362,batch_consumer-sts-0_20250707_215232_791398.csv,True,False,False,1751925379.8232613,657624.6557235718
45845,1751924722.1988297,1751925148.587288,batch_consumer-sts-0_20250707_215232_791398.csv,True,False,False,1751925379.8232613,657624.4316101074
45855,1751924722.1990736,1751925148.6144564,batch_consumer-sts-0_20250707_215232_791398.csv,True,False,False,1751925379.8232613,657624.187707901
45865,1751924722.1993122,1751925148.6425648,batch_consumer-sts-0_20250707_215232_791398.csv,True,False,False,1751925379.8232613,657623.9490509033
45875,1751924722.1995418,1751925148.6693292,batch_consumer-sts-0_20250707_215232_791398.csv,True,False,False,1751925379.8232613,657623.7194538116
45885,1751924722.199769,1751925148.695932,batch_consumer-sts-0_20250707_215232_791398.csv,True,False,False,1751925379.8232613,657623.4922409058
45895,1751924722.2000072,1751925148.722653,batch_consumer-sts-0_20250707_215232_791398.csv,True,False,False,1751925379.8232613,657623.2540607452
45905,1751924722.2002392,1751925148.7497494,batch_consumer-sts-0_20250707_215232_791398.csv,True,False,False,1751925379.8232613,657623.0220794678
45915,1751924722.2004702,1751925148.7768655,batch_consumer-sts-0_20250707_215232_791398.csv,True,False,False,1751925379.8232613,657622.7910518646
45925,1751924722.2007155,1751925148.8036942,batch_consumer-sts-0_20250707_215232_791398.csv,True,False,False,1751925379.8232613,657622.5457191467
45935,1751924722.2009077,1751925148.8305488,batch_consumer-sts-0_20250707_215232_791398.csv,True,False,False,1751925379.8232613,657622.353553772
45945,1751924722.2010946,1751925148.8573315,batch_consumer-sts-0_20250707_215232_791398.csv,True,False,False,1751925379.8232613,657622.166633606
45955,1751924722.2012773,1751925148.883951,batch_consumer-sts-0_20250707_215232_791398.csv,True,False,False,1751925379.8232613,657621.9840049744
45965,1751924722.2014704,1751925148.9107163,batch_consumer-sts-0_20250707_215232_791398.csv,True,False,False,1751925379.8232613,657621.7908859253
45975,1751924722.2016916,1751925148.9380355,batch_consumer-sts-0_20250707_215232_791398.csv,True,False,False,1751925379.8232613,657621.5696334839
45985,1751924722.2019284,1751925148.9654837,batch_consumer-sts-0_20250707_215232_791398.csv,True,False,False,1751925379.8232613,657621.3328838348
45995,1751924722.2021718,1751925148.992608,batch_consumer-sts-0_20250707_215232_791398.csv,True,False,False,1751925379.8232613,657621.0894584656
46005,1751924722.2024,1751925149.0195303,batch_consumer-sts-0_20250707_215232_791398.csv,True,False,False,1751925379.8232613,657620.8612918854
46015,1751924722.20263,1751925149.0465827,batch_consumer-sts-0_20250707_215232_791398.csv,True,False,False,1751925379.8232613,657620.6312179565
46025,1751924722.2028563,1751925149.0737011,batch_consumer-sts-0_20250707_215232_791398.csv,True,False,False,1751925379.8232613,657620.404958725
46035,1751924722.2030847,1751925149.1007245,batch_consumer-sts-0_20250707_215232_791398.csv,True,False,False,1751925379.8232613,657620.1765537262
46045,1751924722.203312,1751925149.1276264,batch_consumer-sts-0_20250707_215232_791398.csv,True,False,False,1751925379.8232613,657619.9493408203
46055,1751924722.2035418,1751925149.1551435,batch_consumer-sts-0_20250707_215232_791398.csv,True,False,False,1751925379.8232613,657619.7195053101
46065,1751924722.2037802,1751925149.18237,batch_consumer-sts-0_20250707_215232_791398.csv,True,False,False,1751925379.8232613,657619.481086731
46075,1751924722.204006,1751925149.2092178,batch_consumer-sts-0_20250707_215232_791398.csv,True,False,False,1751925379.8232613,657619.2553043365
46085,1751924722.2042284,1751925149.2362826,batch_consumer-sts-0_20250707_215232_791398.csv,True,False,False,1751925379.8232613,657619.0328598022
46095,1751924722.2044551,1751925149.2636566,batch_consumer-sts-0_20250707_215232_791398.csv,True,False,False,1751925379.8232613,657618.8061237335
46105,1751924722.2046845,1751925149.2904606,batch_consumer-sts-0_20250707_215232_791398.csv,True,False,False,1751925379.8232613,657618.5767650604
46115,1751924722.2049198,1751925149.316451,batch_consumer-sts-0_20250707_215232_791398.csv,True,False,False,1751925379.8232613,657618.3414459229
46125,1751924722.2051468,1751925149.3436258,batch_consumer-sts-0_20250707_215232_791398.csv,True,False,False,1751925379.8232613,657618.1144714355
46135,1751924722.205375,1751925149.3706694,batch_consumer-sts-0_20250707_215232_791398.csv,True,False,False,1751925379.8232613,657617.8863048553
46145,1751924722.2056036,1751925149.5087097,batch_consumer-sts-0_20250707_215232_791398.csv,True,False,False,1751925379.8232613,657617.657661438
46155,1751924722.205834,1751925149.535291,batch_consumer-sts-0_20250707_215232_791398.csv,True,False,False,1751925379.8232613,657617.4273490906
46165,1751924722.2060657,1751925149.5622249,batch_consumer-sts-0_20250707_215232_791398.csv,True,False,False,1751925379.8232613,657617.1956062317
46175,1751924722.2062984,1751925149.5909376,batch_consumer-sts-0_20250707_215232_791398.csv,True,False,False,1751925379.8232613,657616.9629096985
46185,1751924722.2065544,1751925149.6164153,batch_consumer-sts-0_20250707_215232_791398.csv,True,False,False,1751925379.8232613,657616.7068481445
46195,1751924722.2067828,1751925149.6436858,batch_consumer-sts-0_20250707_215232_791398.csv,True,False,False,1751925379.8232613,657616.4784431458
46205,1751924722.20701,1751925149.6706395,batch_consumer-sts-0_20250707_215232_791398.csv,True,False,False,1751925379.8232613,657616.2512302399
46215,1751924722.207236,1751925149.6974812,batch_consumer-sts-0_20250707_215232_791398.csv,True,False,False,1751925379.8232613,657616.0252094269
46225,1751924722.207487,1751925149.7244675,batch_consumer-sts-0_20250707_215232_791398.csv,True,False,False,1751925379.8232613,657615.7741546631
46235,1751924722.207725,1751925149.7513213,batch_consumer-sts-0_20250707_215232_791398.csv,True,False,False,1751925379.8232613,657615.5362129211
46245,1751924722.207974,1751925149.7793784,batch_consumer-sts-0_20250707_215232_791398.csv,True,False,False,1751925379.8232613,657615.2873039246
46255,1751924722.2082074,1751925149.8064048,batch_consumer-sts-0_20250707_215232_791398.csv,True,False,False,1751925379.8232613,657615.0538921356
46265,1751924722.208441,1751925149.8330915,batch_consumer-sts-0_20250707_215232_791398.csv,True,False,False,1751925379.8232613,657614.8202419281
46275,1751924722.2086844,1751925149.8599117,batch_consumer-sts-0_20250707_215232_791398.csv,True,False,False,1751925379.8232613,657614.5768165588
46285,1751924722.208916,1751925149.8869069,batch_consumer-sts-0_20250707_215232_791398.csv,True,False,False,1751925379.8232613,657614.3453121185
46295,1751924722.209145,1751925149.9875903,batch_consumer-sts-0_20250707_215232_791398.csv,True,False,False,1751925379.8232613,657614.116191864
46305,1751924722.2093716,1751925150.0154805,batch_consumer-sts-0_20250707_215232_791398.csv,True,False,False,1751925379.8232613,657613.8896942139
46315,1751924722.2096,1751925150.0426164,batch_consumer-sts-0_20250707_215232_791398.csv,True,False,False,1751925379.8232613,657613.6612892151
46325,1751924722.209824,1751925150.416592,batch_consumer-sts-0_20250707_215232_791398.csv,True,False,False,1751925379.8232613,657613.4371757507
46335,1751924722.2100525,1751925150.4464295,batch_consumer-sts-0_20250707_215232_791398.csv,True,False,False,1751925379.8232613,657613.208770752
46345,1751924722.211249,1751925150.4749975,batch_consumer-sts-0_20250707_215232_791398.csv,True,False,False,1751925379.8232613,657612.0121479034
46355,1751924722.2114823,1751925150.500713,batch_consumer-sts-0_20250707_215232_791398.csv,True,False,False,1751925379.8232613,657611.7789745331
46365,1751924722.2117128,1751925150.5274217,batch_consumer-sts-0_20250707_215232_791398.csv,True,False,False,1751925379.8232613,657611.5484237671
46375,1751924722.2119436,1751925150.554078,batch_consumer-sts-0_20250707_215232_791398.csv,True,False,False,1751925379.8232613,657611.3176345825
46385,1751924722.2121823,1751925150.5797286,batch_consumer-sts-0_20250707_215232_791398.csv,True,False,False,1751925379.8232613,657611.0789775848
46395,1751924722.2124178,1751925150.6061149,batch_consumer-sts-0_20250707_215232_791398.csv,True,False,False,1751925379.8232613,657610.8434200287
46405,1751924722.2126553,1751925150.631492,batch_consumer-sts-0_20250707_215232_791398.csv,True,False,False,1751925379.8232613,657610.6059551239
46415,1751924722.2129087,1751925150.658133,batch_consumer-sts-0_20250707_215232_791398.csv,True,False,False,1751925379.8232613,657610.3525161743
46425,1751924722.213138,1751925150.6851635,batch_consumer-sts-0_20250707_215232_791398.csv,True,False,False,1751925379.8232613,657610.1231575012
46435,1751924722.2133653,1751925150.712168,batch_consumer-sts-0_20250707_215232_791398.csv,True,False,False,1751925379.8232613,657609.8959445953
46445,1751924722.2135863,1751925150.7388358,batch_consumer-sts-0_20250707_215232_791398.csv,True,False,False,1751925379.8232613,657609.6749305725
46455,1751924722.2138147,1751925150.765651,batch_consumer-sts-0_20250707_215232_791398.csv,True,False,False,1751925379.8232613,657609.4465255737
46465,1751924722.2140377,1751925150.7924628,batch_consumer-sts-0_20250707_215232_791398.csv,True,False,False,1751925379.8232613,657609.2236042023
46475,1751924722.214278,1751925150.818904,batch_consumer-sts-0_20250707_215232_791398.csv,True,False,False,1751925379.8232613,657608.9832782745
46485,1751924722.2145069,1751925150.8457203,batch_consumer-sts-0_20250707_215232_791398.csv,True,False,False,1751925379.8232613,657608.7543964386
46495,1751924722.2147467,1751925150.8728435,batch_consumer-sts-0_20250707_215232_791398.csv,True,False,False,1751925379.8232613,657608.514547348
46505,1751924722.2149806,1751925150.8997784,batch_consumer-sts-0_20250707_215232_791398.csv,True,False,False,1751925379.8232613,657608.2806587219
46515,1751924722.215211,1751925150.9267385,batch_consumer-sts-0_20250707_215232_791398.csv,True,False,False,1751925379.8232613,657608.0503463745
46525,1751924722.2154448,1751925150.954119,batch_consumer-sts-0_20250707_215232_791398.csv,True,False,False,1751925379.8232613,657607.8164577484
46535,1751924722.215699,1751925151.9816957,batch_consumer-sts-0_20250707_215232_791398.csv,True,False,False,1751925379.8232613,657607.5623035431
46545,1751924722.2158842,1751925152.009109,batch_consumer-sts-0_20250707_215232_791398.csv,True,False,False,1751925379.8232613,657607.3770523071
46555,1751924722.2160704,1751925152.036477,batch_consumer-sts-0_20250707_215232_791398.csv,True,False,False,1751925379.8232613,657607.1908473969
46565,1751924722.21626,1751925152.063727,batch_consumer-sts-0_20250707_215232_791398.csv,True,False,False,1751925379.8232613,657607.0013046265
46575,1751924722.2164462,1751925152.091332,batch_consumer-sts-0_20250707_215232_791398.csv,True,False,False,1751925379.8232613,657606.8150997162
46585,1751924722.2166383,1751925152.1183643,batch_consumer-sts-0_20250707_215232_791398.csv,True,False,False,1751925379.8232613,657606.6229343414
46595,1751924722.2168832,1751925152.1457138,batch_consumer-sts-0_20250707_215232_791398.csv,True,False,False,1751925379.8232613,657606.3780784607
46605,1751924722.2171235,1751925152.173236,batch_consumer-sts-0_20250707_215232_791398.csv,True,False,False,1751925379.8232613,657606.137752533
46615,1751924722.2173555,1751925152.204362,batch_consumer-sts-0_20250707_215232_791398.csv,True,False,False,1751925379.8232613,657605.9057712555
46625,1751924722.2175865,1751925152.2318745,batch_consumer-sts-0_20250707_215232_791398.csv,True,False,False,1751925379.8232613,657605.6747436523
66535,1751924722.769196,1751925152.259561,batch_consumer-sts-0_20250707_215232_791398.csv,True,False,False,1751925379.8232613,657054.0652275085
66545,1751924722.769376,1751925152.2873788,batch_consumer-sts-0_20250707_215232_791398.csv,True,False,False,1751925379.8232613,657053.8852214813
66555,1751924722.7695577,1751925152.3143313,batch_consumer-sts-0_20250707_215232_791398.csv,True,False,False,1751925379.8232613,657053.703546524
66565,1751924722.7697363,1751925152.3419144,batch_consumer-sts-0_20250707_215232_791398.csv,True,False,False,1751925379.8232613,657053.5249710083
66575,1751924722.7699182,1751925152.3695807,batch_consumer-sts-0_20250707_215232_791398.csv,True,False,False,1751925379.8232613,657053.3430576324
66585,1751924722.7701,1751925152.3970375,batch_consumer-sts-0_20250707_215232_791398.csv,True,False,False,1751925379.8232613,657053.1611442566
66595,1751924722.7703347,1751925152.4249997,batch_consumer-sts-0_20250707_215232_791398.csv,True,False,False,1751925379.8232613,657052.9265403748
66605,1751924722.7705662,1751925152.452424,batch_consumer-sts-0_20250707_215232_791398.csv,True,False,False,1751925379.8232613,657052.6950359344
66615,1751924722.7708008,1751925152.7347069,batch_consumer-sts-0_20250707_215232_791398.csv,True,False,False,1751925379.8232613,657052.4604320526
66625,1751924722.7710264,1751925152.762857,batch_consumer-sts-0_20250707_215232_791398.csv,True,False,False,1751925379.8232613,657052.2348880768
66635,1751924722.7712643,1751925152.9843016,batch_consumer-sts-0_20250707_215252_640763.csv,True,False,False,1751925379.8232613,657051.9969463348
66645,1751924722.7715049,1751925153.0116355,batch_consumer-sts-0_20250707_215252_640763.csv,True,False,False,1751925379.8232613,657051.7563819885
66655,1751924722.7717314,1751925153.0389888,batch_consumer-sts-0_20250707_215252_640763.csv,True,False,False,1751925379.8232613,657051.5298843384
66665,1751924722.7719607,1751925153.0675108,batch_consumer-sts-0_20250707_215252_640763.csv,True,False,False,1751925379.8232613,657051.3005256653
66675,1751924722.7721856,1751925153.0949705,batch_consumer-sts-0_20250707_215252_640763.csv,True,False,False,1751925379.8232613,657051.0756969452
66685,1751924722.772418,1751925153.1223755,batch_consumer-sts-0_20250707_215252_640763.csv,True,False,False,1751925379.8232613,657050.8432388306
66695,1751924722.772656,1751925153.1502447,batch_consumer-sts-0_20250707_215252_640763.csv,True,False,False,1751925379.8232613,657050.6052970886
66705,1751924722.7728834,1751925153.1779752,batch_consumer-sts-0_20250707_215252_640763.csv,True,False,False,1751925379.8232613,657050.3778457642
66715,1751924722.7731192,1751925153.2062433,batch_consumer-sts-0_20250707_215252_640763.csv,True,False,False,1751925379.8232613,657050.1420497894
66725,1751924722.7733488,1751925153.235583,batch_consumer-sts-0_20250707_215252_640763.csv,True,False,False,1751925379.8232613,657049.9124526978
66735,1751924722.7735827,1751925153.2635646,batch_consumer-sts-0_20250707_215252_640763.csv,True,False,False,1751925379.8232613,657049.6785640717
66745,1751924722.7738156,1751925153.2913885,batch_consumer-sts-0_20250707_215252_640763.csv,True,False,False,1751925379.8232613,657049.4456291199
66755,1751924722.7740457,1751925153.3180945,batch_consumer-sts-0_20250707_215252_640763.csv,True,False,False,1751925379.8232613,657049.215555191
66765,1751924722.7742853,1751925153.345145,batch_consumer-sts-0_20250707_215252_640763.csv,True,False,False,1751925379.8232613,657048.975944519
66775,1751924722.7745152,1751925153.3721745,batch_consumer-sts-0_20250707_215252_640763.csv,True,False,False,1751925379.8232613,657048.7461090088
66785,1751924722.7747722,1751925153.3990974,batch_consumer-sts-0_20250707_215252_640763.csv,True,False,False,1751925379.8232613,657048.4890937805
66795,1751924722.7750013,1751925153.4257588,batch_consumer-sts-0_20250707_215252_640763.csv,True,False,False,1751925379.8232613,657048.259973526
66805,1751924722.775237,1751925153.4527793,batch_consumer-sts-0_20250707_215252_640763.csv,True,False,False,1751925379.8232613,657048.0241775513
66815,1751924722.7754624,1751925153.479966,batch_consumer-sts-0_20250707_215252_640763.csv,True,False,False,1751925379.8232613,657047.798871994
66825,1751924722.7756958,1751925153.5065656,batch_consumer-sts-0_20250707_215252_640763.csv,True,False,False,1751925379.8232613,657047.5654602051
66835,1751924722.7759278,1751925153.5339568,batch_consumer-sts-0_20250707_215252_640763.csv,True,False,False,1751925379.8232613,657047.3334789276
66845,1751924722.7761528,1751925153.557452,batch_consumer-sts-0_20250707_215252_640763.csv,True,False,False,1751925379.8232613,657047.1084117889
66855,1751924722.7763796,1751925153.5843625,batch_consumer-sts-0_20250707_215252_640763.csv,True,False,False,1751925379.8232613,657046.8816757202
66865,1751924722.7766042,1751925153.610708,batch_consumer-sts-0_20250707_215252_640763.csv,True,False,False,1751925379.8232613,657046.6570854187
66875,1751924722.7768536,1751925153.6377168,batch_consumer-sts-0_20250707_215252_640763.csv,True,False,False,1751925379.8232613,657046.407699585
66885,1751924722.7770844,1751925153.6662023,batch_consumer-sts-0_20250707_215252_640763.csv,True,False,False,1751925379.8232613,657046.1769104004
66895,1751924722.7773194,1751925153.6937788,batch_consumer-sts-0_20250707_215252_640763.csv,True,False,False,1751925379.8232613,657045.9418296814
66905,1751924722.7775557,1751925153.7202663,batch_consumer-sts-0_20250707_215252_640763.csv,True,False,False,1751925379.8232613,657045.7055568695
66915,1751924722.7777846,1751925153.7473145,batch_consumer-sts-0_20250707_215252_640763.csv,True,False,False,1751925379.8232613,657045.4766750336
66925,1751924722.7780132,1751925153.774401,batch_consumer-sts-0_20250707_215252_640763.csv,True,False,False,1751925379.8232613,657045.2480316162
66935,1751924722.7782588,1751925153.8022523,batch_consumer-sts-0_20250707_215252_640763.csv,True,False,False,1751925379.8232613,657045.0024604797
66945,1751924722.7784894,1751925153.832199,batch_consumer-sts-0_20250707_215252_640763.csv,True,False,False,1751925379.8232613,657044.7719097137
66955,1751924722.778727,1751925153.860968,batch_consumer-sts-0_20250707_215252_640763.csv,True,False,False,1751925379.8232613,657044.5342063904
66965,1751924722.7789595,1751925153.8908784,batch_consumer-sts-0_20250707_215252_640763.csv,True,False,False,1751925379.8232613,657044.3017482758
66975,1751924722.779194,1751925153.9170291,batch_consumer-sts-0_20250707_215252_640763.csv,True,False,False,1751925379.8232613,657044.0671443939
66985,1751924722.7794328,1751925153.9445684,batch_consumer-sts-0_20250707_215252_640763.csv,True,False,False,1751925379.8232613,657043.8284873962
66995,1751924722.779672,1751925153.9736953,batch_consumer-sts-0_20250707_215252_640763.csv,True,False,False,1751925379.8232613,657043.5893535614
67005,1751924722.7799056,1751925154.0006878,batch_consumer-sts-0_20250707_215252_640763.csv,True,False,False,1751925379.8232613,657043.3557033539
67015,1751924722.7801366,1751925154.0282865,batch_consumer-sts-0_20250707_215252_640763.csv,True,False,False,1751925379.8232613,657043.1246757507
67025,1751924722.7803717,1751925154.056928,batch_consumer-sts-0_20250707_215252_640763.csv,True,False,False,1751925379.8232613,657042.8895950317
67035,1751924722.7806034,1751925154.0845623,batch_consumer-sts-0_20250707_215252_640763.csv,True,False,False,1751925379.8232613,657042.6578521729
67045,1751924722.7808342,1751925154.1114244,batch_consumer-sts-0_20250707_215252_640763.csv,True,False,False,1751925379.8232613,657042.4270629883
67055,1751924722.781057,1751925154.1385362,batch_consumer-sts-0_20250707_215252_640763.csv,True,False,False,1751925379.8232613,657042.2043800354
67065,1751924722.7812915,1751925154.1654596,batch_consumer-sts-0_20250707_215252_640763.csv,True,False,False,1751925379.8232613,657041.9697761536
67075,1751924722.7815418,1751925154.1923034,batch_consumer-sts-0_20250707_215252_640763.csv,True,False,False,1751925379.8232613,657041.7194366455
67085,1751924722.781726,1751925154.2185774,batch_consumer-sts-0_20250707_215252_640763.csv,True,False,False,1751925379.8232613,657041.5353775024
67095,1751924722.7819057,1751925154.2451935,batch_consumer-sts-0_20250707_215252_640763.csv,True,False,False,1751925379.8232613,657041.3556098938
67105,1751924722.7820835,1751925154.2718296,batch_consumer-sts-0_20250707_215252_640763.csv,True,False,False,1751925379.8232613,657041.1777496338
67115,1751924722.7823074,1751925154.298582,batch_consumer-sts-0_20250707_215252_640763.csv,True,False,False,1751925379.8232613,657040.953874588
67125,1751924722.7825332,1751925154.3252847,batch_consumer-sts-0_20250707_215252_640763.csv,True,False,False,1751925379.8232613,657040.7280921936
67135,1751924722.7827656,1751925154.3519228,batch_consumer-sts-0_20250707_215252_640763.csv,True,False,False,1751925379.8232613,657040.495634079
67145,1751924722.7829936,1751925154.3785868,batch_consumer-sts-0_20250707_215252_640763.csv,True,False,False,1751925379.8232613,657040.2677059174
67155,1751924722.783221,1751925154.405305,batch_consumer-sts-0_20250707_215252_640763.csv,True,False,False,1751925379.8232613,657040.0402545929
67165,1751924722.7834654,1751925154.4322305,batch_consumer-sts-0_20250707_215252_640763.csv,True,False,False,1751925379.8232613,657039.7958755493
67175,1751924722.7836492,1751925154.4595716,batch_consumer-sts-0_20250707_215252_640763.csv,True,False,False,1751925379.8232613,657039.6120548248
67185,1751924722.783828,1751925154.487245,batch_consumer-sts-0_20250707_215252_640763.csv,True,False,False,1751925379.8232613,657039.4332408905
67195,1751924722.784007,1751925154.8178017,batch_consumer-sts-0_20250707_215252_640763.csv,True,False,False,1751925379.8232613,657039.2541885376
67205,1751924722.784185,1751925154.844483,batch_consumer-sts-0_20250707_215252_640763.csv,True,False,False,1751925379.8232613,657039.0763282776
67215,1751924722.784366,1751925154.8725462,batch_consumer-sts-0_20250707_215252_640763.csv,True,False,False,1751925379.8232613,657038.895368576
67225,1751924722.784544,1751925154.8998845,batch_consumer-sts-0_20250707_215252_640763.csv,True,False,False,1751925379.8232613,657038.7172698975
67235,1751924722.7847257,1751925154.9271228,batch_consumer-sts-0_20250707_215252_640763.csv,True,False,False,1751925379.8232613,657038.5355949402
67245,1751924722.7849064,1751925154.954605,batch_consumer-sts-0_20250707_215252_640763.csv,True,False,False,1751925379.8232613,657038.3548736572
67255,1751924722.7850804,1751925154.9812944,batch_consumer-sts-0_20250707_215252_640763.csv,True,False,False,1751925379.8232613,657038.1808280945
67265,1751924722.7852616,1751925155.008064,batch_consumer-sts-0_20250707_215252_640763.csv,True,False,False,1751925379.8232613,657037.9996299744
67275,1751924722.785442,1751925155.0746756,batch_consumer-sts-0_20250707_215252_640763.csv,True,False,False,1751925379.8232613,657037.81914711
67285,1751924722.7856226,1751925155.1014626,batch_consumer-sts-0_20250707_215252_640763.csv,True,False,False,1751925379.8232613,657037.6386642456
67295,1751924722.7858045,1751925155.1281736,batch_consumer-sts-0_20250707_215252_640763.csv,True,False,False,1751925379.8232613,657037.4567508698
67305,1751924722.7859907,1751925155.1563418,batch_consumer-sts-0_20250707_215252_640763.csv,True,False,False,1751925379.8232613,657037.2705459595
100845,1751924724.1471117,1751925155.1831453,batch_consumer-sts-0_20250707_215252_640763.csv,True,False,False,1751925379.8232613,655676.1496067047
100855,1751924724.147477,1751925155.209596,batch_consumer-sts-0_20250707_215252_640763.csv,True,False,False,1751925379.8232613,655675.7843494415
100865,1751924724.1478057,1751925155.2367454,batch_consumer-sts-0_20250707_215252_640763.csv,True,False,False,1751925379.8232613,655675.455570221
100875,1751924724.1481323,1751925155.263513,batch_consumer-sts-0_20250707_215252_640763.csv,True,False,False,1751925379.8232613,655675.1289367676
100885,1751924724.148479,1751925155.2908463,batch_consumer-sts-0_20250707_215252_640763.csv,True,False,False,1751925379.8232613,655674.7822761536
100895,1751924724.1487868,1751925155.3172069,batch_consumer-sts-0_20250707_215252_640763.csv,True,False,False,1751925379.8232613,655674.474477768
100905,1751924724.1491184,1751925155.3441432,batch_consumer-sts-0_20250707_215252_640763.csv,True,False,False,1751925379.8232613,655674.1428375244
100915,1751924724.14947,1751925155.371258,batch_consumer-sts-0_20250707_215252_640763.csv,True,False,False,1751925379.8232613,655673.7911701202
100925,1751924724.149813,1751925155.399343,batch_consumer-sts-0_20250707_215252_640763.csv,True,False,False,1751925379.8232613,655673.4483242035
100935,1751924724.1500804,1751925155.4304066,batch_consumer-sts-0_20250707_215252_640763.csv,True,False,False,1751925379.8232613,655673.1808185577
100945,1751924724.1504445,1751925155.4578145,batch_consumer-sts-0_20250707_215252_640763.csv,True,False,False,1751925379.8232613,655672.8167533875
100955,1751924724.1507862,1751925155.6684394,batch_consumer-sts-0_20250707_215252_640763.csv,True,False,False,1751925379.8232613,655672.4750995636
100965,1751924724.1510873,1751925155.6956756,batch_consumer-sts-0_20250707_215252_640763.csv,True,False,False,1751925379.8232613,655672.1739768982
100975,1751924724.151407,1751925155.7212403,batch_consumer-sts-0_20250707_215252_640763.csv,True,False,False,1751925379.8232613,655671.8542575836
100985,1751924724.1517606,1751925155.7481112,batch_consumer-sts-0_20250707_215252_640763.csv,True,False,False,1751925379.8232613,655671.5006828308
100995,1751924724.1520846,1751925155.775263,batch_consumer-sts-0_20250707_215252_640763.csv,True,False,False,1751925379.8232613,655671.1766719818
101005,1751924724.152429,1751925155.802207,batch_consumer-sts-0_20250707_215252_640763.csv,True,False,False,1751925379.8232613,655670.832157135
101015,1751924724.1527069,1751925155.8293786,batch_consumer-sts-0_20250707_215252_640763.csv,True,False,False,1751925379.8232613,655670.5543994904
101025,1751924724.15302,1751925155.8568428,batch_consumer-sts-0_20250707_215252_640763.csv,True,False,False,1751925379.8232613,655670.241355896
101035,1751924724.1532636,1751925155.8839474,batch_consumer-sts-0_20250707_215252_640763.csv,True,False,False,1751925379.8232613,655669.9976921082
101045,1751924724.1535072,1751925155.910746,batch_consumer-sts-0_20250707_215252_640763.csv,True,False,False,1751925379.8232613,655669.7540283203
101055,1751924724.153749,1751925155.9378145,batch_consumer-sts-0_20250707_215252_640763.csv,True,False,False,1751925379.8232613,655669.5122718811
111115,1751924729.138756,1751925155.9689908,batch_consumer-sts-0_20250707_215252_640763.csv,True,False,False,1751925379.8232613,650684.5052242279
111125,1751924729.139004,1751925155.996166,batch_consumer-sts-0_20250707_215252_640763.csv,True,False,False,1751925379.8232613,650684.2572689056
111135,1751924729.1392162,1751925156.0363662,batch_consumer-sts-0_20250707_215252_640763.csv,True,False,False,1751925379.8232613,650684.0450763702
111145,1751924729.1394386,1751925156.0637386,batch_consumer-sts-0_20250707_215252_640763.csv,True,False,False,1751925379.8232613,650683.8226318359
111155,1751924729.1396544,1751925156.0905726,batch_consumer-sts-0_20250707_215252_640763.csv,True,False,False,1751925379.8232613,650683.6068630219
111165,1751924729.13987,1751925156.117071,batch_consumer-sts-0_20250707_215252_640763.csv,True,False,False,1751925379.8232613,650683.3913326263
111175,1751924729.140079,1751925156.1443105,batch_consumer-sts-0_20250707_215252_640763.csv,True,False,False,1751925379.8232613,650683.1822395325
111185,1751924729.1402872,1751925156.1710348,batch_consumer-sts-0_20250707_215252_640763.csv,True,False,False,1751925379.8232613,650682.9741001129
111195,1751924729.140496,1751925156.1980526,batch_consumer-sts-0_20250707_215252_640763.csv,True,False,False,1751925379.8232613,650682.7652454376
111205,1751924729.1406963,1751925156.2255611,batch_consumer-sts-0_20250707_215252_640763.csv,True,False,False,1751925379.8232613,650682.5649738312
119285,1751924733.2414713,1751925157.2540853,batch_consumer-sts-0_20250707_215252_640763.csv,True,False,False,1751925379.8232613,646581.789970398
119295,1751924733.2419534,1751925157.2809443,batch_consumer-sts-0_20250707_215252_640763.csv,True,False,False,1751925379.8232613,646581.307888031
119305,1751924733.24244,1751925157.3086524,batch_consumer-sts-0_20250707_215252_640763.csv,True,False,False,1751925379.8232613,646580.8212757111
119315,1751924733.24291,1751925157.3359263,batch_consumer-sts-0_20250707_215252_640763.csv,True,False,False,1751925379.8232613,646580.3513526917
119325,1751924733.2433753,1751925157.3631475,batch_consumer-sts-0_20250707_215252_640763.csv,True,False,False,1751925379.8232613,646579.8859596252
119335,1751924733.243827,1751925157.3911088,batch_consumer-sts-0_20250707_215252_640763.csv,True,False,False,1751925379.8232613,646579.4341564178
119345,1751924733.244279,1751925157.4177504,batch_consumer-sts-0_20250707_215252_640763.csv,True,False,False,1751925379.8232613,646578.9823532104
119355,1751924733.2447386,1751925157.4453158,batch_consumer-sts-0_20250707_215252_640763.csv,True,False,False,1751925379.8232613,646578.5226821899
119365,1751924733.245198,1751925157.472819,batch_consumer-sts-0_20250707_215252_640763.csv,True,False,False,1751925379.8232613,646578.063249588
119375,1751924733.2459118,1751925157.5001595,batch_consumer-sts-0_20250707_215252_640763.csv,True,False,False,1751925379.8232613,646577.3494243622
119385,1751924733.2463777,1751925157.5272434,batch_consumer-sts-0_20250707_215252_640763.csv,True,False,False,1751925379.8232613,646576.8835544586
119395,1751924733.246837,1751925157.554366,batch_consumer-sts-0_20250707_215252_640763.csv,True,False,False,1751925379.8232613,646576.4243602753
119405,1751924733.2473435,1751925157.5807674,batch_consumer-sts-0_20250707_215252_640763.csv,True,False,False,1751925379.8232613,646575.9177207947
119415,1751924733.2477255,1751925158.18832,batch_consumer-sts-0_20250707_215252_640763.csv,True,False,False,1751925379.8232613,646575.535774231
119425,1751924733.248,1751925158.214374,batch_consumer-sts-0_20250707_215252_640763.csv,True,False,False,1751925379.8232613,646575.2613544464
119435,1751924733.248244,1751925158.243051,batch_consumer-sts-0_20250707_215252_640763.csv,True,False,False,1751925379.8232613,646575.0172138214
119445,1751924733.248678,1751925158.2729728,batch_consumer-sts-0_20250707_215252_640763.csv,True,False,False,1751925379.8232613,646574.5832920074
119455,1751924733.2489223,1751925158.3006785,batch_consumer-sts-0_20250707_215252_640763.csv,True,False,False,1751925379.8232613,646574.3389129639
119465,1751924733.249372,1751925158.328661,batch_consumer-sts-0_20250707_215252_640763.csv,True,False,False,1751925379.8232613,646573.8892555237
119475,1751924733.2498574,1751925158.356574,batch_consumer-sts-0_20250707_215252_640763.csv,True,False,False,1751925379.8232613,646573.4038352966
119485,1751924733.2501762,1751925158.3844445,batch_consumer-sts-0_20250707_215252_640763.csv,True,False,False,1751925379.8232613,646573.0850696564
119495,1751924733.2504308,1751925158.4112575,batch_consumer-sts-0_20250707_215252_640763.csv,True,False,False,1751925379.8232613,646572.8304386139
119505,1751924733.2506824,1751925158.438785,batch_consumer-sts-0_20250707_215252_640763.csv,True,False,False,1751925379.8232613,646572.5789070129
119515,1751924733.2509315,1751925158.466203,batch_consumer-sts-0_20250707_215252_640763.csv,True,False,False,1751925379.8232613,646572.3297595978
119525,1751924733.2511835,1751925158.494551,batch_consumer-sts-0_20250707_215252_640763.csv,True,False,False,1751925379.8232613,646572.0777511597
119535,1751924733.251429,1751925158.5216618,batch_consumer-sts-0_20250707_215252_640763.csv,True,False,False,1751925379.8232613,646571.8321800232
119545,1751924733.251681,1751925158.548957,batch_consumer-sts-0_20250707_215252_640763.csv,True,False,False,1751925379.8232613,646571.5801715851
119555,1751924733.2519364,1751925158.5765705,batch_consumer-sts-0_20250707_215252_640763.csv,True,False,False,1751925379.8232613,646571.3248252869
119565,1751924733.2521844,1751925158.603562,batch_consumer-sts-0_20250707_215252_640763.csv,True,False,False,1751925379.8232613,646571.0768699646
119575,1751924733.252435,1751925158.631137,batch_consumer-sts-0_20250707_215252_640763.csv,True,False,False,1751925379.8232613,646570.826292038
119585,1751924733.2526767,1751925158.6580975,batch_consumer-sts-0_20250707_215252_640763.csv,True,False,False,1751925379.8232613,646570.5845355988
119595,1751924733.2529242,1751925158.6847532,batch_consumer-sts-0_20250707_215252_640763.csv,True,False,False,1751925379.8232613,646570.3370571136
119605,1751924733.2531705,1751925158.7109184,batch_consumer-sts-0_20250707_215252_640763.csv,True,False,False,1751925379.8232613,646570.0907707214
119615,1751924733.253421,1751925158.737692,batch_consumer-sts-0_20250707_215252_640763.csv,True,False,False,1751925379.8232613,646569.8401927948
119625,1751924733.2536666,1751925158.764632,batch_consumer-sts-0_20250707_215252_640763.csv,True,False,False,1751925379.8232613,646569.5946216583
119635,1751924733.2539115,1751925158.7914443,batch_consumer-sts-0_20250707_215252_640763.csv,True,False,False,1751925379.8232613,646569.3497657776
119645,1751924733.2541633,1751925158.8178878,batch_consumer-sts-0_20250707_215252_640763.csv,True,False,False,1751925379.8232613,646569.097995758
119655,1751924733.254412,1751925158.8446238,batch_consumer-sts-0_20250707_215252_640763.csv,True,False,False,1751925379.8232613,646568.84932518
119665,1751924733.254657,1751925158.8715007,batch_consumer-sts-0_20250707_215252_640763.csv,True,False,False,1751925379.8232613,646568.6042308807
119675,1751924733.2549114,1751925158.8996985,batch_consumer-sts-0_20250707_215252_640763.csv,True,False,False,1751925379.8232613,646568.3498382568
119685,1751924733.2551625,1751925158.926587,batch_consumer-sts-0_20250707_215252_640763.csv,True,False,False,1751925379.8232613,646568.098783493
119695,1751924733.2554104,1751925158.9535842,batch_consumer-sts-0_20250707_215252_640763.csv,True,False,False,1751925379.8232613,646567.8508281708
119705,1751924733.2556572,1751925158.9812222,batch_consumer-sts-0_20250707_215252_640763.csv,True,False,False,1751925379.8232613,646567.6040649414
119715,1751924733.2559044,1751925159.008326,batch_consumer-sts-0_20250707_215252_640763.csv,True,False,False,1751925379.8232613,646567.3568248749
119725,1751924733.2561555,1751925159.035786,batch_consumer-sts-0_20250707_215252_640763.csv,True,False,False,1751925379.8232613,646567.1057701111
119735,1751924733.2564082,1751925159.0630991,batch_consumer-sts-0_20250707_215252_640763.csv,True,False,False,1751925379.8232613,646566.8530464172
119745,1751924733.256665,1751925159.0899897,batch_consumer-sts-0_20250707_215252_640763.csv,True,False,False,1751925379.8232613,646566.5962696075
119755,1751924733.2569163,1751925159.116225,batch_consumer-sts-0_20250707_215252_640763.csv,True,False,False,1751925379.8232613,646566.3449764252
119765,1751924733.2571716,1751925159.143709,batch_consumer-sts-0_20250707_215252_640763.csv,True,False,False,1751925379.8232613,646566.089630127
119775,1751924733.257424,1751925159.1703017,batch_consumer-sts-0_20250707_215252_640763.csv,True,False,False,1751925379.8232613,646565.8371448517
119785,1751924733.2576828,1751925159.1972125,batch_consumer-sts-0_20250707_215252_640763.csv,True,False,False,1751925379.8232613,646565.5784606934
119795,1751924733.25793,1751925159.22427,batch_consumer-sts-0_20250707_215252_640763.csv,True,False,False,1751925379.8232613,646565.3312206268
119805,1751924733.258188,1751925159.2509274,batch_consumer-sts-0_20250707_215252_640763.csv,True,False,False,1751925379.8232613,646565.0732517242
119815,1751924733.2585104,1751925159.278229,batch_consumer-sts-0_20250707_215252_640763.csv,True,False,False,1751925379.8232613,646564.7509098053
119825,1751924733.2589834,1751925159.3036146,batch_consumer-sts-0_20250707_215252_640763.csv,True,False,False,1751925379.8232613,646564.2778873444
119835,1751924733.2594328,1751925159.3305807,batch_consumer-sts-0_20250707_215252_640763.csv,True,False,False,1751925379.8232613,646563.8284683228
119845,1751924733.2598827,1751925159.3576348,batch_consumer-sts-0_20250707_215252_640763.csv,True,False,False,1751925379.8232613,646563.378572464
119855,1751924733.2603369,1751925159.3873258,batch_consumer-sts-0_20250707_215252_640763.csv,True,False,False,1751925379.8232613,646562.9243850708
119865,1751924733.2607944,1751925159.4135642,batch_consumer-sts-0_20250707_215252_640763.csv,True,False,False,1751925379.8232613,646562.4668598175
119875,1751924733.2612453,1751925159.4406574,batch_consumer-sts-0_20250707_215252_640763.csv,True,False,False,1751925379.8232613,646562.0160102844
119885,1751924733.261702,1751925159.476731,batch_consumer-sts-0_20250707_215252_640763.csv,True,False,False,1751925379.8232613,646561.5592002869
119895,1751924733.2621691,1751925159.5037937,batch_consumer-sts-0_20250707_215252_640763.csv,True,False,False,1751925379.8232613,646561.0921382904
119905,1751924733.2626464,1751925159.5312958,batch_consumer-sts-0_20250707_215252_640763.csv,True,False,False,1751925379.8232613,646560.614824295
119915,1751924733.263113,1751925159.5576184,batch_consumer-sts-0_20250707_215252_640763.csv,True,False,False,1751925379.8232613,646560.1482391357
119925,1751924733.2635753,1751925159.5845454,batch_consumer-sts-0_20250707_215252_640763.csv,True,False,False,1751925379.8232613,646559.6859455109
119935,1751924733.264037,1751925159.6107523,batch_consumer-sts-0_20250707_215252_640763.csv,True,False,False,1751925379.8232613,646559.2243671417
119945,1751924733.2645,1751925159.7018957,batch_consumer-sts-0_20250707_215252_640763.csv,True,False,False,1751925379.8232613,646558.7613582611
119955,1751924733.2649574,1751925160.2195337,batch_consumer-sts-0_20250707_215252_640763.csv,True,False,False,1751925379.8232613,646558.3038330078
119965,1751924733.265416,1751925160.2533555,batch_consumer-sts-0_20250707_215252_640763.csv,True,False,False,1751925379.8232613,646557.8453540802
119975,1751924733.2658782,1751925160.2801082,batch_consumer-sts-0_20250707_215252_640763.csv,True,False,False,1751925379.8232613,646557.3830604553
119985,1751924733.2663531,1751925160.3054366,batch_consumer-sts-0_20250707_215252_640763.csv,True,False,False,1751925379.8232613,646556.9081306458
119995,1751924733.266819,1751925160.3319497,batch_consumer-sts-0_20250707_215252_640763.csv,True,False,False,1751925379.8232613,646556.4422607422
120005,1751924733.2672832,1751925160.357682,batch_consumer-sts-0_20250707_215252_640763.csv,True,False,False,1751925379.8232613,646555.9780597687
120015,1751924733.267763,1751925160.384287,batch_consumer-sts-0_20250707_215252_640763.csv,True,False,False,1751925379.8232613,646555.4983615875
120025,1751924733.2682216,1751925160.4108562,batch_consumer-sts-0_20250707_215252_640763.csv,True,False,False,1751925379.8232613,646555.0396442413
120035,1751924733.2686827,1751925160.4379644,batch_consumer-sts-0_20250707_215252_640763.csv,True,False,False,1751925379.8232613,646554.5785427094
120045,1751924733.2691438,1751925160.4643493,batch_consumer-sts-0_20250707_215252_640763.csv,True,False,False,1751925379.8232613,646554.1174411774
120055,1751924733.2696104,1751925160.4913723,batch_consumer-sts-0_20250707_215252_640763.csv,True,False,False,1751925379.8232613,646553.6508560181
120065,1751924733.2700715,1751925160.5177395,batch_consumer-sts-0_20250707_215252_640763.csv,True,False,False,1751925379.8232613,646553.1897544861
120075,1751924733.2705357,1751925160.5444467,batch_consumer-sts-0_20250707_215252_640763.csv,True,False,False,1751925379.8232613,646552.7255535126
120085,1751924733.2709975,1751925160.571429,batch_consumer-sts-0_20250707_215252_640763.csv,True,False,False,1751925379.8232613,646552.2637367249
120095,1751924733.2714431,1751925160.598289,batch_consumer-sts-0_20250707_215252_640763.csv,True,False,False,1751925379.8232613,646551.8181324005
120105,1751924733.2719064,1751925160.6251447,batch_consumer-sts-0_20250707_215252_640763.csv,True,False,False,1751925379.8232613,646551.3548851013
120115,1751924733.2723508,1751925160.6520958,batch_consumer-sts-0_20250707_215252_640763.csv,True,False,False,1751925379.8232613,646550.9104728699
120125,1751924733.2728148,1751925160.6789918,batch_consumer-sts-0_20250707_215252_640763.csv,True,False,False,1751925379.8232613,646550.4465103149
120135,1751924733.2732708,1751925160.704532,batch_consumer-sts-0_20250707_215252_640763.csv,True,False,False,1751925379.8232613,646549.9904155731
120145,1751924733.2737322,1751925160.7313771,batch_consumer-sts-0_20250707_215252_640763.csv,True,False,False,1751925379.8232613,646549.5290756226
120155,1751924733.2742517,1751925160.75827,batch_consumer-sts-0_20250707_215252_640763.csv,True,False,False,1751925379.8232613,646549.0095615387
120165,1751924733.2747018,1751925160.7851672,batch_consumer-sts-0_20250707_215252_640763.csv,True,False,False,1751925379.8232613,646548.5594272614
120175,1751924733.2753897,1751925160.811855,batch_consumer-sts-0_20250707_215252_640763.csv,True,False,False,1751925379.8232613,646547.8715896606
120185,1751924733.2758446,1751925160.838898,batch_consumer-sts-0_20250707_215252_640763.csv,True,False,False,1751925379.8232613,646547.4166870117
120195,1751924733.2763011,1751925160.8656194,batch_consumer-sts-0_20250707_215252_640763.csv,True,False,False,1751925379.8232613,646546.9601154327
120205,1751924733.2767477,1751925160.8920207,batch_consumer-sts-0_20250707_215252_640763.csv,True,False,False,1751925379.8232613,646546.5135574341
120215,1751924733.277223,1751925160.918224,batch_consumer-sts-0_20250707_215252_640763.csv,True,False,False,1751925379.8232613,646546.0381507874
120225,1751924733.277679,1751925160.9451482,batch_consumer-sts-0_20250707_215252_640763.csv,True,False,False,1751925379.8232613,646545.5822944641
120235,1751924733.278141,1751925160.970804,batch_consumer-sts-0_20250707_215252_640763.csv,True,False,False,1751925379.8232613,646545.1202392578
120245,1751924733.2786052,1751925160.9976468,batch_consumer-sts-0_20250707_215252_640763.csv,True,False,False,1751925379.8232613,646544.6560382843
120255,1751924733.2790828,1751925161.0258608,batch_consumer-sts-0_20250707_215252_640763.csv,True,False,False,1751925379.8232613,646544.1784858704
120265,1751924733.2795365,1751925161.051574,batch_consumer-sts-0_20250707_215252_640763.csv,True,False,False,1751925379.8232613,646543.7247753143
120275,1751924733.2799883,1751925161.078628,batch_consumer-sts-0_20250707_215252_640763.csv,True,False,False,1751925379.8232613,646543.2729721069
120285,1751924733.2804625,1751925161.1052716,batch_consumer-sts-0_20250707_215252_640763.csv,True,False,False,1751925379.8232613,646542.7987575531
120955,1751924733.538957,1751925161.1364014,batch_consumer-sts-0_20250707_215252_640763.csv,True,False,False,1751925379.8232613,646284.3041419983
120965,1751924733.5393443,1751925161.1632638,batch_consumer-sts-0_20250707_215252_640763.csv,True,False,False,1751925379.8232613,646283.9169502258
120975,1751924733.5397143,1751925161.1903358,batch_consumer-sts-0_20250707_215252_640763.csv,True,False,False,1751925379.8232613,646283.5469245911
120985,1751924733.5400822,1751925161.2170386,batch_consumer-sts-0_20250707_215252_640763.csv,True,False,False,1751925379.8232613,646283.1790447235
120995,1751924733.5404608,1751925161.243781,batch_consumer-sts-0_20250707_215252_640763.csv,True,False,False,1751925379.8232613,646282.8004360199
121005,1751924733.5408182,1751925161.2704709,batch_consumer-sts-0_20250707_215252_640763.csv,True,False,False,1751925379.8232613,646282.4430465698
121015,1751924733.5411894,1751925161.297833,batch_consumer-sts-0_20250707_215252_640763.csv,True,False,False,1751925379.8232613,646282.0718288422
121025,1751924733.5415576,1751925161.3305078,batch_consumer-sts-0_20250707_215252_640763.csv,True,False,False,1751925379.8232613,646281.703710556
121035,1751924733.5419252,1751925161.3577783,batch_consumer-sts-0_20250707_215252_640763.csv,True,False,False,1751925379.8232613,646281.336069107
121045,1751924733.542347,1751925161.3855867,batch_consumer-sts-0_20250707_215252_640763.csv,True,False,False,1751925379.8232613,646280.9143066406
121055,1751924733.5427458,1751925161.4123783,batch_consumer-sts-0_20250707_215252_640763.csv,True,False,False,1751925379.8232613,646280.5154323578
121065,1751924733.543181,1751925161.439484,batch_consumer-sts-0_20250707_215252_640763.csv,True,False,False,1751925379.8232613,646280.0803184509
142745,1751924741.407255,1751925161.4658368,batch_consumer-sts-0_20250707_215252_640763.csv,True,False,False,1751925379.8232613,638416.0063266754
142755,1751924741.4075112,1751925161.49242,batch_consumer-sts-0_20250707_215252_640763.csv,True,False,False,1751925379.8232613,638415.7500267029
142765,1751924741.407755,1751925161.5186217,batch_consumer-sts-0_20250707_215252_640763.csv,True,False,False,1751925379.8232613,638415.506362915
142775,1751924741.4080007,1751925161.5455296,batch_consumer-sts-0_20250707_215252_640763.csv,True,False,False,1751925379.8232613,638415.26055336
142785,1751924741.4083078,1751925161.5720465,batch_consumer-sts-0_20250707_215252_640763.csv,True,False,False,1751925379.8232613,638414.9534702301
142795,1751924741.4085543,1751925161.5987904,batch_consumer-sts-0_20250707_215252_640763.csv,True,False,False,1751925379.8232613,638414.7069454193
142805,1751924741.4088027,1751925161.6251202,batch_consumer-sts-0_20250707_215252_640763.csv,True,False,False,1751925379.8232613,638414.4585132599
142815,1751924741.4090486,1751925162.6541328,batch_consumer-sts-0_20250707_215252_640763.csv,True,False,False,1751925379.8232613,638414.2127037048
142825,1751924741.409291,1751925162.678309,batch_consumer-sts-0_20250707_215252_640763.csv,True,False,False,1751925379.8232613,638413.9702320099
142835,1751924741.4095373,1751925163.2671008,batch_consumer-sts-0_20250707_215252_640763.csv,True,False,False,1751925379.8232613,638413.7239456177
142845,1751924741.40979,1751925163.2939322,batch_consumer-sts-0_20250707_215252_640763.csv,True,False,False,1751925379.8232613,638413.4712219238
142855,1751924741.4100332,1751925163.320161,batch_consumer-sts-0_20250707_215252_640763.csv,True,False,False,1751925379.8232613,638413.2280349731
142865,1751924741.410288,1751925163.3472917,batch_consumer-sts-0_20250707_215252_640763.csv,True,False,False,1751925379.8232613,638412.9731655121
142875,1751924741.4105475,1751925163.374226,batch_consumer-sts-0_20250707_215252_640763.csv,True,False,False,1751925379.8232613,638412.713766098
142885,1751924741.410792,1751925163.4017742,batch_consumer-sts-0_20250707_215252_640763.csv,True,False,False,1751925379.8232613,638412.4691486359
142895,1751924741.4110544,1751925163.4285746,batch_consumer-sts-0_20250707_215252_640763.csv,True,False,False,1751925379.8232613,638412.2068881989
142905,1751924741.411301,1751925163.4555695,batch_consumer-sts-0_20250707_215252_640763.csv,True,False,False,1751925379.8232613,638411.9603633881
142915,1751924741.41155,1751925163.4834156,batch_consumer-sts-0_20250707_215252_640763.csv,True,False,False,1751925379.8232613,638411.7112159729
142925,1751924741.4117987,1751925163.5104003,batch_consumer-sts-0_20250707_215252_640763.csv,True,False,False,1751925379.8232613,638411.4625453949
142935,1751924741.412048,1751925163.5379884,batch_consumer-sts-0_20250707_215252_640763.csv,True,False,False,1751925379.8232613,638411.2131595612
142945,1751924741.4123118,1751925163.5655377,batch_consumer-sts-0_20250707_215252_640763.csv,True,False,False,1751925379.8232613,638410.9494686127
142955,1751924741.4125168,1751925163.5943897,batch_consumer-sts-0_20250707_215252_640763.csv,True,False,False,1751925379.8232613,638410.7444286346
142965,1751924741.412712,1751925163.6208804,batch_consumer-sts-0_20250707_215252_640763.csv,True,False,False,1751925379.8232613,638410.5491638184
142975,1751924741.4129226,1751925163.6480007,batch_consumer-sts-0_20250707_215252_640763.csv,True,False,False,1751925379.8232613,638410.338640213
142985,1751924741.4131217,1751925163.675501,batch_consumer-sts-0_20250707_215252_640763.csv,True,False,False,1751925379.8232613,638410.1395606995
142995,1751924741.4133222,1751925163.7030551,batch_consumer-sts-0_20250707_215252_640763.csv,True,False,False,1751925379.8232613,638409.9390506744
143005,1751924741.4135337,1751925163.729847,batch_consumer-sts-0_20250707_215252_640763.csv,True,False,False,1751925379.8232613,638409.7275733948
143015,1751924741.413766,1751925163.7576115,batch_consumer-sts-0_20250707_215252_640763.csv,True,False,False,1751925379.8232613,638409.4953536987
143025,1751924741.4140308,1751925163.7851992,batch_consumer-sts-0_20250707_215252_640763.csv,True,False,False,1751925379.8232613,638409.2304706573
143035,1751924741.4143002,1751925163.8119187,batch_consumer-sts-0_20250707_215252_640763.csv,True,False,False,1751925379.8232613,638408.961057663
143045,1751924741.414553,1751925163.8396692,batch_consumer-sts-0_20250707_215252_640763.csv,True,False,False,1751925379.8232613,638408.7083339691
143055,1751924741.4147987,1751925163.8674097,batch_consumer-sts-0_20250707_215252_640763.csv,True,False,False,1751925379.8232613,638408.4625244141
143065,1751924741.4150472,1751925163.8954291,batch_consumer-sts-0_20250707_215252_640763.csv,True,False,False,1751925379.8232613,638408.2140922546
143075,1751924741.4152937,1751925163.9262278,batch_consumer-sts-0_20250707_215252_640763.csv,True,False,False,1751925379.8232613,638407.9675674438
143085,1751924741.4155395,1751925163.954034,batch_consumer-sts-0_20250707_215252_640763.csv,True,False,False,1751925379.8232613,638407.7217578888
143095,1751924741.4157872,1751925163.980908,batch_consumer-sts-0_20250707_215252_640763.csv,True,False,False,1751925379.8232613,638407.4740409851
143105,1751924741.4160347,1751925164.0084743,batch_consumer-sts-0_20250707_215252_640763.csv,True,False,False,1751925379.8232613,638407.2265625
143115,1751924741.4162838,1751925164.036629,batch_consumer-sts-0_20250707_215252_640763.csv,True,False,False,1751925379.8232613,638406.9774150848
143125,1751924741.4165373,1751925164.0644612,batch_consumer-sts-0_20250707_215252_640763.csv,True,False,False,1751925379.8232613,638406.7239761353
143135,1751924741.4167914,1751925164.0924797,batch_consumer-sts-0_20250707_215252_640763.csv,True,False,False,1751925379.8232613,638406.4698219299
143145,1751924741.417039,1751925164.1194403,batch_consumer-sts-0_20250707_215252_640763.csv,True,False,False,1751925379.8232613,638406.2223434448
143155,1751924741.4172933,1751925164.1472807,batch_consumer-sts-0_20250707_215252_640763.csv,True,False,False,1751925379.8232613,638405.9679508209
143165,1751924741.4175396,1751925164.1751132,batch_consumer-sts-0_20250707_215252_640763.csv,True,False,False,1751925379.8232613,638405.7216644287
143175,1751924741.4177856,1751925164.2022476,batch_consumer-sts-0_20250707_215252_640763.csv,True,False,False,1751925379.8232613,638405.4756164551
143185,1751924741.4180384,1751925164.2358902,batch_consumer-sts-0_20250707_215252_640763.csv,True,False,False,1751925379.8232613,638405.2228927612
143195,1751924741.4182951,1751925164.2638383,batch_consumer-sts-0_20250707_215252_640763.csv,True,False,False,1751925379.8232613,638404.9661159515
143205,1751924741.418546,1751925164.2916062,batch_consumer-sts-0_20250707_215252_640763.csv,True,False,False,1751925379.8232613,638404.7152996063
143215,1751924741.4187896,1751925164.319039,batch_consumer-sts-0_20250707_215252_640763.csv,True,False,False,1751925379.8232613,638404.4716358185
143225,1751924741.4190354,1751925164.3465793,batch_consumer-sts-0_20250707_215252_640763.csv,True,False,False,1751925379.8232613,638404.2258262634
143235,1751924741.4192865,1751925164.3748078,batch_consumer-sts-0_20250707_215252_640763.csv,True,False,False,1751925379.8232613,638403.9747714996
143245,1751924741.4195385,1751925164.4027965,batch_consumer-sts-0_20250707_215252_640763.csv,True,False,False,1751925379.8232613,638403.7227630615
143255,1751924741.4197822,1751925164.4333737,batch_consumer-sts-0_20250707_215252_640763.csv,True,False,False,1751925379.8232613,638403.4790992737
143265,1751924741.4200327,1751925164.4612262,batch_consumer-sts-0_20250707_215252_640763.csv,True,False,False,1751925379.8232613,638403.228521347
143275,1751924741.4202814,1751925164.4847326,batch_consumer-sts-0_20250707_215252_640763.csv,True,False,False,1751925379.8232613,638402.979850769
143285,1751924741.4205246,1751925164.511582,batch_consumer-sts-0_20250707_215252_640763.csv,True,False,False,1751925379.8232613,638402.7366638184
155305,1751924744.4525893,1751925164.5388937,batch_consumer-sts-0_20250707_215252_640763.csv,True,False,False,1751925379.8232613,635370.6719875336
155315,1751924744.452864,1751925164.5658476,batch_consumer-sts-0_20250707_215252_640763.csv,True,False,False,1751925379.8232613,635370.3973293304
155325,1751924744.4531214,1751925164.5935345,batch_consumer-sts-0_20250707_215252_640763.csv,True,False,False,1751925379.8232613,635370.139837265
155335,1751924744.453394,1751925164.620165,batch_consumer-sts-0_20250707_215252_640763.csv,True,False,False,1751925379.8232613,635369.8673248291
155345,1751924744.453633,1751925164.6474674,batch_consumer-sts-0_20250707_215252_640763.csv,True,False,False,1751925379.8232613,635369.6281909943
155355,1751924744.453867,1751925164.6745474,batch_consumer-sts-0_20250707_215252_640763.csv,True,False,False,1751925379.8232613,635369.3943023682
155365,1751924744.454095,1751925164.701584,batch_consumer-sts-0_20250707_215252_640763.csv,True,False,False,1751925379.8232613,635369.1663742065
155375,1751924744.4543483,1751925164.728335,batch_consumer-sts-0_20250707_215252_640763.csv,True,False,False,1751925379.8232613,635368.912935257
155385,1751924744.4545903,1751925164.804416,batch_consumer-sts-0_20250707_215252_640763.csv,True,False,False,1751925379.8232613,635368.6709403992
155395,1751924744.454826,1751925164.8312404,batch_consumer-sts-0_20250707_215252_640763.csv,True,False,False,1751925379.8232613,635368.4351444244
155405,1751924744.4550629,1751925164.858355,batch_consumer-sts-0_20250707_215252_640763.csv,True,False,False,1751925379.8232613,635368.1983947754
155415,1751924744.4552925,1751925164.8875172,batch_consumer-sts-0_20250707_215252_640763.csv,True,False,False,1751925379.8232613,635367.9687976837
155425,1751924744.4555273,1751925164.913803,batch_consumer-sts-0_20250707_215252_640763.csv,True,False,False,1751925379.8232613,635367.7339553833
155435,1751924744.455762,1751925164.9407854,batch_consumer-sts-0_20250707_215252_640763.csv,True,False,False,1751925379.8232613,635367.4993515015
155445,1751924744.4559948,1751925164.9675405,batch_consumer-sts-0_20250707_215252_640763.csv,True,False,False,1751925379.8232613,635367.2664165497
155455,1751924744.4562285,1751925164.9952085,batch_consumer-sts-0_20250707_215252_640763.csv,True,False,False,1751925379.8232613,635367.0327663422
155465,1751924744.456463,1751925165.0216582,batch_consumer-sts-0_20250707_215252_640763.csv,True,False,False,1751925379.8232613,635366.7981624603
155475,1751924744.4566998,1751925165.0479,batch_consumer-sts-0_20250707_215252_640763.csv,True,False,False,1751925379.8232613,635366.5614128113
155485,1751924744.4569273,1751925165.0756285,batch_consumer-sts-0_20250707_215252_640763.csv,True,False,False,1751925379.8232613,635366.3339614868
155495,1751924744.457164,1751925165.1031363,batch_consumer-sts-0_20250707_215252_640763.csv,True,False,False,1751925379.8232613,635366.0972118378
155505,1751924744.4574072,1751925165.1306846,batch_consumer-sts-0_20250707_215252_640763.csv,True,False,False,1751925379.8232613,635365.8540248871
155515,1751924744.457646,1751925165.1578507,batch_consumer-sts-0_20250707_215252_640763.csv,True,False,False,1751925379.8232613,635365.6153678894
155525,1751924744.4578817,1751925165.1849277,batch_consumer-sts-0_20250707_215252_640763.csv,True,False,False,1751925379.8232613,635365.3795719147
155535,1751924744.458114,1751925165.2444315,batch_consumer-sts-0_20250707_215252_640763.csv,True,False,False,1751925379.8232613,635365.1473522186
155545,1751924744.458362,1751925165.3019514,batch_consumer-sts-0_20250707_215252_640763.csv,True,False,False,1751925379.8232613,635364.8991584778
155555,1751924744.4586108,1751925165.328478,batch_consumer-sts-0_20250707_215252_640763.csv,True,False,False,1751925379.8232613,635364.6504878998
155565,1751924744.4588432,1751925165.3554466,batch_consumer-sts-0_20250707_215252_640763.csv,True,False,False,1751925379.8232613,635364.4180297852
155575,1751924744.4590874,1751925165.382126,batch_consumer-sts-0_20250707_215252_640763.csv,True,False,False,1751925379.8232613,635364.1738891602
157995,1751924746.2332487,1751925165.4096706,batch_consumer-sts-0_20250707_215252_640763.csv,True,False,False,1751925379.8232613,633590.012550354
158005,1751924746.2334845,1751925165.436638,batch_consumer-sts-0_20250707_215252_640763.csv,True,False,False,1751925379.8232613,633589.7767543793
158015,1751924746.233715,1751925165.4638612,batch_consumer-sts-0_20250707_215252_640763.csv,True,False,False,1751925379.8232613,633589.5462036133
158025,1751924746.233936,1751925165.4896257,batch_consumer-sts-0_20250707_215252_640763.csv,True,False,False,1751925379.8232613,633589.3251895905
158035,1751924746.2341683,1751925165.515695,batch_consumer-sts-0_20250707_215252_640763.csv,True,False,False,1751925379.8232613,633589.0929698944
158045,1751924746.23439,1751925165.5423515,batch_consumer-sts-0_20250707_215252_640763.csv,True,False,False,1751925379.8232613,633588.8712406158
158055,1751924746.234605,1751925165.569065,batch_consumer-sts-0_20250707_215252_640763.csv,True,False,False,1751925379.8232613,633588.6561870575
158065,1751924746.2348254,1751925165.5961552,batch_consumer-sts-0_20250707_215252_640763.csv,True,False,False,1751925379.8232613,633588.4358882904
158075,1751924746.235042,1751925165.622536,batch_consumer-sts-0_20250707_215252_640763.csv,True,False,False,1751925379.8232613,633588.219165802
158085,1751924746.2352543,1751925165.6492372,batch_consumer-sts-0_20250707_215252_640763.csv,True,False,False,1751925379.8232613,633588.0069732666
158095,1751924746.23548,1751925165.6765218,batch_consumer-sts-0_20250707_215252_640763.csv,True,False,False,1751925379.8232613,633587.7811908722
158105,1751924746.235665,1751925165.7035384,batch_consumer-sts-0_20250707_215252_640763.csv,True,False,False,1751925379.8232613,633587.5961780548
158115,1751924746.2358503,1751925165.7324378,batch_consumer-sts-0_20250707_215252_640763.csv,True,False,False,1751925379.8232613,633587.4109268188
158125,1751924746.2360332,1751925165.7594645,batch_consumer-sts-0_20250707_215252_640763.csv,True,False,False,1751925379.8232613,633587.2280597687
158135,1751924746.236212,1751925165.7879624,batch_consumer-sts-0_20250707_215252_640763.csv,True,False,False,1751925379.8232613,633587.0492458344
158145,1751924746.2363942,1751925165.814423,batch_consumer-sts-0_20250707_215252_640763.csv,True,False,False,1751925379.8232613,633586.8670940399
158155,1751924746.23658,1751925165.8413827,batch_consumer-sts-0_20250707_215252_640763.csv,True,False,False,1751925379.8232613,633586.6813659668
158165,1751924746.236766,1751925165.8679135,batch_consumer-sts-0_20250707_215252_640763.csv,True,False,False,1751925379.8232613,633586.4951610565
158175,1751924746.2369533,1751925165.895541,batch_consumer-sts-0_20250707_215252_640763.csv,True,False,False,1751925379.8232613,633586.3080024719
158185,1751924746.2371373,1751925165.9217296,batch_consumer-sts-0_20250707_215252_640763.csv,True,False,False,1751925379.8232613,633586.1239433289
158195,1751924746.2373211,1751925165.95444,batch_consumer-sts-0_20250707_215252_640763.csv,True,False,False,1751925379.8232613,633585.9401226044
158205,1751924746.2375054,1751925165.9809215,batch_consumer-sts-0_20250707_215252_640763.csv,True,False,False,1751925379.8232613,633585.7558250427
158215,1751924746.2376893,1751925166.0065494,batch_consumer-sts-0_20250707_215252_640763.csv,True,False,False,1751925379.8232613,633585.5720043182
158225,1751924746.2378657,1751925166.0332932,batch_consumer-sts-0_20250707_215252_640763.csv,True,False,False,1751925379.8232613,633585.3955745697
158235,1751924746.2380517,1751925166.0601456,batch_consumer-sts-0_20250707_215252_640763.csv,True,False,False,1751925379.8232613,633585.209608078
158245,1751924746.2382646,1751925166.0874946,batch_consumer-sts-0_20250707_215252_640763.csv,True,False,False,1751925379.8232613,633584.9967002869
158255,1751924746.2384615,1751925166.1141272,batch_consumer-sts-0_20250707_215252_640763.csv,True,False,False,1751925379.8232613,633584.7997665405
158265,1751924746.238655,1751925166.141096,batch_consumer-sts-0_20250707_215252_640763.csv,True,False,False,1751925379.8232613,633584.6061706543
158275,1751924746.2388506,1751925166.1679003,batch_consumer-sts-0_20250707_215252_640763.csv,True,False,False,1751925379.8232613,633584.4106674194
158285,1751924746.239052,1751925166.1947024,batch_consumer-sts-0_20250707_215252_640763.csv,True,False,False,1751925379.8232613,633584.2092037201
158295,1751924746.239246,1751925166.221105,batch_consumer-sts-0_20250707_215252_640763.csv,True,False,False,1751925379.8232613,633584.0153694153
158305,1751924746.2394588,1751925166.245717,batch_consumer-sts-0_20250707_215252_640763.csv,True,False,False,1751925379.8232613,633583.8024616241
158315,1751924746.239645,1751925166.273044,batch_consumer-sts-0_20250707_215252_640763.csv,True,False,False,1751925379.8232613,633583.6162567139
158325,1751924746.2398305,1751925166.3006809,batch_consumer-sts-0_20250707_215252_640763.csv,True,False,False,1751925379.8232613,633583.4307670593
158335,1751924746.2400095,1751925166.3286617,batch_consumer-sts-0_20250707_215252_640763.csv,True,False,False,1751925379.8232613,633583.2517147064
158345,1751924746.2401953,1751925166.358427,batch_consumer-sts-0_20250707_215252_640763.csv,True,False,False,1751925379.8232613,633583.0659866333
158355,1751924746.2403798,1751925166.3856711,batch_consumer-sts-0_20250707_215252_640763.csv,True,False,False,1751925379.8232613,633582.8814506531
158365,1751924746.2405684,1751925166.412109,batch_consumer-sts-0_20250707_215252_640763.csv,True,False,False,1751925379.8232613,633582.692861557
158375,1751924746.2407498,1751925166.4384427,batch_consumer-sts-0_20250707_215252_640763.csv,True,False,False,1751925379.8232613,633582.5114250183
158385,1751924746.2409334,1751925166.4652069,batch_consumer-sts-0_20250707_215252_640763.csv,True,False,False,1751925379.8232613,633582.3278427124
158395,1751924746.2411222,1751925166.4919355,batch_consumer-sts-0_20250707_215252_640763.csv,True,False,False,1751925379.8232613,633582.1390151978
158405,1751924746.2413075,1751925166.5181837,batch_consumer-sts-0_20250707_215252_640763.csv,True,False,False,1751925379.8232613,633581.9537639618
158415,1751924746.241513,1751925166.5476496,batch_consumer-sts-0_20250707_215252_640763.csv,True,False,False,1751925379.8232613,633581.7482471466
158425,1751924746.2417035,1751925166.574478,batch_consumer-sts-0_20250707_215252_640763.csv,True,False,False,1751925379.8232613,633581.5577507019
158435,1751924746.2418945,1751925166.6014504,batch_consumer-sts-0_20250707_215252_640763.csv,True,False,False,1751925379.8232613,633581.36677742
158445,1751924746.242303,1751925166.628198,batch_consumer-sts-0_20250707_215252_640763.csv,True,False,False,1751925379.8232613,633580.958366394
158455,1751924746.242551,1751925166.6550076,batch_consumer-sts-0_20250707_215252_640763.csv,True,False,False,1751925379.8232613,633580.7101726532
158465,1751924746.242952,1751925166.6822166,batch_consumer-sts-0_20250707_215252_640763.csv,True,False,False,1751925379.8232613,633580.3091526031
158475,1751924746.243167,1751925166.708869,batch_consumer-sts-0_20250707_215252_640763.csv,True,False,False,1751925379.8232613,633580.0943374634
158485,1751924746.2434478,1751925166.735716,batch_consumer-sts-0_20250707_215252_640763.csv,True,False,False,1751925379.8232613,633579.8134803772
158495,1751924746.2436745,1751925166.7627258,batch_consumer-sts-0_20250707_215252_640763.csv,True,False,False,1751925379.8232613,633579.5867443085
158505,1751924746.2438955,1751925166.789849,batch_consumer-sts-0_20250707_215252_640763.csv,True,False,False,1751925379.8232613,633579.3657302856
158515,1751924746.2441075,1751925166.81592,batch_consumer-sts-0_20250707_215252_640763.csv,True,False,False,1751925379.8232613,633579.1537761688
158525,1751924746.2443287,1751925166.8430958,batch_consumer-sts-0_20250707_215252_640763.csv,True,False,False,1751925379.8232613,633578.9325237274
158535,1751924746.244525,1751925166.8691769,batch_consumer-sts-0_20250707_215252_640763.csv,True,False,False,1751925379.8232613,633578.7363052368
158545,1751924746.244703,1751925166.895977,batch_consumer-sts-0_20250707_215252_640763.csv,True,False,False,1751925379.8232613,633578.5582065582
158555,1751924746.2448814,1751925166.922551,batch_consumer-sts-0_20250707_215252_640763.csv,True,False,False,1751925379.8232613,633578.3798694611
158565,1751924746.245066,1751925166.949562,batch_consumer-sts-0_20250707_215252_640763.csv,True,False,False,1751925379.8232613,633578.1953334808
158575,1751924746.2452424,1751925166.9767373,batch_consumer-sts-0_20250707_215252_640763.csv,True,False,False,1751925379.8232613,633578.0189037323
158585,1751924746.2454224,1751925167.0043526,batch_consumer-sts-0_20250707_215252_640763.csv,True,False,False,1751925379.8232613,633577.8388977051
158595,1751924746.2456005,1751925167.0303133,batch_consumer-sts-0_20250707_215252_640763.csv,True,False,False,1751925379.8232613,633577.6607990265
158605,1751924746.245784,1751925167.057127,batch_consumer-sts-0_20250707_215252_640763.csv,True,False,False,1751925379.8232613,633577.4772167206
158615,1751924746.2459612,1751925167.0840025,batch_consumer-sts-0_20250707_215252_640763.csv,True,False,False,1751925379.8232613,633577.3000717163
158625,1751924746.2461495,1751925167.1108556,batch_consumer-sts-0_20250707_215252_640763.csv,True,False,False,1751925379.8232613,633577.1117210388
158635,1751924746.246364,1751925168.139508,batch_consumer-sts-0_20250707_215252_640763.csv,True,False,False,1751925379.8232613,633576.8971443176
158645,1751924746.2465608,1751925168.3849669,batch_consumer-sts-0_20250707_215252_640763.csv,True,False,False,1751925379.8232613,633576.7004489899
158655,1751924746.2467494,1751925168.4117422,batch_consumer-sts-0_20250707_215252_640763.csv,True,False,False,1751925379.8232613,633576.5118598938
158665,1751924746.2469394,1751925168.438828,batch_consumer-sts-0_20250707_215252_640763.csv,True,False,False,1751925379.8232613,633576.3218402863
158675,1751924746.2471333,1751925168.465929,batch_consumer-sts-0_20250707_215252_640763.csv,True,False,False,1751925379.8232613,633576.1280059814
158685,1751924746.2473254,1751925168.4951556,batch_consumer-sts-0_20250707_215252_640763.csv,True,False,False,1751925379.8232613,633575.9358406067
158695,1751924746.247523,1751925168.522728,batch_consumer-sts-0_20250707_215252_640763.csv,True,False,False,1751925379.8232613,633575.7381916046
158705,1751924746.2477047,1751925168.5494304,batch_consumer-sts-0_20250707_215252_640763.csv,True,False,False,1751925379.8232613,633575.5565166473
158715,1751924746.2478845,1751925168.576333,batch_consumer-sts-0_20250707_215252_640763.csv,True,False,False,1751925379.8232613,633575.3767490387
158725,1751924746.2480807,1751925168.6034448,batch_consumer-sts-0_20250707_215252_640763.csv,True,False,False,1751925379.8232613,633575.1805305481
158735,1751924746.2482705,1751925168.6326673,batch_consumer-sts-0_20250707_215252_640763.csv,True,False,False,1751925379.8232613,633574.9907493591
158745,1751924746.248464,1751925168.6592498,batch_consumer-sts-0_20250707_215252_640763.csv,True,False,False,1751925379.8232613,633574.7971534729
158755,1751924746.2486606,1751925168.6861095,batch_consumer-sts-0_20250707_215252_640763.csv,True,False,False,1751925379.8232613,633574.6006965637
158765,1751924746.2488554,1751925168.7122762,batch_consumer-sts-0_20250707_215252_640763.csv,True,False,False,1751925379.8232613,633574.4059085846
158775,1751924746.2490466,1751925168.7394762,batch_consumer-sts-0_20250707_215252_640763.csv,True,False,False,1751925379.8232613,633574.2146968842
158785,1751924746.2492409,1751925168.76661,batch_consumer-sts-0_20250707_215252_640763.csv,True,False,False,1751925379.8232613,633574.0203857422
158795,1751924746.2494428,1751925168.7933798,batch_consumer-sts-0_20250707_215252_640763.csv,True,False,False,1751925379.8232613,633573.8184452057
158805,1751924746.2496278,1751925168.8196769,batch_consumer-sts-0_20250707_215252_640763.csv,True,False,False,1751925379.8232613,633573.6334323883
158815,1751924746.2498114,1751925168.8469064,batch_consumer-sts-0_20250707_215252_640763.csv,True,False,False,1751925379.8232613,633573.4498500824
158825,1751924746.2499952,1751925168.87397,batch_consumer-sts-0_20250707_215252_640763.csv,True,False,False,1751925379.8232613,633573.2660293579
158835,1751924746.250197,1751925168.901012,batch_consumer-sts-0_20250707_215252_640763.csv,True,False,False,1751925379.8232613,633573.06432724
158845,1751924746.2503867,1751925168.9269402,batch_consumer-sts-0_20250707_215252_640763.csv,True,False,False,1751925379.8232613,633572.874546051
158855,1751924746.2505815,1751925168.9544806,batch_consumer-sts-0_20250707_215252_640763.csv,True,False,False,1751925379.8232613,633572.6797580719
158865,1751924746.250772,1751925168.9831226,batch_consumer-sts-0_20250707_215252_640763.csv,True,False,False,1751925379.8232613,633572.4892616272
158875,1751924746.2509675,1751925169.0106444,batch_consumer-sts-0_20250707_215252_640763.csv,True,False,False,1751925379.8232613,633572.2937583923
158885,1751924746.2511597,1751925169.0379643,batch_consumer-sts-0_20250707_215252_640763.csv,True,False,False,1751925379.8232613,633572.1015930176
158895,1751924746.25135,1751925169.0655706,batch_consumer-sts-0_20250707_215252_640763.csv,True,False,False,1751925379.8232613,633571.9113349915
158905,1751924746.2515488,1751925169.092996,batch_consumer-sts-0_20250707_215252_640763.csv,True,False,False,1751925379.8232613,633571.7124938965
158915,1751924746.2517304,1751925169.119729,batch_consumer-sts-0_20250707_215252_640763.csv,True,False,False,1751925379.8232613,633571.5308189392
158925,1751924746.2519183,1751925169.1471655,batch_consumer-sts-0_20250707_215252_640763.csv,True,False,False,1751925379.8232613,633571.3429450989
158935,1751924746.2521026,1751925169.1742637,batch_consumer-sts-0_20250707_215252_640763.csv,True,False,False,1751925379.8232613,633571.1586475372
158945,1751924746.2522917,1751925169.2022965,batch_consumer-sts-0_20250707_215252_640763.csv,True,False,False,1751925379.8232613,633570.969581604
158955,1751924746.2524736,1751925169.23002,batch_consumer-sts-0_20250707_215252_640763.csv,True,False,False,1751925379.8232613,633570.7876682281
158965,1751924746.25288,1751925169.257669,batch_consumer-sts-0_20250707_215252_640763.csv,True,False,False,1751925379.8232613,633570.3811645508
158975,1751924746.2530916,1751925169.2852795,batch_consumer-sts-0_20250707_215252_640763.csv,True,False,False,1751925379.8232613,633570.1696872711
158985,1751924746.2532902,1751925169.311308,batch_consumer-sts-0_20250707_215252_640763.csv,True,False,False,1751925379.8232613,633569.9710845947
158995,1751924746.2534845,1751925169.3399577,batch_consumer-sts-0_20250707_215252_640763.csv,True,False,False,1751925379.8232613,633569.7767734528
159005,1751924746.253683,1751925169.3671074,batch_consumer-sts-0_20250707_215252_640763.csv,True,False,False,1751925379.8232613,633569.5781707764
159015,1751924746.2538855,1751925169.394357,batch_consumer-sts-0_20250707_215252_640763.csv,True,False,False,1751925379.8232613,633569.3757534027
159025,1751924746.2540853,1751925169.420912,batch_consumer-sts-0_20250707_215252_640763.csv,True,False,False,1751925379.8232613,633569.1759586334
159035,1751924746.2542868,1751925169.4488373,batch_consumer-sts-0_20250707_215252_640763.csv,True,False,False,1751925379.8232613,633568.9744949341
159045,1751924746.254486,1751925169.4766476,batch_consumer-sts-0_20250707_215252_640763.csv,True,False,False,1751925379.8232613,633568.775177002
159055,1751924746.2546773,1751925169.504385,batch_consumer-sts-0_20250707_215252_640763.csv,True,False,False,1751925379.8232613,633568.5839653015
159065,1751924746.2548718,1751925169.5321298,batch_consumer-sts-0_20250707_215252_640763.csv,True,False,False,1751925379.8232613,633568.389415741
159075,1751924746.2550647,1751925169.5596578,batch_consumer-sts-0_20250707_215252_640763.csv,True,False,False,1751925379.8232613,633568.1965351105
159085,1751924746.2552562,1751925169.586996,batch_consumer-sts-0_20250707_215252_640763.csv,True,False,False,1751925379.8232613,633568.0050849915
159095,1751924746.255461,1751925169.6137755,batch_consumer-sts-0_20250707_215252_640763.csv,True,False,False,1751925379.8232613,633567.800283432
159105,1751924746.2556472,1751925169.641265,batch_consumer-sts-0_20250707_215252_640763.csv,True,False,False,1751925379.8232613,633567.6140785217
159115,1751924746.255831,1751925169.6676674,batch_consumer-sts-0_20250707_215252_640763.csv,True,False,False,1751925379.8232613,633567.4302577972
159125,1751924746.2560165,1751925169.6950386,batch_consumer-sts-0_20250707_215252_640763.csv,True,False,False,1751925379.8232613,633567.2447681427
159135,1751924746.2562048,1751925169.7217746,batch_consumer-sts-0_20250707_215252_640763.csv,True,False,False,1751925379.8232613,633567.0564174652
159145,1751924746.2564197,1751925169.7506883,batch_consumer-sts-0_20250707_215252_640763.csv,True,False,False,1751925379.8232613,633566.8416023254
159155,1751924746.256624,1751925169.7787163,batch_consumer-sts-0_20250707_215252_640763.csv,True,False,False,1751925379.8232613,633566.6372776031
159165,1751924746.2568123,1751925169.806674,batch_consumer-sts-0_20250707_215252_640763.csv,True,False,False,1751925379.8232613,633566.4489269257
159175,1751924746.2569966,1751925169.8345957,batch_consumer-sts-0_20250707_215252_640763.csv,True,False,False,1751925379.8232613,633566.264629364
159185,1751924746.2571783,1751925169.8623693,batch_consumer-sts-0_20250707_215252_640763.csv,True,False,False,1751925379.8232613,633566.0829544067
159195,1751924746.2573917,1751925169.9157708,batch_consumer-sts-0_20250707_215252_640763.csv,True,False,False,1751925379.8232613,633565.8695697784
159205,1751924746.2575898,1751925169.9434693,batch_consumer-sts-0_20250707_215252_640763.csv,True,False,False,1751925379.8232613,633565.6714439392
159215,1751924746.257796,1751925169.970855,batch_consumer-sts-0_20250707_215252_640763.csv,True,False,False,1751925379.8232613,633565.4652118683
159225,1751924746.257993,1751925169.9984095,batch_consumer-sts-0_20250707_215252_640763.csv,True,False,False,1751925379.8232613,633565.268278122
159235,1751924746.2581956,1751925170.4740446,batch_consumer-sts-0_20250707_215252_640763.csv,True,False,False,1751925379.8232613,633565.0656223297
159245,1751924746.258431,1751925170.499895,batch_consumer-sts-0_20250707_215252_640763.csv,True,False,False,1751925379.8232613,633564.8303031921
159255,1751924746.258626,1751925170.5268252,batch_consumer-sts-0_20250707_215252_640763.csv,True,False,False,1751925379.8232613,633564.6352767944
159265,1751924746.2590065,1751925170.5535564,batch_consumer-sts-0_20250707_215252_640763.csv,True,False,False,1751925379.8232613,633564.2547607422
159275,1751924746.2593832,1751925170.580803,batch_consumer-sts-0_20250707_215252_640763.csv,True,False,False,1751925379.8232613,633563.8780593872
159285,1751924746.2597618,1751925170.6076102,batch_consumer-sts-0_20250707_215252_640763.csv,True,False,False,1751925379.8232613,633563.4994506836
159295,1751924746.259956,1751925170.634372,batch_consumer-sts-0_20250707_215252_640763.csv,True,False,False,1751925379.8232613,633563.3053779602
159305,1751924746.2601497,1751925170.661292,batch_consumer-sts-0_20250707_215252_640763.csv,True,False,False,1751925379.8232613,633563.1115436554
159315,1751924746.2603362,1751925170.6880765,batch_consumer-sts-0_20250707_215252_640763.csv,True,False,False,1751925379.8232613,633562.9251003265
159325,1751924746.2605247,1751925170.7141614,batch_consumer-sts-0_20250707_215252_640763.csv,True,False,False,1751925379.8232613,633562.7365112305
159335,1751924746.2607143,1751925170.742445,batch_consumer-sts-0_20250707_215252_640763.csv,True,False,False,1751925379.8232613,633562.5469684601
159345,1751924746.2608986,1751925170.7689126,batch_consumer-sts-0_20250707_215252_640763.csv,True,False,False,1751925379.8232613,633562.3626708984
159355,1751924746.2610977,1751925170.7953267,batch_consumer-sts-0_20250707_215252_640763.csv,True,False,False,1751925379.8232613,633562.1635913849
159365,1751924746.261275,1751925170.8214731,batch_consumer-sts-0_20250707_215252_640763.csv,True,False,False,1751925379.8232613,633561.986207962
159375,1751924746.2614543,1751925170.8481686,batch_consumer-sts-0_20250707_215252_640763.csv,True,False,False,1751925379.8232613,633561.8069171906
159385,1751924746.261633,1751925170.8748827,batch_consumer-sts-0_20250707_215252_640763.csv,True,False,False,1751925379.8232613,633561.6283416748
159395,1751924746.2618084,1751925170.9014902,batch_consumer-sts-0_20250707_215252_640763.csv,True,False,False,1751925379.8232613,633561.4528656006
159405,1751924746.2619822,1751925170.9282134,batch_consumer-sts-0_20250707_215252_640763.csv,True,False,False,1751925379.8232613,633561.2790584564
159415,1751924746.2621706,1751925170.9555085,batch_consumer-sts-0_20250707_215252_640763.csv,True,False,False,1751925379.8232613,633561.0907077789
159425,1751924746.2623734,1751925170.9823203,batch_consumer-sts-0_20250707_215252_640763.csv,True,False,False,1751925379.8232613,633560.8878135681
159435,1751924746.2625628,1751925171.0100684,batch_consumer-sts-0_20250707_215252_640763.csv,True,False,False,1751925379.8232613,633560.6985092163
159445,1751924746.262753,1751925171.0401442,batch_consumer-sts-0_20250707_215252_640763.csv,True,False,False,1751925379.8232613,633560.5082511902
159455,1751924746.2629695,1751925171.068661,batch_consumer-sts-0_20250707_215252_640763.csv,True,False,False,1751925379.8232613,633560.2917671204
159465,1751924746.263187,1751925171.095677,batch_consumer-sts-0_20250707_215252_640763.csv,True,False,False,1751925379.8232613,633560.0743293762
159475,1751924746.263408,1751925171.1218903,batch_consumer-sts-0_20250707_215252_640763.csv,True,False,False,1751925379.8232613,633559.8533153534
159485,1751924746.2635972,1751925171.1486645,batch_consumer-sts-0_20250707_215252_640763.csv,True,False,False,1751925379.8232613,633559.6640110016
159495,1751924746.2637885,1751925171.175515,batch_consumer-sts-0_20250707_215252_640763.csv,True,False,False,1751925379.8232613,633559.4727993011
159505,1751924746.264015,1751925171.2016394,batch_consumer-sts-0_20250707_215252_640763.csv,True,False,False,1751925379.8232613,633559.246301651
159515,1751924746.2642286,1751925171.234486,batch_consumer-sts-0_20250707_215252_640763.csv,True,False,False,1751925379.8232613,633559.0326786041
159525,1751924746.264441,1751925171.2609775,batch_consumer-sts-0_20250707_215252_640763.csv,True,False,False,1751925379.8232613,633558.8202476501
159535,1751924746.264654,1751925171.2879517,batch_consumer-sts-0_20250707_215252_640763.csv,True,False,False,1751925379.8232613,633558.607339859
159545,1751924746.2648814,1751925171.3134906,batch_consumer-sts-0_20250707_215252_640763.csv,True,False,False,1751925379.8232613,633558.3798885345
159555,1751924746.265078,1751925171.3405635,batch_consumer-sts-0_20250707_215252_640763.csv,True,False,False,1751925379.8232613,633558.1831932068
159565,1751924746.265276,1751925171.3677478,batch_consumer-sts-0_20250707_215252_640763.csv,True,False,False,1751925379.8232613,633557.9853057861
159575,1751924746.265457,1751925171.394421,batch_consumer-sts-0_20250707_215252_640763.csv,True,False,False,1751925379.8232613,633557.8043460846
159585,1751924746.2656422,1751925171.420575,batch_consumer-sts-0_20250707_215252_640763.csv,True,False,False,1751925379.8232613,633557.6190948486
159595,1751924746.2658226,1751925171.4473767,batch_consumer-sts-0_20250707_215252_640763.csv,True,False,False,1751925379.8232613,633557.4386119843
159605,1751924746.2660153,1751925171.4741716,batch_consumer-sts-0_20250707_215252_640763.csv,True,False,False,1751925379.8232613,633557.2459697723
159615,1751924746.2662215,1751925171.5010698,batch_consumer-sts-0_20250707_215252_640763.csv,True,False,False,1751925379.8232613,633557.0397377014
159625,1751924746.266415,1751925171.5280714,batch_consumer-sts-0_20250707_215252_640763.csv,True,False,False,1751925379.8232613,633556.8461418152
159635,1751924746.2666109,1751925171.5549276,batch_consumer-sts-0_20250707_215252_640763.csv,True,False,False,1751925379.8232613,633556.6504001617
159645,1751924746.2668054,1751925171.5819142,batch_consumer-sts-0_20250707_215252_640763.csv,True,False,False,1751925379.8232613,633556.4558506012
159655,1751924746.2670028,1751925171.609119,batch_consumer-sts-0_20250707_215252_640763.csv,True,False,False,1751925379.8232613,633556.2584400177
159665,1751924746.267192,1751925171.6359437,batch_consumer-sts-0_20250707_215252_640763.csv,True,False,False,1751925379.8232613,633556.0693740845
159675,1751924746.2673974,1751925171.6656563,batch_consumer-sts-0_20250707_215252_640763.csv,True,False,False,1751925379.8232613,633555.8638572693
159685,1751924746.2675867,1751925171.6926458,batch_consumer-sts-0_20250707_215252_640763.csv,True,False,False,1751925379.8232613,633555.6745529175
159695,1751924746.2677732,1751925171.7192292,batch_consumer-sts-0_20250707_215252_640763.csv,True,False,False,1751925379.8232613,633555.4881095886
159705,1751924746.267958,1751925171.7460687,batch_consumer-sts-0_20250707_215252_640763.csv,True,False,False,1751925379.8232613,633555.3033351898
159715,1751924746.2681415,1751925171.7729173,batch_consumer-sts-0_20250707_215252_640763.csv,True,False,False,1751925379.8232613,633555.1197528839
159725,1751924746.2683237,1751925171.800941,batch_consumer-sts-0_20250707_215252_640763.csv,True,False,False,1751925379.8232613,633554.9376010895
159735,1751924746.2685108,1751925171.8272054,batch_consumer-sts-0_20250707_215252_640763.csv,True,False,False,1751925379.8232613,633554.7504425049
159745,1751924746.2686963,1751925171.8541448,batch_consumer-sts-0_20250707_215252_640763.csv,True,False,False,1751925379.8232613,633554.5649528503
159755,1751924746.268884,1751925171.881186,batch_consumer-sts-0_20250707_215252_640763.csv,True,False,False,1751925379.8232613,633554.3773174286
159765,1751924746.2690718,1751925171.9078965,batch_consumer-sts-0_20250707_215252_640763.csv,True,False,False,1751925379.8232613,633554.1894435883
159775,1751924746.269263,1751925171.9347692,batch_consumer-sts-0_20250707_215252_640763.csv,True,False,False,1751925379.8232613,633553.9982318878
159785,1751924746.2694504,1751925171.9621327,batch_consumer-sts-0_20250707_215252_640763.csv,True,False,False,1751925379.8232613,633553.8108348846
159795,1751924746.269636,1751925171.9888484,batch_consumer-sts-0_20250707_215252_640763.csv,True,False,False,1751925379.8232613,633553.6253452301
159805,1751924746.269824,1751925172.015295,batch_consumer-sts-0_20250707_215252_640763.csv,True,False,False,1751925379.8232613,633553.4372329712
159815,1751924746.2700114,1751925172.0424788,batch_consumer-sts-0_20250707_215252_640763.csv,True,False,False,1751925379.8232613,633553.249835968
159825,1751924746.2702065,1751925172.069366,batch_consumer-sts-0_20250707_215252_640763.csv,True,False,False,1751925379.8232613,633553.0548095703
159835,1751924746.270393,1751925172.0962007,batch_consumer-sts-0_20250707_215252_640763.csv,True,False,False,1751925379.8232613,633552.8683662415
159845,1751924746.2705753,1751925172.121144,batch_consumer-sts-0_20250707_215252_640763.csv,True,False,False,1751925379.8232613,633552.6859760284
159855,1751924746.2707632,1751925172.1486735,batch_consumer-sts-0_20250707_215252_640763.csv,True,False,False,1751925379.8232613,633552.4981021881
159865,1751924746.2709455,1751925172.1818442,batch_consumer-sts-0_20250707_215252_640763.csv,True,False,False,1751925379.8232613,633552.3157119751
159875,1751924746.2711325,1751925172.2088292,batch_consumer-sts-0_20250707_215252_640763.csv,True,False,False,1751925379.8232613,633552.1287918091
159885,1751924746.2713134,1751925172.2349212,batch_consumer-sts-0_20250707_215252_640763.csv,True,False,False,1751925379.8232613,633551.9478321075
159895,1751924746.2714934,1751925172.2619412,batch_consumer-sts-0_20250707_215252_640763.csv,True,False,False,1751925379.8232613,633551.7678260803
159905,1751924746.2716818,1751925172.290554,batch_consumer-sts-0_20250707_215252_640763.csv,True,False,False,1751925379.8232613,633551.5794754028
159915,1751924746.2718654,1751925172.316949,batch_consumer-sts-0_20250707_215252_640763.csv,True,False,False,1751925379.8232613,633551.3958930969
159925,1751924746.2720506,1751925172.34374,batch_consumer-sts-0_20250707_215252_640763.csv,True,False,False,1751925379.8232613,633551.210641861
159935,1751924746.2722924,1751925172.3703876,batch_consumer-sts-0_20250707_215252_640763.csv,True,False,False,1751925379.8232613,633550.9688854218
159945,1751924746.272473,1751925172.397776,batch_consumer-sts-0_20250707_215252_640763.csv,True,False,False,1751925379.8232613,633550.7881641388
159955,1751924746.2726593,1751925172.4242735,batch_consumer-sts-0_20250707_215252_640763.csv,True,False,False,1751925379.8232613,633550.6019592285
159965,1751924746.2728434,1751925172.4528918,batch_consumer-sts-0_20250707_215252_640763.csv,True,False,False,1751925379.8232613,633550.4179000854
159975,1751924746.273059,1751925172.4789495,batch_consumer-sts-0_20250707_215252_640763.csv,True,False,False,1751925379.8232613,633550.2023696899
165965,1751924748.4438715,1751925172.5041907,batch_consumer-sts-0_20250707_215252_640763.csv,True,False,False,1751925379.8232613,631379.3897628784
165975,1751924748.444197,1751925172.531088,batch_consumer-sts-0_20250707_215252_640763.csv,True,False,False,1751925379.8232613,631379.064321518
165985,1751924748.444461,1751925172.55818,batch_consumer-sts-0_20250707_215252_640763.csv,True,False,False,1751925379.8232613,631378.8001537323
165995,1751924748.4446902,1751925172.5858507,batch_consumer-sts-0_20250707_215252_640763.csv,True,False,False,1751925379.8232613,631378.5710334778
166005,1751924748.4449134,1751925172.6130197,batch_consumer-sts-0_20250707_215252_640763.csv,True,False,False,1751925379.8232613,631378.3478736877
166015,1751924748.4451418,1751925174.22994,batch_consumer-sts-0_20250707_215313_290215.csv,True,False,False,1751925379.8232613,631378.119468689
166025,1751924748.4453652,1751925174.2579143,batch_consumer-sts-0_20250707_215313_290215.csv,True,False,False,1751925379.8232613,631377.8960704803
166035,1751924748.445624,1751925174.2854526,batch_consumer-sts-0_20250707_215313_290215.csv,True,False,False,1751925379.8232613,631377.6371479034
166045,1751924748.4458745,1751925174.3124657,batch_consumer-sts-0_20250707_215313_290215.csv,True,False,False,1751925379.8232613,631377.3868083954
166055,1751924748.446094,1751925174.3419929,batch_consumer-sts-0_20250707_215313_290215.csv,True,False,False,1751925379.8232613,631377.167224884
166065,1751924748.4463294,1751925174.3695903,batch_consumer-sts-0_20250707_215313_290215.csv,True,False,False,1751925379.8232613,631376.9319057465
166075,1751924748.4465566,1751925174.397236,batch_consumer-sts-0_20250707_215313_290215.csv,True,False,False,1751925379.8232613,631376.7046928406
166085,1751924748.4467776,1751925174.42493,batch_consumer-sts-0_20250707_215313_290215.csv,True,False,False,1751925379.8232613,631376.4836788177
166095,1751924748.4469988,1751925174.452623,batch_consumer-sts-0_20250707_215313_290215.csv,True,False,False,1751925379.8232613,631376.2624263763
166105,1751924748.4472277,1751925174.4803174,batch_consumer-sts-0_20250707_215313_290215.csv,True,False,False,1751925379.8232613,631376.0335445404
166115,1751924748.4474585,1751925174.508972,batch_consumer-sts-0_20250707_215313_290215.csv,True,False,False,1751925379.8232613,631375.8027553558
166125,1751924748.4476397,1751925174.5368156,batch_consumer-sts-0_20250707_215313_290215.csv,True,False,False,1751925379.8232613,631375.6215572357
166135,1751924748.4478228,1751925174.564366,batch_consumer-sts-0_20250707_215313_290215.csv,True,False,False,1751925379.8232613,631375.438451767
166145,1751924748.4480145,1751925174.5922737,batch_consumer-sts-0_20250707_215313_290215.csv,True,False,False,1751925379.8232613,631375.2467632294
166155,1751924748.4482045,1751925174.619196,batch_consumer-sts-0_20250707_215313_290215.csv,True,False,False,1751925379.8232613,631375.0567436218
166165,1751924748.448395,1751925174.6457283,batch_consumer-sts-0_20250707_215313_290215.csv,True,False,False,1751925379.8232613,631374.8662471771
166175,1751924748.4485776,1751925174.673243,batch_consumer-sts-0_20250707_215313_290215.csv,True,False,False,1751925379.8232613,631374.6836185455
166185,1751924748.4488003,1751925174.6995294,batch_consumer-sts-0_20250707_215313_290215.csv,True,False,False,1751925379.8232613,631374.4609355927
166195,1751924748.4490209,1751925174.7280495,batch_consumer-sts-0_20250707_215313_290215.csv,True,False,False,1751925379.8232613,631374.240398407
166205,1751924748.4492218,1751925174.7553174,batch_consumer-sts-0_20250707_215313_290215.csv,True,False,False,1751925379.8232613,631374.0394115448
166215,1751924748.449419,1751925174.7831042,batch_consumer-sts-0_20250707_215313_290215.csv,True,False,False,1751925379.8232613,631373.8422393799
166225,1751924748.449628,1751925174.8099737,batch_consumer-sts-0_20250707_215313_290215.csv,True,False,False,1751925379.8232613,631373.633146286
166235,1751924748.449829,1751925174.8384054,batch_consumer-sts-0_20250707_215313_290215.csv,True,False,False,1751925379.8232613,631373.4321594238
166245,1751924748.45003,1751925174.866284,batch_consumer-sts-0_20250707_215313_290215.csv,True,False,False,1751925379.8232613,631373.2311725616
166255,1751924748.4502318,1751925174.893608,batch_consumer-sts-0_20250707_215313_290215.csv,True,False,False,1751925379.8232613,631373.0294704437
166265,1751924748.4504406,1751925174.9211287,batch_consumer-sts-0_20250707_215313_290215.csv,True,False,False,1751925379.8232613,631372.8206157684
166275,1751924748.4506376,1751925174.9483807,batch_consumer-sts-0_20250707_215313_290215.csv,True,False,False,1751925379.8232613,631372.6236820221
166285,1751924748.4508348,1751925174.9750178,batch_consumer-sts-0_20250707_215313_290215.csv,True,False,False,1751925379.8232613,631372.4265098572
166295,1751924748.451032,1751925175.2175746,batch_consumer-sts-0_20250707_215313_290215.csv,True,False,False,1751925379.8232613,631372.2293376923
166305,1751924748.4512253,1751925175.3511937,batch_consumer-sts-0_20250707_215313_290215.csv,True,False,False,1751925379.8232613,631372.0359802246
166315,1751924748.4514203,1751925175.3777745,batch_consumer-sts-0_20250707_215313_290215.csv,True,False,False,1751925379.8232613,631371.8409538269
166325,1751924748.45161,1751925175.4051127,batch_consumer-sts-0_20250707_215313_290215.csv,True,False,False,1751925379.8232613,631371.6511726379
166335,1751924748.4518018,1751925175.4319568,batch_consumer-sts-0_20250707_215313_290215.csv,True,False,False,1751925379.8232613,631371.4594841003
166345,1751924748.451984,1751925175.4589171,batch_consumer-sts-0_20250707_215313_290215.csv,True,False,False,1751925379.8232613,631371.2773323059
166355,1751924748.4521775,1751925175.485886,batch_consumer-sts-0_20250707_215313_290215.csv,True,False,False,1751925379.8232613,631371.0837364197
166365,1751924748.452364,1751925175.686546,batch_consumer-sts-0_20250707_215313_290215.csv,True,False,False,1751925379.8232613,631370.8972930908
166375,1751924748.4525473,1751925175.7130525,batch_consumer-sts-0_20250707_215313_290215.csv,True,False,False,1751925379.8232613,631370.7139492035
166385,1751924748.452755,1751925175.7396896,batch_consumer-sts-0_20250707_215313_290215.csv,True,False,False,1751925379.8232613,631370.5062866211
166395,1751924748.4529333,1751925175.7658732,batch_consumer-sts-0_20250707_215313_290215.csv,True,False,False,1751925379.8232613,631370.3279495239
166405,1751924748.4531243,1751925175.79267,batch_consumer-sts-0_20250707_215313_290215.csv,True,False,False,1751925379.8232613,631370.1369762421
166415,1751924748.4533107,1751925175.81937,batch_consumer-sts-0_20250707_215313_290215.csv,True,False,False,1751925379.8232613,631369.9505329132
166425,1751924748.4535067,1751925175.8460004,batch_consumer-sts-0_20250707_215313_290215.csv,True,False,False,1751925379.8232613,631369.7545528412
166435,1751924748.4536965,1751925175.8732967,batch_consumer-sts-0_20250707_215313_290215.csv,True,False,False,1751925379.8232613,631369.5647716522
166445,1751924748.453885,1751925175.9002054,batch_consumer-sts-0_20250707_215313_290215.csv,True,False,False,1751925379.8232613,631369.3761825562
166455,1751924748.454094,1751925175.92744,batch_consumer-sts-0_20250707_215313_290215.csv,True,False,False,1751925379.8232613,631369.1673278809
166465,1751924748.4543338,1751925175.955863,batch_consumer-sts-0_20250707_215313_290215.csv,True,False,False,1751925379.8232613,631368.9274787903
166475,1751924748.454564,1751925175.9834049,batch_consumer-sts-0_20250707_215313_290215.csv,True,False,False,1751925379.8232613,631368.6971664429
166485,1751924748.4547863,1751925176.0104363,batch_consumer-sts-0_20250707_215313_290215.csv,True,False,False,1751925379.8232613,631368.4749603271
166495,1751924748.4549987,1751925176.0416746,batch_consumer-sts-0_20250707_215313_290215.csv,True,False,False,1751925379.8232613,631368.2625293732
166505,1751924748.4552224,1751925176.0692246,batch_consumer-sts-0_20250707_215313_290215.csv,True,False,False,1751925379.8232613,631368.038892746
166515,1751924748.4554553,1751925176.0960915,batch_consumer-sts-0_20250707_215313_290215.csv,True,False,False,1751925379.8232613,631367.8059577942
166525,1751924748.4556658,1751925176.1250384,batch_consumer-sts-0_20250707_215313_290215.csv,True,False,False,1751925379.8232613,631367.5954341888
166535,1751924748.4558525,1751925176.1522236,batch_consumer-sts-0_20250707_215313_290215.csv,True,False,False,1751925379.8232613,631367.4087524414
166545,1751924748.456058,1751925176.178863,batch_consumer-sts-0_20250707_215313_290215.csv,True,False,False,1751925379.8232613,631367.2032356262
166555,1751924748.456252,1751925176.2064848,batch_consumer-sts-0_20250707_215313_290215.csv,True,False,False,1751925379.8232613,631367.0091629028
166565,1751924748.4564586,1751925176.2334352,batch_consumer-sts-0_20250707_215313_290215.csv,True,False,False,1751925379.8232613,631366.8026924133
166575,1751924748.456654,1751925176.2601583,batch_consumer-sts-0_20250707_215313_290215.csv,True,False,False,1751925379.8232613,631366.6071891785
166585,1751924748.4568484,1751925176.28925,batch_consumer-sts-0_20250707_215313_290215.csv,True,False,False,1751925379.8232613,631366.4128780365
166595,1751924748.4570458,1751925176.315396,batch_consumer-sts-0_20250707_215313_290215.csv,True,False,False,1751925379.8232613,631366.215467453
166605,1751924748.4572496,1751925176.3434486,batch_consumer-sts-0_20250707_215313_290215.csv,True,False,False,1751925379.8232613,631366.0116195679
166615,1751924748.457449,1751925176.3698747,batch_consumer-sts-0_20250707_215313_290215.csv,True,False,False,1751925379.8232613,631365.8123016357
166625,1751924748.457656,1751925176.3955836,batch_consumer-sts-0_20250707_215313_290215.csv,True,False,False,1751925379.8232613,631365.6053543091
166635,1751924748.4578528,1751925176.4215946,batch_consumer-sts-0_20250707_215313_290215.csv,True,False,False,1751925379.8232613,631365.4084205627
166645,1751924748.4580636,1751925176.4489565,batch_consumer-sts-0_20250707_215313_290215.csv,True,False,False,1751925379.8232613,631365.1976585388
166655,1751924748.4582765,1751925176.4750233,batch_consumer-sts-0_20250707_215313_290215.csv,True,False,False,1751925379.8232613,631364.9847507477
166665,1751924748.4585533,1751925176.5018995,batch_consumer-sts-0_20250707_215313_290215.csv,True,False,False,1751925379.8232613,631364.7079467773
166675,1751924748.4587517,1751925176.5301552,batch_consumer-sts-0_20250707_215313_290215.csv,True,False,False,1751925379.8232613,631364.5095825195
166685,1751924748.4589458,1751925176.5571983,batch_consumer-sts-0_20250707_215313_290215.csv,True,False,False,1751925379.8232613,631364.3155097961
166695,1751924748.4591331,1751925176.5879705,batch_consumer-sts-0_20250707_215313_290215.csv,True,False,False,1751925379.8232613,631364.128112793
166705,1751924748.459341,1751925176.6142125,batch_consumer-sts-0_20250707_215313_290215.csv,True,False,False,1751925379.8232613,631363.920211792
166715,1751924748.4595258,1751925176.646258,batch_consumer-sts-0_20250707_215313_290215.csv,True,False,False,1751925379.8232613,631363.7354373932
166725,1751924748.4597087,1751925176.6729748,batch_consumer-sts-0_20250707_215313_290215.csv,True,False,False,1751925379.8232613,631363.552570343
166735,1751924748.4598942,1751925176.699613,batch_consumer-sts-0_20250707_215313_290215.csv,True,False,False,1751925379.8232613,631363.3670806885
166745,1751924748.4600797,1751925176.7263155,batch_consumer-sts-0_20250707_215313_290215.csv,True,False,False,1751925379.8232613,631363.1815910339
166755,1751924748.4602635,1751925176.753379,batch_consumer-sts-0_20250707_215313_290215.csv,True,False,False,1751925379.8232613,631362.9977703094
166765,1751924748.4604526,1751925176.7801316,batch_consumer-sts-0_20250707_215313_290215.csv,True,False,False,1751925379.8232613,631362.8087043762
166775,1751924748.460633,1751925176.806957,batch_consumer-sts-0_20250707_215313_290215.csv,True,False,False,1751925379.8232613,631362.6282215118
166785,1751924748.460809,1751925176.8337648,batch_consumer-sts-0_20250707_215313_290215.csv,True,False,False,1751925379.8232613,631362.4522686005
166795,1751924748.4609923,1751925176.8654535,batch_consumer-sts-0_20250707_215313_290215.csv,True,False,False,1751925379.8232613,631362.2689247131
166805,1751924748.461171,1751925176.8929653,batch_consumer-sts-0_20250707_215313_290215.csv,True,False,False,1751925379.8232613,631362.0903491974
166815,1751924748.4613564,1751925176.9195232,batch_consumer-sts-0_20250707_215313_290215.csv,True,False,False,1751925379.8232613,631361.9048595428
166825,1751924748.461542,1751925176.9469447,batch_consumer-sts-0_20250707_215313_290215.csv,True,False,False,1751925379.8232613,631361.7193698883
166835,1751924748.4617295,1751925176.974095,batch_consumer-sts-0_20250707_215313_290215.csv,True,False,False,1751925379.8232613,631361.5317344666
166845,1751924748.4619114,1751925177.0014677,batch_consumer-sts-0_20250707_215313_290215.csv,True,False,False,1751925379.8232613,631361.3498210907
166855,1751924748.4620965,1751925177.0291429,batch_consumer-sts-0_20250707_215313_290215.csv,True,False,False,1751925379.8232613,631361.1648082733
166865,1751924748.4623122,1751925177.056605,batch_consumer-sts-0_20250707_215313_290215.csv,True,False,False,1751925379.8232613,631360.9490394592
166875,1751924748.4625103,1751925177.0834484,batch_consumer-sts-0_20250707_215313_290215.csv,True,False,False,1751925379.8232613,631360.75091362
166885,1751924748.462704,1751925177.1112463,batch_consumer-sts-0_20250707_215313_290215.csv,True,False,False,1751925379.8232613,631360.5573177338
166895,1751924748.4628968,1751925177.1387832,batch_consumer-sts-0_20250707_215313_290215.csv,True,False,False,1751925379.8232613,631360.3644371033
166905,1751924748.4630878,1751925177.16638,batch_consumer-sts-0_20250707_215313_290215.csv,True,False,False,1751925379.8232613,631360.1734638214
166915,1751924748.4632766,1751925177.1943257,batch_consumer-sts-0_20250707_215313_290215.csv,True,False,False,1751925379.8232613,631359.9846363068
166925,1751924748.4634714,1751925177.2205942,batch_consumer-sts-0_20250707_215313_290215.csv,True,False,False,1751925379.8232613,631359.7898483276
166935,1751924748.4636607,1751925177.2498686,batch_consumer-sts-0_20250707_215313_290215.csv,True,False,False,1751925379.8232613,631359.6005439758
166945,1751924748.4638562,1751925177.2771776,batch_consumer-sts-0_20250707_215313_290215.csv,True,False,False,1751925379.8232613,631359.405040741
166955,1751924748.4640553,1751925177.304603,batch_consumer-sts-0_20250707_215313_290215.csv,True,False,False,1751925379.8232613,631359.2059612274
166965,1751924748.4642432,1751925177.3319402,batch_consumer-sts-0_20250707_215313_290215.csv,True,False,False,1751925379.8232613,631359.0180873871
166975,1751924748.46445,1751925177.3596404,batch_consumer-sts-0_20250707_215313_290215.csv,True,False,False,1751925379.8232613,631358.811378479
166985,1751924748.4646287,1751925177.3890295,batch_consumer-sts-0_20250707_215313_290215.csv,True,False,False,1751925379.8232613,631358.6325645447
166995,1751924748.464813,1751925177.4161534,batch_consumer-sts-0_20250707_215313_290215.csv,True,False,False,1751925379.8232613,631358.448266983
167005,1751924748.464995,1751925177.4437878,batch_consumer-sts-0_20250707_215313_290215.csv,True,False,False,1751925379.8232613,631358.2663536072
167015,1751924748.4651806,1751925177.471,batch_consumer-sts-0_20250707_215313_290215.csv,True,False,False,1751925379.8232613,631358.080625534
167025,1751924748.4654107,1751925177.4989495,batch_consumer-sts-0_20250707_215313_290215.csv,True,False,False,1751925379.8232613,631357.8505516052
167035,1751924748.4656148,1751925177.5256767,batch_consumer-sts-0_20250707_215313_290215.csv,True,False,False,1751925379.8232613,631357.6464653015
167045,1751924748.465813,1751925177.5541797,batch_consumer-sts-0_20250707_215313_290215.csv,True,False,False,1751925379.8232613,631357.4483394623
167055,1751924748.466009,1751925177.580925,batch_consumer-sts-0_20250707_215313_290215.csv,True,False,False,1751925379.8232613,631357.2523593903
167065,1751924748.4662142,1751925177.6089056,batch_consumer-sts-0_20250707_215313_290215.csv,True,False,False,1751925379.8232613,631357.0470809937
167075,1751924748.4664185,1751925177.6365163,batch_consumer-sts-0_20250707_215313_290215.csv,True,False,False,1751925379.8232613,631356.8427562714
167085,1751924748.4666193,1751925177.6636777,batch_consumer-sts-0_20250707_215313_290215.csv,True,False,False,1751925379.8232613,631356.6420078278
167095,1751924748.466823,1751925177.6908157,batch_consumer-sts-0_20250707_215313_290215.csv,True,False,False,1751925379.8232613,631356.4381599426
167105,1751924748.4670205,1751925177.7171352,batch_consumer-sts-0_20250707_215313_290215.csv,True,False,False,1751925379.8232613,631356.2407493591
167115,1751924748.467224,1751925177.7480826,batch_consumer-sts-0_20250707_215313_290215.csv,True,False,False,1751925379.8232613,631356.0373783112
167125,1751924748.4674206,1751925177.7785337,batch_consumer-sts-0_20250707_215313_290215.csv,True,False,False,1751925379.8232613,631355.8406829834
167135,1751924748.467629,1751925177.8055224,batch_consumer-sts-0_20250707_215313_290215.csv,True,False,False,1751925379.8232613,631355.6323051453
167145,1751924748.4678178,1751925177.8322952,batch_consumer-sts-0_20250707_215313_290215.csv,True,False,False,1751925379.8232613,631355.4434776306
167155,1751924748.4680085,1751925177.859748,batch_consumer-sts-0_20250707_215313_290215.csv,True,False,False,1751925379.8232613,631355.2527427673
167165,1751924748.4681966,1751925177.886729,batch_consumer-sts-0_20250707_215313_290215.csv,True,False,False,1751925379.8232613,631355.0646305084
167175,1751924748.4684048,1751925177.912649,batch_consumer-sts-0_20250707_215313_290215.csv,True,False,False,1751925379.8232613,631354.8564910889
167185,1751924748.4686043,1751925177.9393237,batch_consumer-sts-0_20250707_215313_290215.csv,True,False,False,1751925379.8232613,631354.6569347382
167195,1751924748.4687967,1751925177.965902,batch_consumer-sts-0_20250707_215313_290215.csv,True,False,False,1751925379.8232613,631354.4645309448
167205,1751924748.468995,1751925177.992853,batch_consumer-sts-0_20250707_215313_290215.csv,True,False,False,1751925379.8232613,631354.266166687
167215,1751924748.4692018,1751925178.0189407,batch_consumer-sts-0_20250707_215313_290215.csv,True,False,False,1751925379.8232613,631354.0594577789
167225,1751924748.4694498,1751925178.044485,batch_consumer-sts-0_20250707_215313_290215.csv,True,False,False,1751925379.8232613,631353.8115024567
167235,1751924748.4696472,1751925178.5846152,batch_consumer-sts-0_20250707_215313_290215.csv,True,False,False,1751925379.8232613,631353.6140918732
167245,1751924748.4698462,1751925178.6114273,batch_consumer-sts-0_20250707_215313_290215.csv,True,False,False,1751925379.8232613,631353.4150123596
167255,1751924748.4700518,1751925178.638178,batch_consumer-sts-0_20250707_215313_290215.csv,True,False,False,1751925379.8232613,631353.2094955444
167265,1751924748.4702675,1751925178.6659243,batch_consumer-sts-0_20250707_215313_290215.csv,True,False,False,1751925379.8232613,631352.9937267303
167275,1751924748.470468,1751925178.693184,batch_consumer-sts-0_20250707_215313_290215.csv,True,False,False,1751925379.8232613,631352.7932167053
167285,1751924748.4706607,1751925178.7203994,batch_consumer-sts-0_20250707_215313_290215.csv,True,False,False,1751925379.8232613,631352.6005744934
167295,1751924748.4708562,1751925178.7474153,batch_consumer-sts-0_20250707_215313_290215.csv,True,False,False,1751925379.8232613,631352.4050712585
167305,1751924748.471058,1751925178.7745843,batch_consumer-sts-0_20250707_215313_290215.csv,True,False,False,1751925379.8232613,631352.2033691406
167315,1751924748.4712543,1751925178.8015456,batch_consumer-sts-0_20250707_215313_290215.csv,True,False,False,1751925379.8232613,631352.0069122314
167325,1751924748.471445,1751925178.828385,batch_consumer-sts-0_20250707_215313_290215.csv,True,False,False,1751925379.8232613,631351.8161773682
167335,1751924748.4716332,1751925178.8551345,batch_consumer-sts-0_20250707_215313_290215.csv,True,False,False,1751925379.8232613,631351.6280651093
167345,1751924748.471825,1751925178.884055,batch_consumer-sts-0_20250707_215313_290215.csv,True,False,False,1751925379.8232613,631351.4363765717
167355,1751924748.472021,1751925178.910264,batch_consumer-sts-0_20250707_215313_290215.csv,True,False,False,1751925379.8232613,631351.240158081
167365,1751924748.472277,1751925178.9410558,batch_consumer-sts-0_20250707_215313_290215.csv,True,False,False,1751925379.8232613,631350.9843349457
167375,1751924748.4724553,1751925178.9667425,batch_consumer-sts-0_20250707_215313_290215.csv,True,False,False,1751925379.8232613,631350.8059978485
167385,1751924748.472648,1751925178.9929714,batch_consumer-sts-0_20250707_215313_290215.csv,True,False,False,1751925379.8232613,631350.6133556366
167395,1751924748.4728444,1751925179.0190427,batch_consumer-sts-0_20250707_215313_290215.csv,True,False,False,1751925379.8232613,631350.4168987274
167405,1751924748.4730568,1751925179.0556054,batch_consumer-sts-0_20250707_215313_290215.csv,True,False,False,1751925379.8232613,631350.2044677734
167415,1751924748.4732482,1751925180.0875502,batch_consumer-sts-0_20250707_215313_290215.csv,True,False,False,1751925379.8232613,631350.0130176544
167425,1751924748.47347,1751925180.1919994,batch_consumer-sts-0_20250707_215313_290215.csv,True,False,False,1751925379.8232613,631349.7912883759
167435,1751924748.4736888,1751925180.2189484,batch_consumer-sts-0_20250707_215313_290215.csv,True,False,False,1751925379.8232613,631349.5724201202
183145,1751924754.029633,1751925180.247548,batch_consumer-sts-0_20250707_215313_290215.csv,True,False,False,1751925379.8232613,625793.6282157898
183155,1751924754.0299776,1751925180.2761598,batch_consumer-sts-0_20250707_215313_290215.csv,True,False,False,1751925379.8232613,625793.283700943
183165,1751924754.030366,1751925180.3040123,batch_consumer-sts-0_20250707_215313_290215.csv,True,False,False,1751925379.8232613,625792.8953170776
183175,1751924754.030728,1751925180.3298483,batch_consumer-sts-0_20250707_215313_290215.csv,True,False,False,1751925379.8232613,625792.533159256
183185,1751924754.0310848,1751925180.3562877,batch_consumer-sts-0_20250707_215313_290215.csv,True,False,False,1751925379.8232613,625792.1764850616
183195,1751924754.0314546,1751925180.38358,batch_consumer-sts-0_20250707_215313_290215.csv,True,False,False,1751925379.8232613,625791.8066978455
183205,1751924754.0317793,1751925180.4107275,batch_consumer-sts-0_20250707_215313_290215.csv,True,False,False,1751925379.8232613,625791.4819717407
183215,1751924754.0321066,1751925180.438462,batch_consumer-sts-0_20250707_215313_290215.csv,True,False,False,1751925379.8232613,625791.1546230316
183225,1751924754.032437,1751925180.4654918,batch_consumer-sts-0_20250707_215313_290215.csv,True,False,False,1751925379.8232613,625790.824174881
183235,1751924754.0327764,1751925180.492919,batch_consumer-sts-0_20250707_215313_290215.csv,True,False,False,1751925379.8232613,625790.4849052429
183245,1751924754.0331123,1751925180.519296,batch_consumer-sts-0_20250707_215313_290215.csv,True,False,False,1751925379.8232613,625790.148973465
183255,1751924754.0334375,1751925180.5463736,batch_consumer-sts-0_20250707_215313_290215.csv,True,False,False,1751925379.8232613,625789.8237705231
183265,1751924754.033775,1751925180.572989,batch_consumer-sts-0_20250707_215313_290215.csv,True,False,False,1751925379.8232613,625789.4861698151
183275,1751924754.034119,1751925180.6024055,batch_consumer-sts-0_20250707_215313_290215.csv,True,False,False,1751925379.8232613,625789.142370224
183285,1751924754.0345182,1751925180.8577156,batch_consumer-sts-0_20250707_215313_290215.csv,True,False,False,1751925379.8232613,625788.743019104
183295,1751924754.0348818,1751925180.884541,batch_consumer-sts-0_20250707_215313_290215.csv,True,False,False,1751925379.8232613,625788.3794307709
183305,1751924754.035231,1751925180.910791,batch_consumer-sts-0_20250707_215313_290215.csv,True,False,False,1751925379.8232613,625788.0301475525
183315,1751924754.0355806,1751925180.937287,batch_consumer-sts-0_20250707_215313_290215.csv,True,False,False,1751925379.8232613,625787.6806259155
183325,1751924754.0359056,1751925180.9641654,batch_consumer-sts-0_20250707_215313_290215.csv,True,False,False,1751925379.8232613,625787.3556613922
183335,1751924754.0362406,1751925180.9909446,batch_consumer-sts-0_20250707_215313_290215.csv,True,False,False,1751925379.8232613,625787.0206832886
183345,1751924754.0365703,1751925181.0176368,batch_consumer-sts-0_20250707_215313_290215.csv,True,False,False,1751925379.8232613,625786.6909503937
183355,1751924754.0368612,1751925181.0463684,batch_consumer-sts-0_20250707_215313_290215.csv,True,False,False,1751925379.8232613,625786.4000797272
183365,1751924754.0372088,1751925181.0738163,batch_consumer-sts-0_20250707_215313_290215.csv,True,False,False,1751925379.8232613,625786.0524654388
183375,1751924754.03754,1751925181.103527,batch_consumer-sts-0_20250707_215313_290215.csv,True,False,False,1751925379.8232613,625785.7213020325
183385,1751924754.0378768,1751925181.1309862,batch_consumer-sts-0_20250707_215313_290215.csv,True,False,False,1751925379.8232613,625785.3844165802
183395,1751924754.0382495,1751925181.1576045,batch_consumer-sts-0_20250707_215313_290215.csv,True,False,False,1751925379.8232613,625785.0117683411
183405,1751924754.038612,1751925181.1852615,batch_consumer-sts-0_20250707_215313_290215.csv,True,False,False,1751925379.8232613,625784.6493721008
183415,1751924754.0389698,1751925181.2126713,batch_consumer-sts-0_20250707_215313_290215.csv,True,False,False,1751925379.8232613,625784.2915058136
183425,1751924754.0393126,1751925181.2404008,batch_consumer-sts-0_20250707_215313_290215.csv,True,False,False,1751925379.8232613,625783.9486598969
183435,1751924754.0396583,1751925181.2672591,batch_consumer-sts-0_20250707_215313_290215.csv,True,False,False,1751925379.8232613,625783.6029529572
183445,1751924754.0400057,1751925181.294979,batch_consumer-sts-0_20250707_215313_290215.csv,True,False,False,1751925379.8232613,625783.2555770874
183455,1751924754.0403557,1751925181.321552,batch_consumer-sts-0_20250707_215313_290215.csv,True,False,False,1751925379.8232613,625782.9055786133
183465,1751924754.040702,1751925181.3508654,batch_consumer-sts-0_20250707_215313_290215.csv,True,False,False,1751925379.8232613,625782.5591564178
183475,1751924754.041049,1751925181.3769743,batch_consumer-sts-0_20250707_215313_290215.csv,True,False,False,1751925379.8232613,625782.2122573853
183485,1751924754.041391,1751925181.4038537,batch_consumer-sts-0_20250707_215313_290215.csv,True,False,False,1751925379.8232613,625781.8703651428
183495,1751924754.0417488,1751925181.4307215,batch_consumer-sts-0_20250707_215313_290215.csv,True,False,False,1751925379.8232613,625781.5124988556
183505,1751924754.0420735,1751925181.4579086,batch_consumer-sts-0_20250707_215313_290215.csv,True,False,False,1751925379.8232613,625781.1877727509
183515,1751924754.0424235,1751925181.4847574,batch_consumer-sts-0_20250707_215313_290215.csv,True,False,False,1751925379.8232613,625780.8377742767
183525,1751924754.0427408,1751925181.511209,batch_consumer-sts-0_20250707_215313_290215.csv,True,False,False,1751925379.8232613,625780.520439148
183535,1751924754.0430722,1751925181.5382228,batch_consumer-sts-0_20250707_215313_290215.csv,True,False,False,1751925379.8232613,625780.189037323
183545,1751924754.043401,1751925181.5650697,batch_consumer-sts-0_20250707_215313_290215.csv,True,False,False,1751925379.8232613,625779.8602581024
223065,1751924761.9222636,1751925181.5931191,batch_consumer-sts-0_20250707_215313_290215.csv,True,False,False,1751925379.8232613,617900.9976387024
223075,1751924761.922518,1751925181.6193917,batch_consumer-sts-0_20250707_215313_290215.csv,True,False,False,1751925379.8232613,617900.7432460785
223085,1751924761.922757,1751925181.6464531,batch_consumer-sts-0_20250707_215313_290215.csv,True,False,False,1751925379.8232613,617900.5043506622
223095,1751924761.9230063,1751925181.673767,batch_consumer-sts-0_20250707_215313_290215.csv,True,False,False,1751925379.8232613,617900.2549648285
223105,1751924761.9232483,1751925181.7021558,batch_consumer-sts-0_20250707_215313_290215.csv,True,False,False,1751925379.8232613,617900.0129699707
223115,1751924761.9234817,1751925181.729394,batch_consumer-sts-0_20250707_215313_290215.csv,True,False,False,1751925379.8232613,617899.7795581818
223125,1751924761.923709,1751925181.7564583,batch_consumer-sts-0_20250707_215313_290215.csv,True,False,False,1751925379.8232613,617899.5523452759
223135,1751924761.9239442,1751925181.7830176,batch_consumer-sts-0_20250707_215313_290215.csv,True,False,False,1751925379.8232613,617899.3170261383
223145,1751924761.924183,1751925181.809764,batch_consumer-sts-0_20250707_215313_290215.csv,True,False,False,1751925379.8232613,617899.0783691406
223155,1751924761.9244227,1751925181.8364966,batch_consumer-sts-0_20250707_215313_290215.csv,True,False,False,1751925379.8232613,617898.83852005
223165,1751924761.9246578,1751925181.8667638,batch_consumer-sts-0_20250707_215313_290215.csv,True,False,False,1751925379.8232613,617898.603439331
223175,1751924761.924901,1751925181.8938348,batch_consumer-sts-0_20250707_215313_290215.csv,True,False,False,1751925379.8232613,617898.3602523804
223185,1751924761.9251363,1751925181.92044,batch_consumer-sts-0_20250707_215313_290215.csv,True,False,False,1751925379.8232613,617898.1249332428
223195,1751924761.9253745,1751925181.9475884,batch_consumer-sts-0_20250707_215313_290215.csv,True,False,False,1751925379.8232613,617897.8867530823
223205,1751924761.9256055,1751925181.974715,batch_consumer-sts-0_20250707_215313_290215.csv,True,False,False,1751925379.8232613,617897.6557254791
223215,1751924761.9258423,1751925182.0018847,batch_consumer-sts-0_20250707_215313_290215.csv,True,False,False,1751925379.8232613,617897.4189758301
223225,1751924761.9260826,1751925182.0288486,batch_consumer-sts-0_20250707_215313_290215.csv,True,False,False,1751925379.8232613,617897.1786499023
223235,1751924761.9263382,1751925182.0562449,batch_consumer-sts-0_20250707_215313_290215.csv,True,False,False,1751925379.8232613,617896.9230651855
223245,1751924761.9265854,1751925182.0822186,batch_consumer-sts-0_20250707_215313_290215.csv,True,False,False,1751925379.8232613,617896.675825119
223255,1751924761.9268253,1751925182.108838,batch_consumer-sts-0_20250707_215313_290215.csv,True,False,False,1751925379.8232613,617896.4359760284
223265,1751924761.927061,1751925182.1358848,batch_consumer-sts-0_20250707_215313_290215.csv,True,False,False,1751925379.8232613,617896.2001800537
223275,1751924761.9272988,1751925182.1780438,batch_consumer-sts-0_20250707_215313_290215.csv,True,False,False,1751925379.8232613,617895.9624767303
223285,1751924761.9275446,1751925182.2056856,batch_consumer-sts-0_20250707_215313_290215.csv,True,False,False,1751925379.8232613,617895.7166671753
223295,1751924761.927786,1751925182.2344398,batch_consumer-sts-0_20250707_215313_290215.csv,True,False,False,1751925379.8232613,617895.4751491547
223305,1751924761.9280498,1751925182.2636547,batch_consumer-sts-0_20250707_215313_290215.csv,True,False,False,1751925379.8232613,617895.2114582062
223315,1751924761.928292,1751925182.2916543,batch_consumer-sts-0_20250707_215313_290215.csv,True,False,False,1751925379.8232613,617894.9692249298
223325,1751924761.9285026,1751925182.3186772,batch_consumer-sts-0_20250707_215313_290215.csv,True,False,False,1751925379.8232613,617894.7587013245
223335,1751924761.928695,1751925182.3468006,batch_consumer-sts-0_20250707_215313_290215.csv,True,False,False,1751925379.8232613,617894.5662975311
223345,1751924761.928986,1751925182.3743567,batch_consumer-sts-0_20250707_215313_290215.csv,True,False,False,1751925379.8232613,617894.275188446
223355,1751924761.9292116,1751925182.400631,batch_consumer-sts-0_20250707_215313_290215.csv,True,False,False,1751925379.8232613,617894.0496444702
223365,1751924761.9294283,1751925182.4271593,batch_consumer-sts-0_20250707_215313_290215.csv,True,False,False,1751925379.8232613,617893.8329219818
223375,1751924761.929645,1751925182.4548275,batch_consumer-sts-0_20250707_215313_290215.csv,True,False,False,1751925379.8232613,617893.6161994934
223385,1751924761.9298897,1751925182.484388,batch_consumer-sts-0_20250707_215313_290215.csv,True,False,False,1751925379.8232613,617893.3715820312
223395,1751924761.9301283,1751925182.5114565,batch_consumer-sts-0_20250707_215313_290215.csv,True,False,False,1751925379.8232613,617893.1329250336
223405,1751924761.9303684,1751925182.5391123,batch_consumer-sts-0_20250707_215313_290215.csv,True,False,False,1751925379.8232613,617892.8928375244
223415,1751924761.9305997,1751925182.5672636,batch_consumer-sts-0_20250707_215313_290215.csv,True,False,False,1751925379.8232613,617892.6615715027
223425,1751924761.9308312,1751925182.5939028,batch_consumer-sts-0_20250707_215313_290215.csv,True,False,False,1751925379.8232613,617892.4300670624
223435,1751924761.931069,1751925182.6205633,batch_consumer-sts-0_20250707_215313_290215.csv,True,False,False,1751925379.8232613,617892.192363739
223445,1751924761.9313009,1751925182.6479688,batch_consumer-sts-0_20250707_215313_290215.csv,True,False,False,1751925379.8232613,617891.9603824615
223455,1751924761.9315307,1751925182.6753836,batch_consumer-sts-0_20250707_215313_290215.csv,True,False,False,1751925379.8232613,617891.7305469513
223465,1751924761.9317656,1751925182.7031217,batch_consumer-sts-0_20250707_215313_290215.csv,True,False,False,1751925379.8232613,617891.4957046509
223475,1751924761.9320023,1751925182.7309575,batch_consumer-sts-0_20250707_215313_290215.csv,True,False,False,1751925379.8232613,617891.2589550018
223485,1751924761.9322348,1751925182.7586043,batch_consumer-sts-0_20250707_215313_290215.csv,True,False,False,1751925379.8232613,617891.0264968872
223495,1751924761.9325333,1751925182.7885733,batch_consumer-sts-0_20250707_215313_290215.csv,True,False,False,1751925379.8232613,617890.7279968262
223505,1751924761.932768,1751925182.8152144,batch_consumer-sts-0_20250707_215313_290215.csv,True,False,False,1751925379.8232613,617890.4931545258
223515,1751924761.93301,1751925182.8422344,batch_consumer-sts-0_20250707_215313_290215.csv,True,False,False,1751925379.8232613,617890.251159668
223525,1751924761.933267,1751925182.8692417,batch_consumer-sts-0_20250707_215313_290215.csv,True,False,False,1751925379.8232613,617889.9941444397
223535,1751924761.9335086,1751925182.8966682,batch_consumer-sts-0_20250707_215313_290215.csv,True,False,False,1751925379.8232613,617889.7526264191
223545,1751924761.9337564,1751925182.923461,batch_consumer-sts-0_20250707_215313_290215.csv,True,False,False,1751925379.8232613,617889.5049095154
223555,1751924761.9339962,1751925182.950555,batch_consumer-sts-0_20250707_215313_290215.csv,True,False,False,1751925379.8232613,617889.2650604248
223565,1751924761.93425,1751925182.9767325,batch_consumer-sts-0_20250707_215313_290215.csv,True,False,False,1751925379.8232613,617889.0111446381
223575,1751924761.9344914,1751925183.002804,batch_consumer-sts-0_20250707_215313_290215.csv,True,False,False,1751925379.8232613,617888.769865036
223585,1751924761.9347346,1751925183.0305789,batch_consumer-sts-0_20250707_215313_290215.csv,True,False,False,1751925379.8232613,617888.5266780853
223595,1751924761.934978,1751925183.0571072,batch_consumer-sts-0_20250707_215313_290215.csv,True,False,False,1751925379.8232613,617888.2832527161
223605,1751924761.9352098,1751925183.0836966,batch_consumer-sts-0_20250707_215313_290215.csv,True,False,False,1751925379.8232613,617888.0515098572
223615,1751924761.935443,1751925183.1098788,batch_consumer-sts-0_20250707_215313_290215.csv,True,False,False,1751925379.8232613,617887.8183364868
223625,1751924761.9356835,1751925183.1363778,batch_consumer-sts-0_20250707_215313_290215.csv,True,False,False,1751925379.8232613,617887.5777721405
223635,1751924761.9359188,1751925183.1634574,batch_consumer-sts-0_20250707_215313_290215.csv,True,False,False,1751925379.8232613,617887.3424530029
223645,1751924761.936162,1751925183.5349474,batch_consumer-sts-0_20250707_215313_290215.csv,True,False,False,1751925379.8232613,617887.0992660522
223655,1751924761.9363997,1751925183.5624363,batch_consumer-sts-0_20250707_215313_290215.csv,True,False,False,1751925379.8232613,617886.8615627289
223665,1751924761.9366324,1751925183.5892203,batch_consumer-sts-0_20250707_215313_290215.csv,True,False,False,1751925379.8232613,617886.6288661957
223675,1751924761.9368763,1751925183.616156,batch_consumer-sts-0_20250707_215313_290215.csv,True,False,False,1751925379.8232613,617886.3849639893
223685,1751924761.9371126,1751925183.643889,batch_consumer-sts-0_20250707_215313_290215.csv,True,False,False,1751925379.8232613,617886.1486911774
223695,1751924761.937348,1751925183.671078,batch_consumer-sts-0_20250707_215313_290215.csv,True,False,False,1751925379.8232613,617885.9133720398
223705,1751924761.9375818,1751925183.6979887,batch_consumer-sts-0_20250707_215313_290215.csv,True,False,False,1751925379.8232613,617885.6794834137
223715,1751924761.937816,1751925183.7245204,batch_consumer-sts-0_20250707_215313_290215.csv,True,False,False,1751925379.8232613,617885.445356369
223725,1751924761.9380567,1751925183.7509968,batch_consumer-sts-0_20250707_215313_290215.csv,True,False,False,1751925379.8232613,617885.2045536041
223735,1751924761.9383006,1751925183.7780793,batch_consumer-sts-0_20250707_215313_290215.csv,True,False,False,1751925379.8232613,617884.9606513977
223745,1751924761.9385338,1751925183.8047843,batch_consumer-sts-0_20250707_215313_290215.csv,True,False,False,1751925379.8232613,617884.7274780273
223755,1751924761.938773,1751925183.8311114,batch_consumer-sts-0_20250707_215313_290215.csv,True,False,False,1751925379.8232613,617884.4883441925
223765,1751924761.9390042,1751925183.8579252,batch_consumer-sts-0_20250707_215313_290215.csv,True,False,False,1751925379.8232613,617884.2570781708
223775,1751924761.939231,1751925183.8843992,batch_consumer-sts-0_20250707_215313_290215.csv,True,False,False,1751925379.8232613,617884.030342102
223785,1751924761.9394667,1751925183.9106448,batch_consumer-sts-0_20250707_215313_290215.csv,True,False,False,1751925379.8232613,617883.7945461273
223795,1751924761.939706,1751925183.9368207,batch_consumer-sts-0_20250707_215313_290215.csv,True,False,False,1751925379.8232613,617883.5551738739
223805,1751924761.9399483,1751925183.9627156,batch_consumer-sts-0_20250707_215313_290215.csv,True,False,False,1751925379.8232613,617883.3129405975
223815,1751924761.9401858,1751925183.9891698,batch_consumer-sts-0_20250707_215313_290215.csv,True,False,False,1751925379.8232613,617883.0754756927
223825,1751924761.940423,1751925184.0138783,batch_consumer-sts-0_20250707_215313_290215.csv,True,False,False,1751925379.8232613,617882.8382492065
223835,1751924761.9406743,1751925184.0423486,batch_consumer-sts-0_20250707_215313_290215.csv,True,False,False,1751925379.8232613,617882.5869560242
223845,1751924761.9409106,1751925184.0694702,batch_consumer-sts-0_20250707_215313_290215.csv,True,False,False,1751925379.8232613,617882.3506832123
223855,1751924761.9411566,1751925184.0969615,batch_consumer-sts-0_20250707_215313_290215.csv,True,False,False,1751925379.8232613,617882.1046352386
223865,1751924761.9413474,1751925184.1251066,batch_consumer-sts-0_20250707_215313_290215.csv,True,False,False,1751925379.8232613,617881.9139003754
223875,1751924761.941534,1751925184.152267,batch_consumer-sts-0_20250707_215313_290215.csv,True,False,False,1751925379.8232613,617881.7272186279
223885,1751924761.9417236,1751925184.179643,batch_consumer-sts-0_20250707_215313_290215.csv,True,False,False,1751925379.8232613,617881.5376758575
223895,1751924761.941913,1751925184.2065406,batch_consumer-sts-0_20250707_215313_290215.csv,True,False,False,1751925379.8232613,617881.3483715057
223905,1751924761.9421144,1751925184.233402,batch_consumer-sts-0_20250707_215313_290215.csv,True,False,False,1751925379.8232613,617881.1469078064
223915,1751924761.9423747,1751925184.2603128,batch_consumer-sts-0_20250707_215313_290215.csv,True,False,False,1751925379.8232613,617880.886554718
223925,1751924761.942608,1751925184.287725,batch_consumer-sts-0_20250707_215313_290215.csv,True,False,False,1751925379.8232613,617880.6531429291
223935,1751924761.9428408,1751925184.313503,batch_consumer-sts-0_20250707_215313_290215.csv,True,False,False,1751925379.8232613,617880.4204463959
223945,1751924761.943066,1751925184.340611,batch_consumer-sts-0_20250707_215313_290215.csv,True,False,False,1751925379.8232613,617880.1953792572
223955,1751924761.9433265,1751925184.3676398,batch_consumer-sts-0_20250707_215313_290215.csv,True,False,False,1751925379.8232613,617879.9347877502
223965,1751924761.943555,1751925184.3946867,batch_consumer-sts-0_20250707_215313_290215.csv,True,False,False,1751925379.8232613,617879.7061443329
223975,1751924761.9437983,1751925184.4210365,batch_consumer-sts-0_20250707_215313_290215.csv,True,False,False,1751925379.8232613,617879.4629573822
223985,1751924761.9440222,1751925184.4483442,batch_consumer-sts-0_20250707_215313_290215.csv,True,False,False,1751925379.8232613,617879.2390823364
223995,1751924761.9442654,1751925184.4751945,batch_consumer-sts-0_20250707_215313_290215.csv,True,False,False,1751925379.8232613,617878.9958953857
224005,1751924761.9444976,1751925184.5021994,batch_consumer-sts-0_20250707_215313_290215.csv,True,False,False,1751925379.8232613,617878.7636756897
224015,1751924761.9447334,1751925184.527648,batch_consumer-sts-0_20250707_215313_290215.csv,True,False,False,1751925379.8232613,617878.527879715
224025,1751924761.944964,1751925185.5566254,batch_consumer-sts-0_20250707_215313_290215.csv,True,False,False,1751925379.8232613,617878.297328949
224035,1751924761.9451933,1751925185.5843134,batch_consumer-sts-0_20250707_215313_290215.csv,True,False,False,1751925379.8232613,617878.0679702759
224045,1751924761.9454255,1751925185.6112194,batch_consumer-sts-0_20250707_215313_290215.csv,True,False,False,1751925379.8232613,617877.8357505798
224055,1751924761.9456625,1751925185.637328,batch_consumer-sts-0_20250707_215313_290215.csv,True,False,False,1751925379.8232613,617877.5987625122
224065,1751924761.9458911,1751925185.6641958,batch_consumer-sts-0_20250707_215313_290215.csv,True,False,False,1751925379.8232613,617877.3701190948
224075,1751924761.9461248,1751925185.6913335,batch_consumer-sts-0_20250707_215313_290215.csv,True,False,False,1751925379.8232613,617877.1364688873
224085,1751924761.9463706,1751925185.7175865,batch_consumer-sts-0_20250707_215313_290215.csv,True,False,False,1751925379.8232613,617876.8906593323
224095,1751924761.9466052,1751925185.781637,batch_consumer-sts-0_20250707_215313_290215.csv,True,False,False,1751925379.8232613,617876.6560554504
224105,1751924761.9468367,1751925185.807848,batch_consumer-sts-0_20250707_215313_290215.csv,True,False,False,1751925379.8232613,617876.4245510101
224115,1751924761.9470668,1751925185.8344834,batch_consumer-sts-0_20250707_215313_290215.csv,True,False,False,1751925379.8232613,617876.1944770813
224125,1751924761.9473042,1751925185.8610537,batch_consumer-sts-0_20250707_215313_290215.csv,True,False,False,1751925379.8232613,617875.9570121765
224135,1751924761.9475322,1751925185.888073,batch_consumer-sts-0_20250707_215313_290215.csv,True,False,False,1751925379.8232613,617875.7290840149
224145,1751924761.9477658,1751925185.9145453,batch_consumer-sts-0_20250707_215313_290215.csv,True,False,False,1751925379.8232613,617875.4954338074
224155,1751924761.9480014,1751925185.9411333,batch_consumer-sts-0_20250707_215313_290215.csv,True,False,False,1751925379.8232613,617875.2598762512
224165,1751924761.9482462,1751925185.9678693,batch_consumer-sts-0_20250707_215313_290215.csv,True,False,False,1751925379.8232613,617875.0150203705
224175,1751924761.9484828,1751925185.9947293,batch_consumer-sts-0_20250707_215313_290215.csv,True,False,False,1751925379.8232613,617874.77850914
224185,1751924761.9487116,1751925186.0208352,batch_consumer-sts-0_20250707_215313_290215.csv,True,False,False,1751925379.8232613,617874.5496273041
224195,1751924761.9490132,1751925186.046996,batch_consumer-sts-0_20250707_215313_290215.csv,True,False,False,1751925379.8232613,617874.2480278015
224205,1751924761.9492476,1751925186.0741255,batch_consumer-sts-0_20250707_215313_290215.csv,True,False,False,1751925379.8232613,617874.0136623383
224215,1751924761.9494858,1751925186.101126,batch_consumer-sts-0_20250707_215313_290215.csv,True,False,False,1751925379.8232613,617873.7754821777
224225,1751924761.9497297,1751925186.1281188,batch_consumer-sts-0_20250707_215313_290215.csv,True,False,False,1751925379.8232613,617873.5315799713
224235,1751924761.9499688,1751925186.3267095,batch_consumer-sts-0_20250707_215313_290215.csv,True,False,False,1751925379.8232613,617873.2924461365
224245,1751924761.9502137,1751925186.3534648,batch_consumer-sts-0_20250707_215313_290215.csv,True,False,False,1751925379.8232613,617873.0475902557
224255,1751924761.950456,1751925186.3805048,batch_consumer-sts-0_20250707_215313_290215.csv,True,False,False,1751925379.8232613,617872.8053569794
224265,1751924761.950694,1751925186.4072928,batch_consumer-sts-0_20250707_215313_290215.csv,True,False,False,1751925379.8232613,617872.5671768188
224275,1751924761.9509306,1751925186.4344106,batch_consumer-sts-0_20250707_215313_290215.csv,True,False,False,1751925379.8232613,617872.3306655884
224285,1751924761.9511654,1751925186.4616482,batch_consumer-sts-0_20250707_215313_290215.csv,True,False,False,1751925379.8232613,617872.095823288
224295,1751924761.9513986,1751925186.488572,batch_consumer-sts-0_20250707_215313_290215.csv,True,False,False,1751925379.8232613,617871.8626499176
224305,1751924761.9516342,1751925186.5149128,batch_consumer-sts-0_20250707_215313_290215.csv,True,False,False,1751925379.8232613,617871.6270923615
224315,1751924761.9518678,1751925186.5424647,batch_consumer-sts-0_20250707_215313_290215.csv,True,False,False,1751925379.8232613,617871.3934421539
224325,1751924761.952103,1751925186.5693684,batch_consumer-sts-0_20250707_215313_290215.csv,True,False,False,1751925379.8232613,617871.1583614349
224335,1751924761.9523373,1751925186.595991,batch_consumer-sts-0_20250707_215313_290215.csv,True,False,False,1751925379.8232613,617870.9239959717
224345,1751924761.9525864,1751925186.6212652,batch_consumer-sts-0_20250707_215313_290215.csv,True,False,False,1751925379.8232613,617870.6748485565
224355,1751924761.9528215,1751925186.6483378,batch_consumer-sts-0_20250707_215313_290215.csv,True,False,False,1751925379.8232613,617870.4397678375
224365,1751924761.953056,1751925186.6752098,batch_consumer-sts-0_20250707_215313_290215.csv,True,False,False,1751925379.8232613,617870.2051639557
224375,1751924761.9532983,1751925186.7024207,batch_consumer-sts-0_20250707_215313_290215.csv,True,False,False,1751925379.8232613,617869.9629306793
224385,1751924761.9535658,1751925186.7287643,batch_consumer-sts-0_20250707_215313_290215.csv,True,False,False,1751925379.8232613,617869.6954250336
224395,1751924761.95381,1751925186.7554183,batch_consumer-sts-0_20250707_215313_290215.csv,True,False,False,1751925379.8232613,617869.4512844086
224405,1751924761.9540272,1751925186.782401,batch_consumer-sts-0_20250707_215313_290215.csv,True,False,False,1751925379.8232613,617869.234085083
224415,1751924761.9542625,1751925186.808853,batch_consumer-sts-0_20250707_215313_290215.csv,True,False,False,1751925379.8232613,617868.9987659454
224425,1751924761.9544995,1751925186.834743,batch_consumer-sts-0_20250707_215313_290215.csv,True,False,False,1751925379.8232613,617868.7617778778
224435,1751924761.9547358,1751925186.8727107,batch_consumer-sts-0_20250707_215313_290215.csv,True,False,False,1751925379.8232613,617868.5255050659
224445,1751924761.954971,1751925186.8997147,batch_consumer-sts-0_20250707_215313_290215.csv,True,False,False,1751925379.8232613,617868.2901859283
224455,1751924761.9552343,1751925186.926845,batch_consumer-sts-0_20250707_215313_290215.csv,True,False,False,1751925379.8232613,617868.026971817
224465,1751924761.95549,1751925186.954114,batch_consumer-sts-0_20250707_215313_290215.csv,True,False,False,1751925379.8232613,617867.7711486816
224475,1751924761.9556785,1751925186.9812331,batch_consumer-sts-0_20250707_215313_290215.csv,True,False,False,1751925379.8232613,617867.5827980042
224485,1751924761.955865,1751925187.0084069,batch_consumer-sts-0_20250707_215313_290215.csv,True,False,False,1751925379.8232613,617867.3963546753
224495,1751924761.9560747,1751925187.0354874,batch_consumer-sts-0_20250707_215313_290215.csv,True,False,False,1751925379.8232613,617867.1865463257
224505,1751924761.9563243,1751925187.0626647,batch_consumer-sts-0_20250707_215313_290215.csv,True,False,False,1751925379.8232613,617866.9369220734
224515,1751924761.9565578,1751925187.089646,batch_consumer-sts-0_20250707_215313_290215.csv,True,False,False,1751925379.8232613,617866.7035102844
224525,1751924761.9567845,1751925187.1161408,batch_consumer-sts-0_20250707_215313_290215.csv,True,False,False,1751925379.8232613,617866.4767742157
224535,1751924761.9570212,1751925187.1435628,batch_consumer-sts-0_20250707_215313_290215.csv,True,False,False,1751925379.8232613,617866.2400245667
224545,1751924761.9572575,1751925187.1709738,batch_consumer-sts-0_20250707_215313_290215.csv,True,False,False,1751925379.8232613,617866.0037517548
224555,1751924761.9574933,1751925187.201901,batch_consumer-sts-0_20250707_215313_290215.csv,True,False,False,1751925379.8232613,617865.76795578
224565,1751924761.9577403,1751925187.2302663,batch_consumer-sts-0_20250707_215313_290215.csv,True,False,False,1751925379.8232613,617865.5209541321
224575,1751924761.9579766,1751925187.2571416,batch_consumer-sts-0_20250707_215313_290215.csv,True,False,False,1751925379.8232613,617865.2846813202
224585,1751924761.9582243,1751925187.284459,batch_consumer-sts-0_20250707_215313_290215.csv,True,False,False,1751925379.8232613,617865.0369644165
224595,1751924761.9584582,1751925187.3110728,batch_consumer-sts-0_20250707_215313_290215.csv,True,False,False,1751925379.8232613,617864.8030757904
224605,1751924761.958699,1751925187.338143,batch_consumer-sts-0_20250707_215313_290215.csv,True,False,False,1751925379.8232613,617864.5622730255
224615,1751924761.9589348,1751925187.3650696,batch_consumer-sts-0_20250707_215313_290215.csv,True,False,False,1751925379.8232613,617864.3264770508
224625,1751924761.9591732,1751925187.3921454,batch_consumer-sts-0_20250707_215313_290215.csv,True,False,False,1751925379.8232613,617864.0880584717
224635,1751924761.9594097,1751925187.4184191,batch_consumer-sts-0_20250707_215313_290215.csv,True,False,False,1751925379.8232613,617863.8515472412
224645,1751924761.9596443,1751925187.445495,batch_consumer-sts-0_20250707_215313_290215.csv,True,False,False,1751925379.8232613,617863.6169433594
224655,1751924761.95988,1751925187.4720242,batch_consumer-sts-0_20250707_215313_290215.csv,True,False,False,1751925379.8232613,617863.3811473846
224665,1751924761.9601157,1751925187.5044675,batch_consumer-sts-0_20250707_215313_290215.csv,True,False,False,1751925379.8232613,617863.1455898285
224675,1751924761.9603477,1751925187.5314074,batch_consumer-sts-0_20250707_215313_290215.csv,True,False,False,1751925379.8232613,617862.913608551
224685,1751924761.960585,1751925187.5587106,batch_consumer-sts-0_20250707_215313_290215.csv,True,False,False,1751925379.8232613,617862.6761436462
224695,1751924761.9608192,1751925187.5858788,batch_consumer-sts-0_20250707_215313_290215.csv,True,False,False,1751925379.8232613,617862.4420166016
224705,1751924761.9610608,1751925187.6127102,batch_consumer-sts-0_20250707_215313_290215.csv,True,False,False,1751925379.8232613,617862.2004985809
224715,1751924761.961312,1751925187.6402683,batch_consumer-sts-0_20250707_215313_290215.csv,True,False,False,1751925379.8232613,617861.9492053986
224725,1751924761.9615498,1751925187.671098,batch_consumer-sts-0_20250707_215313_290215.csv,True,False,False,1751925379.8232613,617861.7115020752
224735,1751924761.9617774,1751925187.6984046,batch_consumer-sts-0_20250707_215313_290215.csv,True,False,False,1751925379.8232613,617861.4838123322
224745,1751924761.9620068,1751925187.7254086,batch_consumer-sts-0_20250707_215313_290215.csv,True,False,False,1751925379.8232613,617861.254453659
224755,1751924761.9622471,1751925187.75352,batch_consumer-sts-0_20250707_215313_290215.csv,True,False,False,1751925379.8232613,617861.0141277313
226965,1751924762.4795609,1751925187.7816494,batch_consumer-sts-0_20250707_215313_290215.csv,True,False,False,1751925379.8232613,617343.7004089355
226975,1751924762.4798322,1751925187.8091433,batch_consumer-sts-0_20250707_215313_290215.csv,True,False,False,1751925379.8232613,617343.4290885925
226985,1751924762.4800718,1751925187.836803,batch_consumer-sts-0_20250707_215313_290215.csv,True,False,False,1751925379.8232613,617343.1894779205
226995,1751924762.4803023,1751925187.8643596,batch_consumer-sts-0_20250707_215313_290215.csv,True,False,False,1751925379.8232613,617342.9589271545
227005,1751924762.4805255,1751925187.892285,batch_consumer-sts-0_20250707_215313_290215.csv,True,False,False,1751925379.8232613,617342.7357673645
227015,1751924762.4807608,1751925187.919337,batch_consumer-sts-0_20250707_215313_290215.csv,True,False,False,1751925379.8232613,617342.5004482269
227025,1751924762.481006,1751925187.9474332,batch_consumer-sts-0_20250707_215313_290215.csv,True,False,False,1751925379.8232613,617342.2553539276
227035,1751924762.481248,1751925187.9751663,batch_consumer-sts-0_20250707_215313_290215.csv,True,False,False,1751925379.8232613,617342.0133590698
227045,1751924762.48148,1751925188.002401,batch_consumer-sts-0_20250707_215313_290215.csv,True,False,False,1751925379.8232613,617341.7813777924
227055,1751924762.4817138,1751925188.0308013,batch_consumer-sts-0_20250707_215313_290215.csv,True,False,False,1751925379.8232613,617341.5474891663
227065,1751924762.4819438,1751925188.0576603,batch_consumer-sts-0_20250707_215313_290215.csv,True,False,False,1751925379.8232613,617341.3174152374
227075,1751924762.482198,1751925188.0848825,batch_consumer-sts-0_20250707_215313_290215.csv,True,False,False,1751925379.8232613,617341.0632610321
227085,1751924762.4824398,1751925188.111338,batch_consumer-sts-0_20250707_215313_290215.csv,True,False,False,1751925379.8232613,617340.8215045929
227095,1751924762.4826772,1751925188.138289,batch_consumer-sts-0_20250707_215313_290215.csv,True,False,False,1751925379.8232613,617340.5840396881
227105,1751924762.482908,1751925188.1649897,batch_consumer-sts-0_20250707_215313_290215.csv,True,False,False,1751925379.8232613,617340.3532505035
227115,1751924762.4831338,1751925188.1917002,batch_consumer-sts-0_20250707_215313_290215.csv,True,False,False,1751925379.8232613,617340.1274681091
227125,1751924762.483367,1751925188.2180426,batch_consumer-sts-0_20250707_215313_290215.csv,True,False,False,1751925379.8232613,617339.8942947388
227135,1751924762.48361,1751925188.2472022,batch_consumer-sts-0_20250707_215313_290215.csv,True,False,False,1751925379.8232613,617339.6513462067
227145,1751924762.483847,1751925188.273788,batch_consumer-sts-0_20250707_215313_290215.csv,True,False,False,1751925379.8232613,617339.414358139
227155,1751924762.4840815,1751925188.3005216,batch_consumer-sts-0_20250707_215313_290215.csv,True,False,False,1751925379.8232613,617339.1797542572
227165,1751924762.4843118,1751925188.490444,batch_consumer-sts-0_20250707_215313_290215.csv,True,False,False,1751925379.8232613,617338.9494419098
227175,1751924762.4845464,1751925188.5165503,batch_consumer-sts-0_20250707_215313_290215.csv,True,False,False,1751925379.8232613,617338.714838028
227185,1751924762.4847765,1751925188.5436373,batch_consumer-sts-0_20250707_215313_290215.csv,True,False,False,1751925379.8232613,617338.4847640991
227195,1751924762.485007,1751925188.5701635,batch_consumer-sts-0_20250707_215313_290215.csv,True,False,False,1751925379.8232613,617338.2542133331
227205,1751924762.4852426,1751925188.5968754,batch_consumer-sts-0_20250707_215313_290215.csv,True,False,False,1751925379.8232613,617338.018655777
227215,1751924762.4854755,1751925188.6233158,batch_consumer-sts-0_20250707_215313_290215.csv,True,False,False,1751925379.8232613,617337.7857208252
227225,1751924762.485715,1751925188.65037,batch_consumer-sts-0_20250707_215313_290215.csv,True,False,False,1751925379.8232613,617337.5463485718
227235,1751924762.4859474,1751925188.677451,batch_consumer-sts-0_20250707_215313_290215.csv,True,False,False,1751925379.8232613,617337.3138904572
227245,1751924762.486207,1751925188.7039847,batch_consumer-sts-0_20250707_215313_290215.csv,True,False,False,1751925379.8232613,617337.0542526245
227255,1751924762.4864497,1751925188.7301583,batch_consumer-sts-0_20250707_215313_290215.csv,True,False,False,1751925379.8232613,617336.811542511
227265,1751924762.486692,1751925188.7568307,batch_consumer-sts-0_20250707_215313_290215.csv,True,False,False,1751925379.8232613,617336.5693092346
227275,1751924762.486933,1751925188.784336,batch_consumer-sts-0_20250707_215313_290215.csv,True,False,False,1751925379.8232613,617336.3282680511
227285,1751924762.4871714,1751925188.8107307,batch_consumer-sts-0_20250707_215313_290215.csv,True,False,False,1751925379.8232613,617336.089849472
227295,1751924762.4874103,1751925188.838088,batch_consumer-sts-0_20250707_215313_290215.csv,True,False,False,1751925379.8232613,617335.8509540558
227305,1751924762.4876497,1751925188.8638792,batch_consumer-sts-0_20250707_215313_290215.csv,True,False,False,1751925379.8232613,617335.6115818024
227315,1751924762.4878983,1751925188.890929,batch_consumer-sts-0_20250707_215313_290215.csv,True,False,False,1751925379.8232613,617335.3629112244
227325,1751924762.4881437,1751925188.9174192,batch_consumer-sts-0_20250707_215313_290215.csv,True,False,False,1751925379.8232613,617335.1175785065
227335,1751924762.4883788,1751925188.9444864,batch_consumer-sts-0_20250707_215313_290215.csv,True,False,False,1751925379.8232613,617334.8824977875
227345,1751924762.4886246,1751925188.9713285,batch_consumer-sts-0_20250707_215313_290215.csv,True,False,False,1751925379.8232613,617334.6366882324
227355,1751924762.4888687,1751925188.9980824,batch_consumer-sts-0_20250707_215313_290215.csv,True,False,False,1751925379.8232613,617334.3925476074
227365,1751924762.4891086,1751925189.0271852,batch_consumer-sts-0_20250707_215313_290215.csv,True,False,False,1751925379.8232613,617334.1526985168
227375,1751924762.4893572,1751925189.054376,batch_consumer-sts-0_20250707_215313_290215.csv,True,False,False,1751925379.8232613,617333.9040279388
227385,1751924762.4895966,1751925189.0811412,batch_consumer-sts-0_20250707_215313_290215.csv,True,False,False,1751925379.8232613,617333.6646556854
227395,1751924762.489862,1751925189.1081505,batch_consumer-sts-0_20250707_215313_290215.csv,True,False,False,1751925379.8232613,617333.3992958069
227405,1751924762.4901066,1751925189.1385503,batch_consumer-sts-0_20250707_215313_290215.csv,True,False,False,1751925379.8232613,617333.1546783447
227415,1751924762.4903622,1751925189.1655996,batch_consumer-sts-0_20250707_215313_290215.csv,True,False,False,1751925379.8232613,617332.8990936279
227425,1751924762.4906094,1751925189.192315,batch_consumer-sts-0_20250707_215313_290215.csv,True,False,False,1751925379.8232613,617332.6518535614
227435,1751924762.490878,1751925189.2193308,batch_consumer-sts-0_20250707_215313_290215.csv,True,False,False,1751925379.8232613,617332.3831558228
227445,1751924762.491121,1751925189.2463255,batch_consumer-sts-0_20250707_215313_290215.csv,True,False,False,1751925379.8232613,617332.1402072906
227455,1751924762.4913733,1751925189.2731488,batch_consumer-sts-0_20250707_215313_290215.csv,True,False,False,1751925379.8232613,617331.887960434
227465,1751924762.491605,1751925189.3014514,batch_consumer-sts-0_20250707_215313_290215.csv,True,False,False,1751925379.8232613,617331.6562175751
227475,1751924762.491836,1751925189.3282638,batch_consumer-sts-0_20250707_215313_290215.csv,True,False,False,1751925379.8232613,617331.4251899719
227485,1751924762.4920945,1751925189.3547752,batch_consumer-sts-0_20250707_215313_290215.csv,True,False,False,1751925379.8232613,617331.1667442322
227495,1751924762.4923315,1751925189.381371,batch_consumer-sts-0_20250707_215313_290215.csv,True,False,False,1751925379.8232613,617330.9297561646
227505,1751924762.4925709,1751925189.4082153,batch_consumer-sts-0_20250707_215313_290215.csv,True,False,False,1751925379.8232613,617330.6903839111
227515,1751924762.4928114,1751925189.4351866,batch_consumer-sts-0_20250707_215313_290215.csv,True,False,False,1751925379.8232613,617330.4498195648
227525,1751924762.4930477,1751925189.4620566,batch_consumer-sts-0_20250707_215313_290215.csv,True,False,False,1751925379.8232613,617330.2135467529
227535,1751924762.49329,1751925189.4886818,batch_consumer-sts-0_20250707_215313_290215.csv,True,False,False,1751925379.8232613,617329.9713134766
227545,1751924762.493527,1751925189.5152388,batch_consumer-sts-0_20250707_215313_290215.csv,True,False,False,1751925379.8232613,617329.7343254089
227555,1751924762.4937634,1751925189.5418131,batch_consumer-sts-0_20250707_215313_290215.csv,True,False,False,1751925379.8232613,617329.4978141785
227565,1751924762.4939995,1751925189.5680914,batch_consumer-sts-0_20250707_215313_290215.csv,True,False,False,1751925379.8232613,617329.2617797852
227575,1751924762.4942534,1751925189.595196,batch_consumer-sts-0_20250707_215313_290215.csv,True,False,False,1751925379.8232613,617329.0078639984
227585,1751924762.4944935,1751925189.621661,batch_consumer-sts-0_20250707_215313_290215.csv,True,False,False,1751925379.8232613,617328.7677764893
227595,1751924762.4947324,1751925189.6479845,batch_consumer-sts-0_20250707_215313_290215.csv,True,False,False,1751925379.8232613,617328.528881073
227605,1751924762.4949691,1751925189.6750402,batch_consumer-sts-0_20250707_215313_290215.csv,True,False,False,1751925379.8232613,617328.292131424
227615,1751924762.495202,1751925189.702149,batch_consumer-sts-0_20250707_215313_290215.csv,True,False,False,1751925379.8232613,617328.0591964722
227625,1751924762.4954305,1751925190.7305093,batch_consumer-sts-0_20250707_215313_290215.csv,True,False,False,1751925379.8232613,617327.8307914734
227635,1751924762.4956565,1751925190.7558937,batch_consumer-sts-0_20250707_215313_290215.csv,True,False,False,1751925379.8232613,617327.6047706604
227645,1751924762.4958878,1751925190.7826762,batch_consumer-sts-0_20250707_215313_290215.csv,True,False,False,1751925379.8232613,617327.3735046387
227655,1751924762.496119,1751925190.8089054,batch_consumer-sts-0_20250707_215313_290215.csv,True,False,False,1751925379.8232613,617327.142238617
227665,1751924762.4981885,1751925190.8358526,batch_consumer-sts-0_20250707_215313_290215.csv,True,False,False,1751925379.8232613,617325.0727653503
227675,1751924762.4984314,1751925190.8631554,batch_consumer-sts-0_20250707_215313_290215.csv,True,False,False,1751925379.8232613,617324.8298168182
227685,1751924762.498671,1751925190.9233282,batch_consumer-sts-0_20250707_215313_290215.csv,True,False,False,1751925379.8232613,617324.5902061462
227695,1751924762.4989214,1751925191.3079157,batch_consumer-sts-0_20250707_215313_290215.csv,True,False,False,1751925379.8232613,617324.3398666382
227705,1751924762.4991574,1751925191.3343358,batch_consumer-sts-0_20250707_215313_290215.csv,True,False,False,1751925379.8232613,617324.1038322449
227715,1751924762.4993992,1751925191.3610773,batch_consumer-sts-0_20250707_215313_290215.csv,True,False,False,1751925379.8232613,617323.8620758057
227725,1751924762.499643,1751925191.3882358,batch_consumer-sts-0_20250707_215313_290215.csv,True,False,False,1751925379.8232613,617323.6181735992
227735,1751924762.499884,1751925191.4146202,batch_consumer-sts-0_20250707_215313_290215.csv,True,False,False,1751925379.8232613,617323.3773708344
227745,1751924762.5001123,1751925191.4418273,batch_consumer-sts-0_20250707_215313_290215.csv,True,False,False,1751925379.8232613,617323.1489658356
227755,1751924762.5003526,1751925191.467639,batch_consumer-sts-0_20250707_215313_290215.csv,True,False,False,1751925379.8232613,617322.9086399078
227765,1751924762.5005891,1751925191.4943144,batch_consumer-sts-0_20250707_215313_290215.csv,True,False,False,1751925379.8232613,617322.6721286774
227775,1751924762.5008206,1751925191.520575,batch_consumer-sts-0_20250707_215313_290215.csv,True,False,False,1751925379.8232613,617322.4406242371
227785,1751924762.5010672,1751925191.547165,batch_consumer-sts-0_20250707_215313_290215.csv,True,False,False,1751925379.8232613,617322.1940994263
227795,1751924762.5013072,1751925191.5742912,batch_consumer-sts-0_20250707_215313_290215.csv,True,False,False,1751925379.8232613,617321.9540119171
227805,1751924762.5015414,1751925191.6011815,batch_consumer-sts-0_20250707_215313_290215.csv,True,False,False,1751925379.8232613,617321.7198848724
227815,1751924762.5017774,1751925191.6282475,batch_consumer-sts-0_20250707_215313_290215.csv,True,False,False,1751925379.8232613,617321.4838504791
227825,1751924762.502018,1751925191.655102,batch_consumer-sts-0_20250707_215313_290215.csv,True,False,False,1751925379.8232613,617321.2432861328
227835,1751924762.5022745,1751925191.6817174,batch_consumer-sts-0_20250707_215313_290215.csv,True,False,False,1751925379.8232613,617320.9867477417
227845,1751924762.5025144,1751925191.707537,batch_consumer-sts-0_20250707_215313_290215.csv,True,False,False,1751925379.8232613,617320.7468986511
227855,1751924762.502749,1751925191.7391596,batch_consumer-sts-0_20250707_215313_290215.csv,True,False,False,1751925379.8232613,617320.5122947693
227865,1751924762.502987,1751925191.7660863,batch_consumer-sts-0_20250707_215313_290215.csv,True,False,False,1751925379.8232613,617320.2743530273
227875,1751924762.5032525,1751925191.7930732,batch_consumer-sts-0_20250707_215313_290215.csv,True,False,False,1751925379.8232613,617320.0087547302
227885,1751924762.5034964,1751925191.819323,batch_consumer-sts-0_20250707_215313_290215.csv,True,False,False,1751925379.8232613,617319.7648525238
227895,1751924762.503735,1751925191.8465748,batch_consumer-sts-0_20250707_215313_290215.csv,True,False,False,1751925379.8232613,617319.5261955261
227905,1751924762.5039587,1751925191.873439,batch_consumer-sts-0_20250707_215313_290215.csv,True,False,False,1751925379.8232613,617319.3025588989
227915,1751924762.504168,1751925191.9003403,batch_consumer-sts-0_20250707_215313_290215.csv,True,False,False,1751925379.8232613,617319.0932273865
227925,1751924762.5043766,1751925191.930141,batch_consumer-sts-0_20250707_215313_290215.csv,True,False,False,1751925379.8232613,617318.8846111298
227935,1751924762.5045652,1751925191.956725,batch_consumer-sts-0_20250707_215313_290215.csv,True,False,False,1751925379.8232613,617318.6960220337
227945,1751924762.5048232,1751925191.9833612,batch_consumer-sts-0_20250707_215313_290215.csv,True,False,False,1751925379.8232613,617318.4380531311
227955,1751924762.5050752,1751925192.009324,batch_consumer-sts-0_20250707_215313_290215.csv,True,False,False,1751925379.8232613,617318.186044693
227965,1751924762.505316,1751925192.036168,batch_consumer-sts-0_20250707_215313_290215.csv,True,False,False,1751925379.8232613,617317.9452419281
227975,1751924762.5055585,1751925192.0630157,batch_consumer-sts-0_20250707_215313_290215.csv,True,False,False,1751925379.8232613,617317.7027702332
227985,1751924762.5057995,1751925192.0895977,batch_consumer-sts-0_20250707_215313_290215.csv,True,False,False,1751925379.8232613,617317.4617290497
227995,1751924762.5060408,1751925192.1159225,batch_consumer-sts-0_20250707_215313_290215.csv,True,False,False,1751925379.8232613,617317.2204494476
228005,1751924762.5062945,1751925192.1415548,batch_consumer-sts-0_20250707_215313_290215.csv,True,False,False,1751925379.8232613,617316.9667720795
228015,1751924762.5065348,1751925192.172989,batch_consumer-sts-0_20250707_215313_290215.csv,True,False,False,1751925379.8232613,617316.7264461517
228025,1751924762.5067725,1751925192.199734,batch_consumer-sts-0_20250707_215313_290215.csv,True,False,False,1751925379.8232613,617316.4887428284
228035,1751924762.507021,1751925192.2271018,batch_consumer-sts-0_20250707_215313_290215.csv,True,False,False,1751925379.8232613,617316.240310669
228045,1751924762.5072627,1751925192.2558775,batch_consumer-sts-0_20250707_215313_290215.csv,True,False,False,1751925379.8232613,617315.9985542297
228055,1751924762.507511,1751925192.281982,batch_consumer-sts-0_20250707_215313_290215.csv,True,False,False,1751925379.8232613,617315.7503604889
228065,1751924762.507751,1751925192.3085358,batch_consumer-sts-0_20250707_215313_290215.csv,True,False,False,1751925379.8232613,617315.5102729797
228075,1751924762.5079894,1751925192.3354993,batch_consumer-sts-0_20250707_215313_290215.csv,True,False,False,1751925379.8232613,617315.2718544006
228085,1751924762.5082302,1751925192.3623714,batch_consumer-sts-0_20250707_215313_290215.csv,True,False,False,1751925379.8232613,617315.0310516357
228095,1751924762.508466,1751925192.389219,batch_consumer-sts-0_20250707_215313_290215.csv,True,False,False,1751925379.8232613,617314.795255661
228105,1751924762.5087,1751925192.415516,batch_consumer-sts-0_20250707_215313_290215.csv,True,False,False,1751925379.8232613,617314.5613670349
228115,1751924762.508935,1751925192.4423864,batch_consumer-sts-0_20250707_215313_290215.csv,True,False,False,1751925379.8232613,617314.3262863159
228125,1751924762.5091767,1751925192.469489,batch_consumer-sts-0_20250707_215313_290215.csv,True,False,False,1751925379.8232613,617314.0845298767
228135,1751924762.5094137,1751925192.4997122,batch_consumer-sts-0_20250707_215313_290215.csv,True,False,False,1751925379.8232613,617313.8475418091
228145,1751924762.5096557,1751925192.5266836,batch_consumer-sts-0_20250707_215313_290215.csv,True,False,False,1751925379.8232613,617313.6055469513
228155,1751924762.5099115,1751925192.5537186,batch_consumer-sts-0_20250707_215313_290215.csv,True,False,False,1751925379.8232613,617313.3497238159
228165,1751924762.5101647,1751925192.580369,batch_consumer-sts-0_20250707_215313_290215.csv,True,False,False,1751925379.8232613,617313.0965232849
228175,1751924762.5104115,1751925192.608556,batch_consumer-sts-0_20250707_215313_290215.csv,True,False,False,1751925379.8232613,617312.8497600555
228185,1751924762.5106487,1751925192.6457238,batch_consumer-sts-0_20250707_215313_290215.csv,True,False,False,1751925379.8232613,617312.6125335693
228195,1751924762.510884,1751925192.6722224,batch_consumer-sts-0_20250707_215313_290215.csv,True,False,False,1751925379.8232613,617312.3772144318
228205,1751924762.5111156,1751925192.699168,batch_consumer-sts-0_20250707_215313_290215.csv,True,False,False,1751925379.8232613,617312.1457099915
228215,1751924762.5113535,1751925192.724769,batch_consumer-sts-0_20250707_215313_290215.csv,True,False,False,1751925379.8232613,617311.9077682495
228225,1751924762.5115929,1751925192.7519438,batch_consumer-sts-0_20250707_215313_290215.csv,True,False,False,1751925379.8232613,617311.6683959961
228235,1751924762.511835,1751925192.7789571,batch_consumer-sts-0_20250707_215313_290215.csv,True,False,False,1751925379.8232613,617311.4261627197
228245,1751924762.5120702,1751925192.804824,batch_consumer-sts-0_20250707_215313_290215.csv,True,False,False,1751925379.8232613,617311.1910820007
228255,1751924762.5123055,1751925192.8315573,batch_consumer-sts-0_20250707_215313_290215.csv,True,False,False,1751925379.8232613,617310.9557628632
228265,1751924762.5125406,1751925192.8587594,batch_consumer-sts-0_20250707_215313_290215.csv,True,False,False,1751925379.8232613,617310.7206821442
228275,1751924762.5127914,1751925192.8858666,batch_consumer-sts-0_20250707_215313_290215.csv,True,False,False,1751925379.8232613,617310.469865799
228285,1751924762.5130324,1751925192.9122274,batch_consumer-sts-0_20250707_215313_290215.csv,True,False,False,1751925379.8232613,617310.2288246155
228295,1751924762.513268,1751925192.93959,batch_consumer-sts-0_20250707_215313_290215.csv,True,False,False,1751925379.8232613,617309.9932670593
230075,1751924762.9280422,1751925192.9667509,batch_consumer-sts-0_20250707_215313_290215.csv,True,False,False,1751925379.8232613,616895.2190876007
230085,1751924762.928387,1751925192.9937282,batch_consumer-sts-0_20250707_215313_290215.csv,True,False,False,1751925379.8232613,616894.8743343353
230095,1751924762.9287634,1751925193.0198302,batch_consumer-sts-0_20250707_215313_290215.csv,True,False,False,1751925379.8232613,616894.4978713989
230105,1751924762.9291058,1751925193.0468404,batch_consumer-sts-0_20250707_215313_290215.csv,True,False,False,1751925379.8232613,616894.1555023193
230115,1751924762.929436,1751925193.073761,batch_consumer-sts-0_20250707_215313_290215.csv,True,False,False,1751925379.8232613,616893.8252925873
230125,1751924762.9297583,1751925193.100262,batch_consumer-sts-0_20250707_215313_290215.csv,True,False,False,1751925379.8232613,616893.5029506683
230135,1751924762.930072,1751925193.127465,batch_consumer-sts-0_20250707_215313_290215.csv,True,False,False,1751925379.8232613,616893.1891918182
230145,1751924762.930427,1751925193.1544824,batch_consumer-sts-0_20250707_215313_290215.csv,True,False,False,1751925379.8232613,616892.834186554
230155,1751924762.930754,1751925193.181477,batch_consumer-sts-0_20250707_215313_290215.csv,True,False,False,1751925379.8232613,616892.507314682
230165,1751924762.9310725,1751925193.2075484,batch_consumer-sts-0_20250707_215313_290215.csv,True,False,False,1751925379.8232613,616892.1887874603
230175,1751924762.9314015,1751925193.2344706,batch_consumer-sts-0_20250707_215313_290215.csv,True,False,False,1751925379.8232613,616891.8597698212
230185,1751924762.9317272,1751925193.2613168,batch_consumer-sts-0_20250707_215313_290215.csv,True,False,False,1751925379.8232613,616891.5340900421
230195,1751924762.932058,1751925193.5275917,batch_consumer-sts-0_20250707_215333_049855.csv,True,False,False,1751925379.8232613,616891.2031650543
230205,1751924762.9324064,1751925193.9636486,batch_consumer-sts-0_20250707_215333_049855.csv,True,False,False,1751925379.8232613,616890.8548355103
230215,1751924762.9327493,1751925193.9890623,batch_consumer-sts-0_20250707_215333_049855.csv,True,False,False,1751925379.8232613,616890.5119895935
230225,1751924762.9330857,1751925194.0151994,batch_consumer-sts-0_20250707_215333_049855.csv,True,False,False,1751925379.8232613,616890.1755809784
230235,1751924762.9333937,1751925194.042065,batch_consumer-sts-0_20250707_215333_049855.csv,True,False,False,1751925379.8232613,616889.8675441742
230245,1751924762.9337232,1751925194.0688236,batch_consumer-sts-0_20250707_215333_049855.csv,True,False,False,1751925379.8232613,616889.5380496979
230255,1751924762.9340332,1751925194.095912,batch_consumer-sts-0_20250707_215333_049855.csv,True,False,False,1751925379.8232613,616889.228105545
230265,1751924762.9343865,1751925194.1220045,batch_consumer-sts-0_20250707_215333_049855.csv,True,False,False,1751925379.8232613,616888.8747692108
230275,1751924762.9347262,1751925194.1489327,batch_consumer-sts-0_20250707_215333_049855.csv,True,False,False,1751925379.8232613,616888.5350227356
230285,1751924762.935036,1751925194.1754453,batch_consumer-sts-0_20250707_215333_049855.csv,True,False,False,1751925379.8232613,616888.2253170013
230295,1751924762.9353397,1751925194.2023618,batch_consumer-sts-0_20250707_215333_049855.csv,True,False,False,1751925379.8232613,616887.9215717316
230305,1751924762.9356475,1751925194.2292962,batch_consumer-sts-0_20250707_215333_049855.csv,True,False,False,1751925379.8232613,616887.613773346
230315,1751924762.9359848,1751925194.256055,batch_consumer-sts-0_20250707_215333_049855.csv,True,False,False,1751925379.8232613,616887.2764110565
230325,1751924762.936277,1751925194.2830515,batch_consumer-sts-0_20250707_215333_049855.csv,True,False,False,1751925379.8232613,616886.9843482971
230335,1751924762.9366007,1751925194.309214,batch_consumer-sts-0_20250707_215333_049855.csv,True,False,False,1751925379.8232613,616886.6605758667
230345,1751924762.936949,1751925194.3362732,batch_consumer-sts-0_20250707_215333_049855.csv,True,False,False,1751925379.8232613,616886.3122463226
230355,1751924762.937271,1751925194.3645048,batch_consumer-sts-0_20250707_215333_049855.csv,True,False,False,1751925379.8232613,616885.9901428223
230365,1751924762.9375784,1751925194.3915925,batch_consumer-sts-0_20250707_215333_049855.csv,True,False,False,1751925379.8232613,616885.6828212738
230375,1751924762.937808,1751925194.4183254,batch_consumer-sts-0_20250707_215333_049855.csv,True,False,False,1751925379.8232613,616885.4532241821
230385,1751924762.938044,1751925194.4458935,batch_consumer-sts-0_20250707_215333_049855.csv,True,False,False,1751925379.8232613,616885.2171897888
230395,1751924762.9382913,1751925194.4775195,batch_consumer-sts-0_20250707_215333_049855.csv,True,False,False,1751925379.8232613,616884.9699497223
230405,1751924762.938526,1751925194.5048034,batch_consumer-sts-0_20250707_215333_049855.csv,True,False,False,1751925379.8232613,616884.7353458405
230415,1751924762.9387572,1751925194.531655,batch_consumer-sts-0_20250707_215333_049855.csv,True,False,False,1751925379.8232613,616884.5040798187
230425,1751924762.9389803,1751925194.5587747,batch_consumer-sts-0_20250707_215333_049855.csv,True,False,False,1751925379.8232613,616884.2809200287
230435,1751924762.939216,1751925194.585714,batch_consumer-sts-0_20250707_215333_049855.csv,True,False,False,1751925379.8232613,616884.0453624725
230445,1751924762.9394815,1751925194.6118023,batch_consumer-sts-0_20250707_215333_049855.csv,True,False,False,1751925379.8232613,616883.7797641754
230455,1751924762.9397142,1751925194.638588,batch_consumer-sts-0_20250707_215333_049855.csv,True,False,False,1751925379.8232613,616883.5470676422
230465,1751924762.9399457,1751925194.6654737,batch_consumer-sts-0_20250707_215333_049855.csv,True,False,False,1751925379.8232613,616883.3155632019
230475,1751924762.940233,1751925194.6923404,batch_consumer-sts-0_20250707_215333_049855.csv,True,False,False,1751925379.8232613,616883.0282688141
230485,1751924762.9404829,1751925194.7190387,batch_consumer-sts-0_20250707_215333_049855.csv,True,False,False,1751925379.8232613,616882.7784061432
230495,1751924762.9407332,1751925194.7462692,batch_consumer-sts-0_20250707_215333_049855.csv,True,False,False,1751925379.8232613,616882.5280666351
230505,1751924762.9409778,1751925194.7730122,batch_consumer-sts-0_20250707_215333_049855.csv,True,False,False,1751925379.8232613,616882.283449173
230515,1751924762.9412138,1751925194.7988858,batch_consumer-sts-0_20250707_215333_049855.csv,True,False,False,1751925379.8232613,616882.0474147797
230525,1751924762.941454,1751925194.8254597,batch_consumer-sts-0_20250707_215333_049855.csv,True,False,False,1751925379.8232613,616881.8073272705
230535,1751924762.9416907,1751925194.8530257,batch_consumer-sts-0_20250707_215333_049855.csv,True,False,False,1751925379.8232613,616881.5705776215
230545,1751924762.9419298,1751925194.8803475,batch_consumer-sts-0_20250707_215333_049855.csv,True,False,False,1751925379.8232613,616881.3314437866
230555,1751924762.9421816,1751925194.9071784,batch_consumer-sts-0_20250707_215333_049855.csv,True,False,False,1751925379.8232613,616881.0796737671
230565,1751924762.9424171,1751925194.933852,batch_consumer-sts-0_20250707_215333_049855.csv,True,False,False,1751925379.8232613,616880.8441162109
230575,1751924762.942671,1751925194.964007,batch_consumer-sts-0_20250707_215333_049855.csv,True,False,False,1751925379.8232613,616880.5902004242
230585,1751924762.9429111,1751925194.9913485,batch_consumer-sts-0_20250707_215333_049855.csv,True,False,False,1751925379.8232613,616880.350112915
230595,1751924762.9431531,1751925196.0194528,batch_consumer-sts-0_20250707_215333_049855.csv,True,False,False,1751925379.8232613,616880.1081180573
230605,1751924762.9433956,1751925196.4912205,batch_consumer-sts-0_20250707_215333_049855.csv,True,False,False,1751925379.8232613,616879.8656463623
230615,1751924762.943648,1751925196.5173442,batch_consumer-sts-0_20250707_215333_049855.csv,True,False,False,1751925379.8232613,616879.613161087
230625,1751924762.9438963,1751925196.5437465,batch_consumer-sts-0_20250707_215333_049855.csv,True,False,False,1751925379.8232613,616879.3649673462
230635,1751924762.944146,1751925196.5706294,batch_consumer-sts-0_20250707_215333_049855.csv,True,False,False,1751925379.8232613,616879.1153430939
230645,1751924762.9443944,1751925196.5975654,batch_consumer-sts-0_20250707_215333_049855.csv,True,False,False,1751925379.8232613,616878.8669109344
230655,1751924762.944639,1751925196.624413,batch_consumer-sts-0_20250707_215333_049855.csv,True,False,False,1751925379.8232613,616878.6222934723
230665,1751924762.9448726,1751925196.6514988,batch_consumer-sts-0_20250707_215333_049855.csv,True,False,False,1751925379.8232613,616878.3886432648
230675,1751924762.945112,1751925196.678785,batch_consumer-sts-0_20250707_215333_049855.csv,True,False,False,1751925379.8232613,616878.1492710114
230685,1751924762.9453602,1751925196.7056258,batch_consumer-sts-0_20250707_215333_049855.csv,True,False,False,1751925379.8232613,616877.9010772705
230695,1751924762.9456046,1751925196.7362435,batch_consumer-sts-0_20250707_215333_049855.csv,True,False,False,1751925379.8232613,616877.6566982269
230705,1751924762.9458444,1751925196.761993,batch_consumer-sts-0_20250707_215333_049855.csv,True,False,False,1751925379.8232613,616877.4168491364
230715,1751924762.9460878,1751925196.7892263,batch_consumer-sts-0_20250707_215333_049855.csv,True,False,False,1751925379.8232613,616877.1734237671
230725,1751924762.946391,1751925196.8159864,batch_consumer-sts-0_20250707_215333_049855.csv,True,False,False,1751925379.8232613,616876.8701553345
230735,1751924762.946638,1751925196.8428004,batch_consumer-sts-0_20250707_215333_049855.csv,True,False,False,1751925379.8232613,616876.6231536865
230745,1751924763.0611,1751925196.8693902,batch_consumer-sts-0_20250707_215333_049855.csv,True,False,False,1751925379.8232613,616762.1612548828
230755,1751924763.061324,1751925196.896119,batch_consumer-sts-0_20250707_215333_049855.csv,True,False,False,1751925379.8232613,616761.937379837
230765,1751924763.0615788,1751925196.92147,batch_consumer-sts-0_20250707_215333_049855.csv,True,False,False,1751925379.8232613,616761.682510376
230775,1751924763.0618117,1751925196.9481282,batch_consumer-sts-0_20250707_215333_049855.csv,True,False,False,1751925379.8232613,616761.4495754242
230785,1751924763.062048,1751925196.97457,batch_consumer-sts-0_20250707_215333_049855.csv,True,False,False,1751925379.8232613,616761.2133026123
230795,1751924763.0622942,1751925197.0018349,batch_consumer-sts-0_20250707_215333_049855.csv,True,False,False,1751925379.8232613,616760.9670162201
230805,1751924763.0625358,1751925197.0285814,batch_consumer-sts-0_20250707_215333_049855.csv,True,False,False,1751925379.8232613,616760.7254981995
230815,1751924763.0627646,1751925197.0557854,batch_consumer-sts-0_20250707_215333_049855.csv,True,False,False,1751925379.8232613,616760.4966163635
230825,1751924763.0630095,1751925197.0830774,batch_consumer-sts-0_20250707_215333_049855.csv,True,False,False,1751925379.8232613,616760.2517604828
230835,1751924763.0632489,1751925197.1115742,batch_consumer-sts-0_20250707_215333_049855.csv,True,False,False,1751925379.8232613,616760.0123882294
230845,1751924763.0634892,1751925197.138084,batch_consumer-sts-0_20250707_215333_049855.csv,True,False,False,1751925379.8232613,616759.7720623016
230855,1751924763.0637283,1751925197.164925,batch_consumer-sts-0_20250707_215333_049855.csv,True,False,False,1751925379.8232613,616759.5329284668
230865,1751924763.0639622,1751925197.191679,batch_consumer-sts-0_20250707_215333_049855.csv,True,False,False,1751925379.8232613,616759.2990398407
230875,1751924763.0642076,1751925197.217526,batch_consumer-sts-0_20250707_215333_049855.csv,True,False,False,1751925379.8232613,616759.0537071228
230885,1751924763.0646038,1751925197.2444162,batch_consumer-sts-0_20250707_215333_049855.csv,True,False,False,1751925379.8232613,616758.6574554443
230895,1751924763.064835,1751925197.2720857,batch_consumer-sts-0_20250707_215333_049855.csv,True,False,False,1751925379.8232613,616758.4261894226
230905,1751924763.066401,1751925197.2991812,batch_consumer-sts-0_20250707_215333_049855.csv,True,False,False,1751925379.8232613,616756.8602561951
230915,1751924763.0666418,1751925197.3302078,batch_consumer-sts-0_20250707_215333_049855.csv,True,False,False,1751925379.8232613,616756.6194534302
230925,1751924763.0668757,1751925197.3569918,batch_consumer-sts-0_20250707_215333_049855.csv,True,False,False,1751925379.8232613,616756.3855648041
230935,1751924763.0671053,1751925197.3843932,batch_consumer-sts-0_20250707_215333_049855.csv,True,False,False,1751925379.8232613,616756.1559677124
230945,1751924763.067337,1751925197.4112768,batch_consumer-sts-0_20250707_215333_049855.csv,True,False,False,1751925379.8232613,616755.9242248535
230955,1751924763.0675626,1751925197.4381115,batch_consumer-sts-0_20250707_215333_049855.csv,True,False,False,1751925379.8232613,616755.6986808777
230965,1751924763.067796,1751925197.4648397,batch_consumer-sts-0_20250707_215333_049855.csv,True,False,False,1751925379.8232613,616755.4652690887
230975,1751924763.0680256,1751925197.4919226,batch_consumer-sts-0_20250707_215333_049855.csv,True,False,False,1751925379.8232613,616755.2356719971
230985,1751924763.068258,1751925197.519255,batch_consumer-sts-0_20250707_215333_049855.csv,True,False,False,1751925379.8232613,616755.0032138824
230995,1751924763.068492,1751925197.546255,batch_consumer-sts-0_20250707_215333_049855.csv,True,False,False,1751925379.8232613,616754.7693252563
231005,1751924763.0687273,1751925197.5735824,batch_consumer-sts-0_20250707_215333_049855.csv,True,False,False,1751925379.8232613,616754.5340061188
231015,1751924763.0689583,1751925197.600631,batch_consumer-sts-0_20250707_215333_049855.csv,True,False,False,1751925379.8232613,616754.3029785156
231025,1751924763.0692005,1751925197.6281755,batch_consumer-sts-0_20250707_215333_049855.csv,True,False,False,1751925379.8232613,616754.0607452393
231035,1751924763.0694313,1751925197.6560037,batch_consumer-sts-0_20250707_215333_049855.csv,True,False,False,1751925379.8232613,616753.8299560547
231045,1751924763.069668,1751925197.6833603,batch_consumer-sts-0_20250707_215333_049855.csv,True,False,False,1751925379.8232613,616753.5932064056
231055,1751924763.069908,1751925197.71001,batch_consumer-sts-0_20250707_215333_049855.csv,True,False,False,1751925379.8232613,616753.3533573151
231065,1751924763.0701509,1751925197.7370589,batch_consumer-sts-0_20250707_215333_049855.csv,True,False,False,1751925379.8232613,616753.110408783
231075,1751924763.070403,1751925197.7641485,batch_consumer-sts-0_20250707_215333_049855.csv,True,False,False,1751925379.8232613,616752.8581619263
231085,1751924763.0706432,1751925197.7908545,batch_consumer-sts-0_20250707_215333_049855.csv,True,False,False,1751925379.8232613,616752.6180744171
231095,1751924763.0708792,1751925197.8169086,batch_consumer-sts-0_20250707_215333_049855.csv,True,False,False,1751925379.8232613,616752.3820400238
231105,1751924763.0711112,1751925197.8438537,batch_consumer-sts-0_20250707_215333_049855.csv,True,False,False,1751925379.8232613,616752.1500587463
231115,1751924763.0713434,1751925197.871004,batch_consumer-sts-0_20250707_215333_049855.csv,True,False,False,1751925379.8232613,616751.9178390503
231125,1751924763.0715802,1751925197.8980963,batch_consumer-sts-0_20250707_215333_049855.csv,True,False,False,1751925379.8232613,616751.6810894012
231135,1751924763.0718174,1751925197.925702,batch_consumer-sts-0_20250707_215333_049855.csv,True,False,False,1751925379.8232613,616751.443862915
231145,1751924763.072051,1751925197.9522998,batch_consumer-sts-0_20250707_215333_049855.csv,True,False,False,1751925379.8232613,616751.2102127075
231155,1751924763.0722957,1751925197.979117,batch_consumer-sts-0_20250707_215333_049855.csv,True,False,False,1751925379.8232613,616750.9655952454
231165,1751924763.07249,1751925198.0055315,batch_consumer-sts-0_20250707_215333_049855.csv,True,False,False,1751925379.8232613,616750.7712841034
231175,1751924763.072684,1751925198.0336423,batch_consumer-sts-0_20250707_215333_049855.csv,True,False,False,1751925379.8232613,616750.57721138
231185,1751924763.0728812,1751925198.0603564,batch_consumer-sts-0_20250707_215333_049855.csv,True,False,False,1751925379.8232613,616750.3800392151
231195,1751924763.073072,1751925198.087036,batch_consumer-sts-0_20250707_215333_049855.csv,True,False,False,1751925379.8232613,616750.1893043518
231205,1751924763.0732555,1751925198.1131835,batch_consumer-sts-0_20250707_215333_049855.csv,True,False,False,1751925379.8232613,616750.0057220459
231215,1751924763.0734477,1751925198.140345,batch_consumer-sts-0_20250707_215333_049855.csv,True,False,False,1751925379.8232613,616749.8135566711
231225,1751924763.0736482,1751925198.167243,batch_consumer-sts-0_20250707_215333_049855.csv,True,False,False,1751925379.8232613,616749.6130466461
231235,1751924763.07384,1751925198.194272,batch_consumer-sts-0_20250707_215333_049855.csv,True,False,False,1751925379.8232613,616749.4213581085
231245,1751924763.0740378,1751925198.2205396,batch_consumer-sts-0_20250707_215333_049855.csv,True,False,False,1751925379.8232613,616749.2234706879
231255,1751924763.0742722,1751925198.2476273,batch_consumer-sts-0_20250707_215333_049855.csv,True,False,False,1751925379.8232613,616748.9891052246
231265,1751924763.0745113,1751925198.2749074,batch_consumer-sts-0_20250707_215333_049855.csv,True,False,False,1751925379.8232613,616748.7499713898
231275,1751924763.0747385,1751925198.3018725,batch_consumer-sts-0_20250707_215333_049855.csv,True,False,False,1751925379.8232613,616748.5227584839
231285,1751924763.0749767,1751925198.328783,batch_consumer-sts-0_20250707_215333_049855.csv,True,False,False,1751925379.8232613,616748.2845783234
231295,1751924763.0752032,1751925198.3555725,batch_consumer-sts-0_20250707_215333_049855.csv,True,False,False,1751925379.8232613,616748.0580806732
231305,1751924763.075436,1751925198.3822398,batch_consumer-sts-0_20250707_215333_049855.csv,True,False,False,1751925379.8232613,616747.8251457214
231315,1751924763.0756657,1751925198.4085116,batch_consumer-sts-0_20250707_215333_049855.csv,True,False,False,1751925379.8232613,616747.5955486298
231325,1751924763.0758982,1751925198.4354334,batch_consumer-sts-0_20250707_215333_049855.csv,True,False,False,1751925379.8232613,616747.3630905151
231335,1751924763.0761302,1751925198.4623866,batch_consumer-sts-0_20250707_215333_049855.csv,True,False,False,1751925379.8232613,616747.1311092377
231345,1751924763.076371,1751925198.4891057,batch_consumer-sts-0_20250707_215333_049855.csv,True,False,False,1751925379.8232613,616746.8903064728
231355,1751924763.0766072,1751925198.5156462,batch_consumer-sts-0_20250707_215333_049855.csv,True,False,False,1751925379.8232613,616746.6540336609
231365,1751924763.0768538,1751925198.5423353,batch_consumer-sts-0_20250707_215333_049855.csv,True,False,False,1751925379.8232613,616746.4075088501
231375,1751924763.0770829,1751925198.7470014,batch_consumer-sts-0_20250707_215333_049855.csv,True,False,False,1751925379.8232613,616746.1783885956
231385,1751924763.0773876,1751925198.7738135,batch_consumer-sts-0_20250707_215333_049855.csv,True,False,False,1751925379.8232613,616745.8736896515
231395,1751924763.0776317,1751925198.7996306,batch_consumer-sts-0_20250707_215333_049855.csv,True,False,False,1751925379.8232613,616745.6295490265
231405,1751924763.07787,1751925198.8267615,batch_consumer-sts-0_20250707_215333_049855.csv,True,False,False,1751925379.8232613,616745.391368866
231415,1751924763.0781012,1751925198.853439,batch_consumer-sts-0_20250707_215333_049855.csv,True,False,False,1751925379.8232613,616745.1601028442
231425,1751924763.0783522,1751925198.8804994,batch_consumer-sts-0_20250707_215333_049855.csv,True,False,False,1751925379.8232613,616744.9090480804
231435,1751924763.0785923,1751925198.906961,batch_consumer-sts-0_20250707_215333_049855.csv,True,False,False,1751925379.8232613,616744.6689605713
231445,1751924763.0788355,1751925198.9339209,batch_consumer-sts-0_20250707_215333_049855.csv,True,False,False,1751925379.8232613,616744.4257736206
231455,1751924763.0790622,1751925198.9609008,batch_consumer-sts-0_20250707_215333_049855.csv,True,False,False,1751925379.8232613,616744.1990375519
231465,1751924763.079306,1751925198.9876482,batch_consumer-sts-0_20250707_215333_049855.csv,True,False,False,1751925379.8232613,616743.955373764
231475,1751924763.0795405,1751925199.0138133,batch_consumer-sts-0_20250707_215333_049855.csv,True,False,False,1751925379.8232613,616743.7207698822
231485,1751924763.0797734,1751925199.0407033,batch_consumer-sts-0_20250707_215333_049855.csv,True,False,False,1751925379.8232613,616743.4878349304
231495,1751924763.080006,1751925199.0667477,batch_consumer-sts-0_20250707_215333_049855.csv,True,False,False,1751925379.8232613,616743.2553768158
231505,1751924763.0804107,1751925199.093845,batch_consumer-sts-0_20250707_215333_049855.csv,True,False,False,1751925379.8232613,616742.8505420685
231515,1751924763.080913,1751925199.1463368,batch_consumer-sts-0_20250707_215333_049855.csv,True,False,False,1751925379.8232613,616742.3481941223
231525,1751924763.0811408,1751925199.1730072,batch_consumer-sts-0_20250707_215333_049855.csv,True,False,False,1751925379.8232613,616742.1205043793
231535,1751924763.0816488,1751925199.198571,batch_consumer-sts-0_20250707_215333_049855.csv,True,False,False,1751925379.8232613,616741.6124343872
231545,1751924763.0821755,1751925199.224878,batch_consumer-sts-0_20250707_215333_049855.csv,True,False,False,1751925379.8232613,616741.085767746
231555,1751924763.0826993,1751925199.2507656,batch_consumer-sts-0_20250707_215333_049855.csv,True,False,False,1751925379.8232613,616740.5619621277
231565,1751924763.0829358,1751925199.2779405,batch_consumer-sts-0_20250707_215333_049855.csv,True,False,False,1751925379.8232613,616740.3254508972
231575,1751924763.0831711,1751925199.304953,batch_consumer-sts-0_20250707_215333_049855.csv,True,False,False,1751925379.8232613,616740.0901317596
231585,1751924763.083403,1751925199.333069,batch_consumer-sts-0_20250707_215333_049855.csv,True,False,False,1751925379.8232613,616739.8581504822
231595,1751924763.0836346,1751925199.3606515,batch_consumer-sts-0_20250707_215333_049855.csv,True,False,False,1751925379.8232613,616739.6266460419
231605,1751924763.0838642,1751925199.3865814,batch_consumer-sts-0_20250707_215333_049855.csv,True,False,False,1751925379.8232613,616739.3970489502
231615,1751924763.084095,1751925199.4130647,batch_consumer-sts-0_20250707_215333_049855.csv,True,False,False,1751925379.8232613,616739.1662597656
231625,1751924763.084323,1751925199.4399352,batch_consumer-sts-0_20250707_215333_049855.csv,True,False,False,1751925379.8232613,616738.938331604
231635,1751924763.0845537,1751925199.4667346,batch_consumer-sts-0_20250707_215333_049855.csv,True,False,False,1751925379.8232613,616738.7075424194
231645,1751924763.084777,1751925199.493594,batch_consumer-sts-0_20250707_215333_049855.csv,True,False,False,1751925379.8232613,616738.4841442108
231655,1751924763.0850096,1751925199.519606,batch_consumer-sts-0_20250707_215333_049855.csv,True,False,False,1751925379.8232613,616738.2516860962
231665,1751924763.0852356,1751925199.5479422,batch_consumer-sts-0_20250707_215333_049855.csv,True,False,False,1751925379.8232613,616738.0256652832
231675,1751924763.0854692,1751925199.5755072,batch_consumer-sts-0_20250707_215333_049855.csv,True,False,False,1751925379.8232613,616737.7920150757
231685,1751924763.0857031,1751925199.602501,batch_consumer-sts-0_20250707_215333_049855.csv,True,False,False,1751925379.8232613,616737.5581264496
231695,1751924763.085939,1751925199.629038,batch_consumer-sts-0_20250707_215333_049855.csv,True,False,False,1751925379.8232613,616737.3223304749
231705,1751924763.0861814,1751925199.6563993,batch_consumer-sts-0_20250707_215333_049855.csv,True,False,False,1751925379.8232613,616737.0798587799
231715,1751924763.0864155,1751925199.6834755,batch_consumer-sts-0_20250707_215333_049855.csv,True,False,False,1751925379.8232613,616736.8457317352
231725,1751924763.086645,1751925199.7097175,batch_consumer-sts-0_20250707_215333_049855.csv,True,False,False,1751925379.8232613,616736.6163730621
231735,1751924763.086879,1751925199.7368083,batch_consumer-sts-0_20250707_215333_049855.csv,True,False,False,1751925379.8232613,616736.3822460175
231745,1751924763.08711,1751925199.7640784,batch_consumer-sts-0_20250707_215333_049855.csv,True,False,False,1751925379.8232613,616736.1512184143
231755,1751924763.0873456,1751925199.791392,batch_consumer-sts-0_20250707_215333_049855.csv,True,False,False,1751925379.8232613,616735.9156608582
231765,1751924763.087589,1751925199.8182082,batch_consumer-sts-0_20250707_215333_049855.csv,True,False,False,1751925379.8232613,616735.6722354889
231775,1751924763.08784,1751925199.8453228,batch_consumer-sts-0_20250707_215333_049855.csv,True,False,False,1751925379.8232613,616735.4211807251
231785,1751924763.0880728,1751925199.8723185,batch_consumer-sts-0_20250707_215333_049855.csv,True,False,False,1751925379.8232613,616735.1884841919
231795,1751924763.0883088,1751925199.8990862,batch_consumer-sts-0_20250707_215333_049855.csv,True,False,False,1751925379.8232613,616734.9524497986
231805,1751924763.0885427,1751925199.926481,batch_consumer-sts-0_20250707_215333_049855.csv,True,False,False,1751925379.8232613,616734.7185611725
231815,1751924763.0887692,1751925199.953451,batch_consumer-sts-0_20250707_215333_049855.csv,True,False,False,1751925379.8232613,616734.4920635223
231825,1751924763.0890148,1751925199.9829218,batch_consumer-sts-0_20250707_215333_049855.csv,True,False,False,1751925379.8232613,616734.2464923859
231835,1751924763.0892513,1751925200.0107038,batch_consumer-sts-0_20250707_215333_049855.csv,True,False,False,1751925379.8232613,616734.0099811554
231845,1751924763.0894814,1751925200.0367908,batch_consumer-sts-0_20250707_215333_049855.csv,True,False,False,1751925379.8232613,616733.7799072266
231855,1751924763.0897188,1751925200.0639718,batch_consumer-sts-0_20250707_215333_049855.csv,True,False,False,1751925379.8232613,616733.5424423218
231865,1751924763.0899503,1751925200.091149,batch_consumer-sts-0_20250707_215333_049855.csv,True,False,False,1751925379.8232613,616733.3109378815
231875,1751924763.090196,1751925200.117377,batch_consumer-sts-0_20250707_215333_049855.csv,True,False,False,1751925379.8232613,616733.065366745
231885,1751924763.0904298,1751925200.1442611,batch_consumer-sts-0_20250707_215333_049855.csv,True,False,False,1751925379.8232613,616732.8314781189
231895,1751924763.0906675,1751925200.17117,batch_consumer-sts-0_20250707_215333_049855.csv,True,False,False,1751925379.8232613,616732.5937747955
231905,1751924763.0909495,1751925200.1980512,batch_consumer-sts-0_20250707_215333_049855.csv,True,False,False,1751925379.8232613,616732.3117256165
231915,1751924763.0912118,1751925200.22528,batch_consumer-sts-0_20250707_215333_049855.csv,True,False,False,1751925379.8232613,616732.0494651794
231925,1751924763.0914528,1751925200.2522008,batch_consumer-sts-0_20250707_215333_049855.csv,True,False,False,1751925379.8232613,616731.808423996
231935,1751924763.0916922,1751925200.2790546,batch_consumer-sts-0_20250707_215333_049855.csv,True,False,False,1751925379.8232613,616731.5690517426
231945,1751924763.0919309,1751925200.306183,batch_consumer-sts-0_20250707_215333_049855.csv,True,False,False,1751925379.8232613,616731.3303947449
231955,1751924763.0921688,1751925200.3329444,batch_consumer-sts-0_20250707_215333_049855.csv,True,False,False,1751925379.8232613,616731.0924530029
231965,1751924763.092402,1751925200.3600504,batch_consumer-sts-0_20250707_215333_049855.csv,True,False,False,1751925379.8232613,616730.8592796326
231975,1751924763.0926416,1751925200.38785,batch_consumer-sts-0_20250707_215333_049855.csv,True,False,False,1751925379.8232613,616730.6196689606
231985,1751924763.0928786,1751925200.4141629,batch_consumer-sts-0_20250707_215333_049855.csv,True,False,False,1751925379.8232613,616730.382680893
231995,1751924763.093115,1751925201.4417422,batch_consumer-sts-0_20250707_215333_049855.csv,True,False,False,1751925379.8232613,616730.1461696625
232005,1751924763.0933435,1751925201.469519,batch_consumer-sts-0_20250707_215333_049855.csv,True,False,False,1751925379.8232613,616729.9177646637
232015,1751924763.093584,1751925201.4959664,batch_consumer-sts-0_20250707_215333_049855.csv,True,False,False,1751925379.8232613,616729.6772003174
232025,1751924763.093824,1751925201.5220864,batch_consumer-sts-0_20250707_215333_049855.csv,True,False,False,1751925379.8232613,616729.4373512268
232035,1751924763.094055,1751925201.5487783,batch_consumer-sts-0_20250707_215333_049855.csv,True,False,False,1751925379.8232613,616729.2063236237
232045,1751924763.0943024,1751925201.5752628,batch_consumer-sts-0_20250707_215333_049855.csv,True,False,False,1751925379.8232613,616728.9588451385
232055,1751924763.0945325,1751925201.602178,batch_consumer-sts-0_20250707_215333_049855.csv,True,False,False,1751925379.8232613,616728.7287712097
232065,1751924763.0947638,1751925201.6295218,batch_consumer-sts-0_20250707_215333_049855.csv,True,False,False,1751925379.8232613,616728.497505188
232075,1751924763.0949936,1751925201.6562357,batch_consumer-sts-0_20250707_215333_049855.csv,True,False,False,1751925379.8232613,616728.2676696777
232085,1751924763.0952256,1751925201.682886,batch_consumer-sts-0_20250707_215333_049855.csv,True,False,False,1751925379.8232613,616728.0356884003
232095,1751924763.0954633,1751925201.7094088,batch_consumer-sts-0_20250707_215333_049855.csv,True,False,False,1751925379.8232613,616727.7979850769
232105,1751924763.095689,1751925201.736183,batch_consumer-sts-0_20250707_215333_049855.csv,True,False,False,1751925379.8232613,616727.5722026825
232115,1751924763.095919,1751925201.7631822,batch_consumer-sts-0_20250707_215333_049855.csv,True,False,False,1751925379.8232613,616727.3423671722
232125,1751924763.0961564,1751925201.7934966,batch_consumer-sts-0_20250707_215333_049855.csv,True,False,False,1751925379.8232613,616727.1049022675
232135,1751924763.0963902,1751925201.819945,batch_consumer-sts-0_20250707_215333_049855.csv,True,False,False,1751925379.8232613,616726.8710136414
232145,1751924763.0966194,1751925201.8459008,batch_consumer-sts-0_20250707_215333_049855.csv,True,False,False,1751925379.8232613,616726.6418933868
232155,1751924763.096854,1751925201.8722749,batch_consumer-sts-0_20250707_215333_049855.csv,True,False,False,1751925379.8232613,616726.407289505
232165,1751924763.097088,1751925201.899394,batch_consumer-sts-0_20250707_215333_049855.csv,True,False,False,1751925379.8232613,616726.1731624603
232175,1751924763.0973306,1751925201.926801,batch_consumer-sts-0_20250707_215333_049855.csv,True,False,False,1751925379.8232613,616725.9306907654
232185,1751924763.0975716,1751925201.9534116,batch_consumer-sts-0_20250707_215333_049855.csv,True,False,False,1751925379.8232613,616725.6896495819
232195,1751924763.0978136,1751925201.979957,batch_consumer-sts-0_20250707_215333_049855.csv,True,False,False,1751925379.8232613,616725.4476547241
232205,1751924763.0980277,1751925202.006874,batch_consumer-sts-0_20250707_215333_049855.csv,True,False,False,1751925379.8232613,616725.2335548401
232215,1751924763.0982654,1751925202.0332336,batch_consumer-sts-0_20250707_215333_049855.csv,True,False,False,1751925379.8232613,616724.9958515167
232225,1751924763.0985029,1751925202.0604758,batch_consumer-sts-0_20250707_215333_049855.csv,True,False,False,1751925379.8232613,616724.7583866119
232235,1751924763.0987406,1751925202.0872808,batch_consumer-sts-0_20250707_215333_049855.csv,True,False,False,1751925379.8232613,616724.5206832886
232245,1751924763.0989747,1751925202.11368,batch_consumer-sts-0_20250707_215333_049855.csv,True,False,False,1751925379.8232613,616724.2865562439
232255,1751924763.0995128,1751925202.142012,batch_consumer-sts-0_20250707_215333_049855.csv,True,False,False,1751925379.8232613,616723.7484455109
232265,1751924763.0997477,1751925202.178118,batch_consumer-sts-0_20250707_215333_049855.csv,True,False,False,1751925379.8232613,616723.5136032104
232275,1751924763.099991,1751925202.2052867,batch_consumer-sts-0_20250707_215333_049855.csv,True,False,False,1751925379.8232613,616723.2701778412
232285,1751924763.1002295,1751925202.23185,batch_consumer-sts-0_20250707_215333_049855.csv,True,False,False,1751925379.8232613,616723.0317592621
232295,1751924763.1004715,1751925202.2587144,batch_consumer-sts-0_20250707_215333_049855.csv,True,False,False,1751925379.8232613,616722.7897644043
232305,1751924763.1007116,1751925202.2852128,batch_consumer-sts-0_20250707_215333_049855.csv,True,False,False,1751925379.8232613,616722.5496768951
232315,1751924763.100948,1751925202.3120182,batch_consumer-sts-0_20250707_215333_049855.csv,True,False,False,1751925379.8232613,616722.3131656647
247505,1751924763.6085875,1751925202.3405297,batch_consumer-sts-0_20250707_215333_049855.csv,True,False,False,1751925379.8232613,616214.6737575531
247515,1751924763.6088345,1751925202.367025,batch_consumer-sts-0_20250707_215333_049855.csv,True,False,False,1751925379.8232613,616214.4267559052
247525,1751924763.609068,1751925202.394927,batch_consumer-sts-0_20250707_215333_049855.csv,True,False,False,1751925379.8232613,616214.1933441162
247535,1751924763.609309,1751925202.421253,batch_consumer-sts-0_20250707_215333_049855.csv,True,False,False,1751925379.8232613,616213.9523029327
247545,1751924763.609547,1751925202.448447,batch_consumer-sts-0_20250707_215333_049855.csv,True,False,False,1751925379.8232613,616213.7143611908
247555,1751924763.6097786,1751925202.475654,batch_consumer-sts-0_20250707_215333_049855.csv,True,False,False,1751925379.8232613,616213.4826183319
247565,1751924763.6100223,1751925202.502684,batch_consumer-sts-0_20250707_215333_049855.csv,True,False,False,1751925379.8232613,616213.2389545441
247575,1751924763.6103337,1751925202.5332935,batch_consumer-sts-0_20250707_215333_049855.csv,True,False,False,1751925379.8232613,616212.9275798798
247585,1751924763.6105723,1751925202.5630844,batch_consumer-sts-0_20250707_215333_049855.csv,True,False,False,1751925379.8232613,616212.6889228821
247595,1751924763.6108105,1751925202.5897138,batch_consumer-sts-0_20250707_215333_049855.csv,True,False,False,1751925379.8232613,616212.4507427216
247605,1751924763.611052,1751925202.616129,batch_consumer-sts-0_20250707_215333_049855.csv,True,False,False,1751925379.8232613,616212.2092247009
247615,1751924763.611317,1751925202.646423,batch_consumer-sts-0_20250707_215333_049855.csv,True,False,False,1751925379.8232613,616211.9443416595
247625,1751924763.6116664,1751925202.6730926,batch_consumer-sts-0_20250707_215333_049855.csv,True,False,False,1751925379.8232613,616211.5948200226
247635,1751924763.6120164,1751925202.701179,batch_consumer-sts-0_20250707_215333_049855.csv,True,False,False,1751925379.8232613,616211.2448215485
247645,1751924763.6122017,1751925202.727729,batch_consumer-sts-0_20250707_215333_049855.csv,True,False,False,1751925379.8232613,616211.0595703125
247655,1751924763.612393,1751925202.7561324,batch_consumer-sts-0_20250707_215333_049855.csv,True,False,False,1751925379.8232613,616210.8683586121
247665,1751924763.61258,1751925202.782612,batch_consumer-sts-0_20250707_215333_049855.csv,True,False,False,1751925379.8232613,616210.6812000275
247675,1751924763.6127656,1751925202.808868,batch_consumer-sts-0_20250707_215333_049855.csv,True,False,False,1751925379.8232613,616210.4957103729
247685,1751924763.6129549,1751925202.8355508,batch_consumer-sts-0_20250707_215333_049855.csv,True,False,False,1751925379.8232613,616210.3064060211
247695,1751924763.6131628,1751925202.861997,batch_consumer-sts-0_20250707_215333_049855.csv,True,False,False,1751925379.8232613,616210.0985050201
247705,1751924763.6133578,1751925202.889302,batch_consumer-sts-0_20250707_215333_049855.csv,True,False,False,1751925379.8232613,616209.9034786224
247715,1751924763.6135552,1751925202.9153855,batch_consumer-sts-0_20250707_215333_049855.csv,True,False,False,1751925379.8232613,616209.7060680389
247725,1751924763.6137557,1751925202.9417956,batch_consumer-sts-0_20250707_215333_049855.csv,True,False,False,1751925379.8232613,616209.5055580139
247735,1751924763.6139777,1751925202.9678664,batch_consumer-sts-0_20250707_215333_049855.csv,True,False,False,1751925379.8232613,616209.2835903168
247745,1751924763.6143494,1751925202.995164,batch_consumer-sts-0_20250707_215333_049855.csv,True,False,False,1751925379.8232613,616208.911895752
247755,1751924763.6145976,1751925203.021266,batch_consumer-sts-0_20250707_215333_049855.csv,True,False,False,1751925379.8232613,616208.6637020111
247765,1751924763.6148372,1751925203.048139,batch_consumer-sts-0_20250707_215333_049855.csv,True,False,False,1751925379.8232613,616208.4240913391
247775,1751924763.6150842,1751925203.0752292,batch_consumer-sts-0_20250707_215333_049855.csv,True,False,False,1751925379.8232613,616208.1770896912
247785,1751924763.615467,1751925203.1019735,batch_consumer-sts-0_20250707_215333_049855.csv,True,False,False,1751925379.8232613,616207.7941894531
247795,1751924763.6157172,1751925203.130156,batch_consumer-sts-0_20250707_215333_049855.csv,True,False,False,1751925379.8232613,616207.5440883636
247805,1751924763.615958,1751925203.15711,batch_consumer-sts-0_20250707_215333_049855.csv,True,False,False,1751925379.8232613,616207.3032855988
247815,1751924763.6161995,1751925203.183896,batch_consumer-sts-0_20250707_215333_049855.csv,True,False,False,1751925379.8232613,616207.0617675781
247825,1751924763.6164367,1751925203.209385,batch_consumer-sts-0_20250707_215333_049855.csv,True,False,False,1751925379.8232613,616206.8245410919
247835,1751924763.616678,1751925203.2364583,batch_consumer-sts-0_20250707_215333_049855.csv,True,False,False,1751925379.8232613,616206.5832614899
247845,1751924763.616917,1751925203.264543,batch_consumer-sts-0_20250707_215333_049855.csv,True,False,False,1751925379.8232613,616206.3443660736
247855,1751924763.6171596,1751925203.291509,batch_consumer-sts-0_20250707_215333_049855.csv,True,False,False,1751925379.8232613,616206.1016559601
247865,1751924763.6173968,1751925203.317079,batch_consumer-sts-0_20250707_215333_049855.csv,True,False,False,1751925379.8232613,616205.8644294739
247875,1751924763.6176407,1751925203.3434386,batch_consumer-sts-0_20250707_215333_049855.csv,True,False,False,1751925379.8232613,616205.6205272675
247885,1751924763.617892,1751925203.3701763,batch_consumer-sts-0_20250707_215333_049855.csv,True,False,False,1751925379.8232613,616205.3692340851
247895,1751924763.618258,1751925203.3970704,batch_consumer-sts-0_20250707_215333_049855.csv,True,False,False,1751925379.8232613,616205.0032615662
247905,1751924763.6186128,1751925203.4277024,batch_consumer-sts-0_20250707_215333_049855.csv,True,False,False,1751925379.8232613,616204.6484947205
247915,1751924763.6188486,1751925203.454385,batch_consumer-sts-0_20250707_215333_049855.csv,True,False,False,1751925379.8232613,616204.4126987457
247925,1751924763.6190877,1751925203.481138,batch_consumer-sts-0_20250707_215333_049855.csv,True,False,False,1751925379.8232613,616204.1735649109
247935,1751924763.6193285,1751925203.5080595,batch_consumer-sts-0_20250707_215333_049855.csv,True,False,False,1751925379.8232613,616203.932762146
247945,1751924763.6195712,1751925203.5374238,batch_consumer-sts-0_20250707_215333_049855.csv,True,False,False,1751925379.8232613,616203.6900520325
247955,1751924763.619802,1751925203.564783,batch_consumer-sts-0_20250707_215333_049855.csv,True,False,False,1751925379.8232613,616203.4592628479
247965,1751924763.6200397,1751925203.5911863,batch_consumer-sts-0_20250707_215333_049855.csv,True,False,False,1751925379.8232613,616203.2215595245
247975,1751924763.6202805,1751925203.6174066,batch_consumer-sts-0_20250707_215333_049855.csv,True,False,False,1751925379.8232613,616202.9807567596
247985,1751924763.620516,1751925203.6442764,batch_consumer-sts-0_20250707_215333_049855.csv,True,False,False,1751925379.8232613,616202.7451992035
247995,1751924763.6207483,1751925204.1513815,batch_consumer-sts-0_20250707_215333_049855.csv,True,False,False,1751925379.8232613,616202.5129795074
248005,1751924763.6209784,1751925204.17856,batch_consumer-sts-0_20250707_215333_049855.csv,True,False,False,1751925379.8232613,616202.2829055786
248015,1751924763.621219,1751925204.205176,batch_consumer-sts-0_20250707_215333_049855.csv,True,False,False,1751925379.8232613,616202.0423412323
248025,1751924763.621461,1751925204.2322147,batch_consumer-sts-0_20250707_215333_049855.csv,True,False,False,1751925379.8232613,616201.8003463745
248035,1751924763.6217048,1751925204.2589066,batch_consumer-sts-0_20250707_215333_049855.csv,True,False,False,1751925379.8232613,616201.5564441681
248045,1751924763.6220877,1751925204.2858684,batch_consumer-sts-0_20250707_215333_049855.csv,True,False,False,1751925379.8232613,616201.17354393
248055,1751924763.6223423,1751925204.312277,batch_consumer-sts-0_20250707_215333_049855.csv,True,False,False,1751925379.8232613,616200.9189128876
248065,1751924763.6225822,1751925204.3394072,batch_consumer-sts-0_20250707_215333_049855.csv,True,False,False,1751925379.8232613,616200.679063797
248075,1751924763.6228228,1751925204.3665104,batch_consumer-sts-0_20250707_215333_049855.csv,True,False,False,1751925379.8232613,616200.4384994507
248085,1751924763.623063,1751925204.3936174,batch_consumer-sts-0_20250707_215333_049855.csv,True,False,False,1751925379.8232613,616200.198173523
248095,1751924763.62331,1751925204.4198363,batch_consumer-sts-0_20250707_215333_049855.csv,True,False,False,1751925379.8232613,616199.951171875
248105,1751924763.6235535,1751925204.4468648,batch_consumer-sts-0_20250707_215333_049855.csv,True,False,False,1751925379.8232613,616199.7077465057
248115,1751924763.6237895,1751925204.4733565,batch_consumer-sts-0_20250707_215333_049855.csv,True,False,False,1751925379.8232613,616199.4717121124
248125,1751924763.624025,1751925204.500185,batch_consumer-sts-0_20250707_215333_049855.csv,True,False,False,1751925379.8232613,616199.2361545563
248135,1751924763.624264,1751925204.5271735,batch_consumer-sts-0_20250707_215333_049855.csv,True,False,False,1751925379.8232613,616198.99725914
248145,1751924763.6245005,1751925204.563136,batch_consumer-sts-0_20250707_215333_049855.csv,True,False,False,1751925379.8232613,616198.7607479095
248155,1751924763.6247509,1751925204.5901873,batch_consumer-sts-0_20250707_215333_049855.csv,True,False,False,1751925379.8232613,616198.5104084015
248165,1751924763.6249914,1751925204.61612,batch_consumer-sts-0_20250707_215333_049855.csv,True,False,False,1751925379.8232613,616198.2698440552
248175,1751924763.625226,1751925204.643007,batch_consumer-sts-0_20250707_215333_049855.csv,True,False,False,1751925379.8232613,616198.0352401733
248185,1751924763.6254606,1751925204.6698215,batch_consumer-sts-0_20250707_215333_049855.csv,True,False,False,1751925379.8232613,616197.8006362915
248195,1751924763.6257842,1751925204.6966534,batch_consumer-sts-0_20250707_215333_049855.csv,True,False,False,1751925379.8232613,616197.4771022797
248205,1751924763.6260917,1751925204.7227907,batch_consumer-sts-0_20250707_215333_049855.csv,True,False,False,1751925379.8232613,616197.1695423126
248215,1751924763.626358,1751925204.7491963,batch_consumer-sts-0_20250707_215333_049855.csv,True,False,False,1751925379.8232613,616196.9032287598
248225,1751924763.6266017,1751925204.7759695,batch_consumer-sts-0_20250707_215333_049855.csv,True,False,False,1751925379.8232613,616196.6595649719
248235,1751924763.6268344,1751925204.8024151,batch_consumer-sts-0_20250707_215333_049855.csv,True,False,False,1751925379.8232613,616196.4268684387
248245,1751924763.627085,1751925204.839291,batch_consumer-sts-0_20250707_215333_049855.csv,True,False,False,1751925379.8232613,616196.1762905121
248255,1751924763.6273212,1751925204.866241,batch_consumer-sts-0_20250707_215333_049855.csv,True,False,False,1751925379.8232613,616195.9400177002
248265,1751924763.62756,1751925204.892761,batch_consumer-sts-0_20250707_215333_049855.csv,True,False,False,1751925379.8232613,616195.7013607025
248275,1751924763.6278105,1751925204.9190197,batch_consumer-sts-0_20250707_215333_049855.csv,True,False,False,1751925379.8232613,616195.4507827759
248285,1751924763.6280518,1751925204.9496295,batch_consumer-sts-0_20250707_215333_049855.csv,True,False,False,1751925379.8232613,616195.2095031738
248295,1751924763.628291,1751925204.9764936,batch_consumer-sts-0_20250707_215333_049855.csv,True,False,False,1751925379.8232613,616194.970369339
248305,1751924763.628528,1751925205.0028467,batch_consumer-sts-0_20250707_215333_049855.csv,True,False,False,1751925379.8232613,616194.7331428528
248315,1751924763.6287673,1751925205.0289752,batch_consumer-sts-0_20250707_215333_049855.csv,True,False,False,1751925379.8232613,616194.494009018
248325,1751924763.6289976,1751925205.055493,batch_consumer-sts-0_20250707_215333_049855.csv,True,False,False,1751925379.8232613,616194.2636966705
248335,1751924763.6292398,1751925205.0824404,batch_consumer-sts-0_20250707_215333_049855.csv,True,False,False,1751925379.8232613,616194.0214633942
248345,1751924763.6294794,1751925205.1088648,batch_consumer-sts-0_20250707_215333_049855.csv,True,False,False,1751925379.8232613,616193.7818527222
248355,1751924763.6297166,1751925205.1350267,batch_consumer-sts-0_20250707_215333_049855.csv,True,False,False,1751925379.8232613,616193.544626236
248365,1751924763.6299517,1751925205.1614954,batch_consumer-sts-0_20250707_215333_049855.csv,True,False,False,1751925379.8232613,616193.309545517
248375,1751924763.6302805,1751925205.188537,batch_consumer-sts-0_20250707_215333_049855.csv,True,False,False,1751925379.8232613,616192.9807662964
248385,1751924763.6305168,1751925205.214939,batch_consumer-sts-0_20250707_215333_049855.csv,True,False,False,1751925379.8232613,616192.7444934845
248395,1751924763.6307614,1751925205.2408009,batch_consumer-sts-0_20250707_215333_049855.csv,True,False,False,1751925379.8232613,616192.4998760223
248405,1751924763.6310058,1751925205.267607,batch_consumer-sts-0_20250707_215333_049855.csv,True,False,False,1751925379.8232613,616192.2554969788
248415,1751924763.631246,1751925205.2943797,batch_consumer-sts-0_20250707_215333_049855.csv,True,False,False,1751925379.8232613,616192.015171051
248425,1751924763.631488,1751925205.3206575,batch_consumer-sts-0_20250707_215333_049855.csv,True,False,False,1751925379.8232613,616191.7731761932
248435,1751924763.6317265,1751925205.347376,batch_consumer-sts-0_20250707_215333_049855.csv,True,False,False,1751925379.8232613,616191.5347576141
248445,1751924763.6320412,1751925205.3742986,batch_consumer-sts-0_20250707_215333_049855.csv,True,False,False,1751925379.8232613,616191.2200450897
248455,1751924763.6322803,1751925205.4013102,batch_consumer-sts-0_20250707_215333_049855.csv,True,False,False,1751925379.8232613,616190.9809112549
248465,1751924763.6325176,1751925205.4302697,batch_consumer-sts-0_20250707_215333_049855.csv,True,False,False,1751925379.8232613,616190.7436847687
248475,1751924763.6327505,1751925205.45728,batch_consumer-sts-0_20250707_215333_049855.csv,True,False,False,1751925379.8232613,616190.5107498169
248485,1751924763.6329937,1751925205.4842005,batch_consumer-sts-0_20250707_215333_049855.csv,True,False,False,1751925379.8232613,616190.2675628662
248495,1751924763.6332374,1751925205.5103884,batch_consumer-sts-0_20250707_215333_049855.csv,True,False,False,1751925379.8232613,616190.0238990784
248505,1751924763.6335964,1751925205.5372567,batch_consumer-sts-0_20250707_215333_049855.csv,True,False,False,1751925379.8232613,616189.6648406982
248515,1751924763.633877,1751925205.564999,batch_consumer-sts-0_20250707_215333_049855.csv,True,False,False,1751925379.8232613,616189.3842220306
248525,1751924763.634111,1751925205.592059,batch_consumer-sts-0_20250707_215333_049855.csv,True,False,False,1751925379.8232613,616189.1503334045
248535,1751924763.634358,1751925205.6184752,batch_consumer-sts-0_20250707_215333_049855.csv,True,False,False,1751925379.8232613,616188.9033317566
248545,1751924763.6345975,1751925205.6450808,batch_consumer-sts-0_20250707_215333_049855.csv,True,False,False,1751925379.8232613,616188.6637210846
248555,1751924763.6348464,1751925205.6720672,batch_consumer-sts-0_20250707_215333_049855.csv,True,False,False,1751925379.8232613,616188.414812088
248565,1751924763.635093,1751925205.698958,batch_consumer-sts-0_20250707_215333_049855.csv,True,False,False,1751925379.8232613,616188.1682872772
248575,1751924763.6353395,1751925206.807792,batch_consumer-sts-0_20250707_215333_049855.csv,True,False,False,1751925379.8232613,616187.9217624664
248585,1751924763.6355824,1751925206.8348596,batch_consumer-sts-0_20250707_215333_049855.csv,True,False,False,1751925379.8232613,616187.6788139343
248595,1751924763.635821,1751925206.8614914,batch_consumer-sts-0_20250707_215333_049855.csv,True,False,False,1751925379.8232613,616187.4401569366
248605,1751924763.636057,1751925206.8884716,batch_consumer-sts-0_20250707_215333_049855.csv,True,False,False,1751925379.8232613,616187.2043609619
248615,1751924763.6362944,1751925206.915266,batch_consumer-sts-0_20250707_215333_049855.csv,True,False,False,1751925379.8232613,616186.9668960571
248625,1751924763.6365364,1751925206.9421496,batch_consumer-sts-0_20250707_215333_049855.csv,True,False,False,1751925379.8232613,616186.7249011993
248635,1751924763.6367743,1751925206.9693575,batch_consumer-sts-0_20250707_215333_049855.csv,True,False,False,1751925379.8232613,616186.4869594574
248645,1751924763.6370137,1751925206.996071,batch_consumer-sts-0_20250707_215333_049855.csv,True,False,False,1751925379.8232613,616186.247587204
248655,1751924763.637256,1751925207.0223608,batch_consumer-sts-0_20250707_215333_049855.csv,True,False,False,1751925379.8232613,616186.0053539276
248665,1751924763.637498,1751925207.0491784,batch_consumer-sts-0_20250707_215333_049855.csv,True,False,False,1751925379.8232613,616185.7633590698
248675,1751924763.643329,1751925207.0761752,batch_consumer-sts-0_20250707_215333_049855.csv,True,False,False,1751925379.8232613,616179.9323558807
248685,1751924763.6436608,1751925207.104004,batch_consumer-sts-0_20250707_215333_049855.csv,True,False,False,1751925379.8232613,616179.6004772186
248695,1751924763.6439197,1751925207.1311853,batch_consumer-sts-0_20250707_215333_049855.csv,True,False,False,1751925379.8232613,616179.3415546417
248705,1751924763.6441786,1751925207.1585534,batch_consumer-sts-0_20250707_215333_049855.csv,True,False,False,1751925379.8232613,616179.0826320648
248715,1751924763.6444445,1751925207.185827,batch_consumer-sts-0_20250707_215333_049855.csv,True,False,False,1751925379.8232613,616178.8167953491
248725,1751924763.6446977,1751925207.2122254,batch_consumer-sts-0_20250707_215333_049855.csv,True,False,False,1751925379.8232613,616178.5635948181
248735,1751924763.6449466,1751925207.2395532,batch_consumer-sts-0_20250707_215333_049855.csv,True,False,False,1751925379.8232613,616178.3146858215
248745,1751924763.6452825,1751925207.266751,batch_consumer-sts-0_20250707_215333_049855.csv,True,False,False,1751925379.8232613,616177.9787540436
248755,1751924763.6455412,1751925207.2934616,batch_consumer-sts-0_20250707_215333_049855.csv,True,False,False,1751925379.8232613,616177.7200698853
248765,1751924763.645791,1751925207.3196182,batch_consumer-sts-0_20250707_215333_049855.csv,True,False,False,1751925379.8232613,616177.4702072144
248775,1751924763.6460395,1751925207.3466983,batch_consumer-sts-0_20250707_215333_049855.csv,True,False,False,1751925379.8232613,616177.2217750549
248785,1751924763.6463072,1751925207.373232,batch_consumer-sts-0_20250707_215333_049855.csv,True,False,False,1751925379.8232613,616176.9540309906
248795,1751924763.6466637,1751925207.3997376,batch_consumer-sts-0_20250707_215333_049855.csv,True,False,False,1751925379.8232613,616176.5975952148
248805,1751924763.6469522,1751925207.4261065,batch_consumer-sts-0_20250707_215333_049855.csv,True,False,False,1751925379.8232613,616176.3091087341
248815,1751924763.6472268,1751925207.452926,batch_consumer-sts-0_20250707_215333_049855.csv,True,False,False,1751925379.8232613,616176.034450531
248825,1751924763.6474962,1751925207.4795053,batch_consumer-sts-0_20250707_215333_049855.csv,True,False,False,1751925379.8232613,616175.7650375366
248835,1751924763.647774,1751925207.506089,batch_consumer-sts-0_20250707_215333_049855.csv,True,False,False,1751925379.8232613,616175.487279892
248845,1751924763.6480553,1751925207.53316,batch_consumer-sts-0_20250707_215333_049855.csv,True,False,False,1751925379.8232613,616175.2059459686
248855,1751924763.6483166,1751925207.5599442,batch_consumer-sts-0_20250707_215333_049855.csv,True,False,False,1751925379.8232613,616174.9446392059
250185,1751924763.688625,1751925207.5874586,batch_consumer-sts-0_20250707_215333_049855.csv,True,False,False,1751925379.8232613,616134.6361637115
250195,1751924763.6889129,1751925207.613825,batch_consumer-sts-0_20250707_215333_049855.csv,True,False,False,1751925379.8232613,616134.3483924866
250205,1751924763.6891775,1751925207.6410768,batch_consumer-sts-0_20250707_215333_049855.csv,True,False,False,1751925379.8232613,616134.0837478638
250215,1751924763.6894422,1751925207.6681173,batch_consumer-sts-0_20250707_215333_049855.csv,True,False,False,1751925379.8232613,616133.819103241
250225,1751924763.6897466,1751925207.6947768,batch_consumer-sts-0_20250707_215333_049855.csv,True,False,False,1751925379.8232613,616133.5146427155
250235,1751924763.6900394,1751925207.721056,batch_consumer-sts-0_20250707_215333_049855.csv,True,False,False,1751925379.8232613,616133.2218647003
250245,1751924763.6903343,1751925207.7485907,batch_consumer-sts-0_20250707_215333_049855.csv,True,False,False,1751925379.8232613,616132.926940918
250255,1751924763.6906228,1751925207.7754033,batch_consumer-sts-0_20250707_215333_049855.csv,True,False,False,1751925379.8232613,616132.6384544373
250265,1751924763.6908977,1751925207.802488,batch_consumer-sts-0_20250707_215333_049855.csv,True,False,False,1751925379.8232613,616132.3635578156
250275,1751924763.691187,1751925207.829781,batch_consumer-sts-0_20250707_215333_049855.csv,True,False,False,1751925379.8232613,616132.0743560791
250285,1751924763.6914666,1751925207.8566773,batch_consumer-sts-0_20250707_215333_049855.csv,True,False,False,1751925379.8232613,616131.7946910858
250295,1751924763.6916797,1751925207.883869,batch_consumer-sts-0_20250707_215333_049855.csv,True,False,False,1751925379.8232613,616131.5815448761
250305,1751924763.6918976,1751925207.9108186,batch_consumer-sts-0_20250707_215333_049855.csv,True,False,False,1751925379.8232613,616131.3636302948
250315,1751924763.692118,1751925207.937679,batch_consumer-sts-0_20250707_215333_049855.csv,True,False,False,1751925379.8232613,616131.1433315277
250325,1751924763.6923945,1751925207.9666882,batch_consumer-sts-0_20250707_215333_049855.csv,True,False,False,1751925379.8232613,616130.866765976
250335,1751924763.6926875,1751925207.993143,batch_consumer-sts-0_20250707_215333_049855.csv,True,False,False,1751925379.8232613,616130.5737495422
250345,1751924763.693041,1751925208.019553,batch_consumer-sts-0_20250707_215333_049855.csv,True,False,False,1751925379.8232613,616130.2201747894
250355,1751924763.693417,1751925208.0467362,batch_consumer-sts-0_20250707_215333_049855.csv,True,False,False,1751925379.8232613,616129.8441886902
250365,1751924763.693739,1751925208.074412,batch_consumer-sts-0_20250707_215333_049855.csv,True,False,False,1751925379.8232613,616129.5223236084
250375,1751924763.6940076,1751925208.1026218,batch_consumer-sts-0_20250707_215333_049855.csv,True,False,False,1751925379.8232613,616129.2536258698
250385,1751924763.6942606,1751925208.129305,batch_consumer-sts-0_20250707_215333_049855.csv,True,False,False,1751925379.8232613,616129.0006637573
250395,1751924763.6945083,1751925208.1577842,batch_consumer-sts-0_20250707_215333_049855.csv,True,False,False,1751925379.8232613,616128.7529468536
250405,1751924763.6947792,1751925208.184923,batch_consumer-sts-0_20250707_215333_049855.csv,True,False,False,1751925379.8232613,616128.4821033478
250415,1751924763.6950784,1751925208.211664,batch_consumer-sts-0_20250707_215333_049855.csv,True,False,False,1751925379.8232613,616128.182888031
250425,1751924763.695436,1751925208.238275,batch_consumer-sts-0_20250707_215333_049855.csv,True,False,False,1751925379.8232613,616127.8252601624
257745,1751924764.012873,1751925208.271672,batch_consumer-sts-0_20250707_215333_049855.csv,True,False,False,1751925379.8232613,615810.3883266449
257755,1751924764.0131042,1751925208.2993166,batch_consumer-sts-0_20250707_215333_049855.csv,True,False,False,1751925379.8232613,615810.1570606232
257765,1751924764.0133495,1751925208.326095,batch_consumer-sts-0_20250707_215333_049855.csv,True,False,False,1751925379.8232613,615809.9117279053
257775,1751924764.0135877,1751925208.353384,batch_consumer-sts-0_20250707_215333_049855.csv,True,False,False,1751925379.8232613,615809.6735477448
257785,1751924764.0138218,1751925208.3801866,batch_consumer-sts-0_20250707_215333_049855.csv,True,False,False,1751925379.8232613,615809.4394207001
257795,1751924764.0140674,1751925208.4069035,batch_consumer-sts-0_20250707_215333_049855.csv,True,False,False,1751925379.8232613,615809.1938495636
257805,1751924764.0143216,1751925208.4338045,batch_consumer-sts-0_20250707_215333_049855.csv,True,False,False,1751925379.8232613,615808.9396953583
257815,1751924764.0145595,1751925208.461929,batch_consumer-sts-0_20250707_215333_049855.csv,True,False,False,1751925379.8232613,615808.7017536163
257825,1751924764.0147955,1751925208.4877107,batch_consumer-sts-0_20250707_215333_049855.csv,True,False,False,1751925379.8232613,615808.465719223
257835,1751924764.0150323,1751925208.5139048,batch_consumer-sts-0_20250707_215333_049855.csv,True,False,False,1751925379.8232613,615808.228969574
257845,1751924764.01527,1751925208.5428145,batch_consumer-sts-0_20250707_215333_049855.csv,True,False,False,1751925379.8232613,615807.9912662506
257855,1751924764.015513,1751925208.5690093,batch_consumer-sts-0_20250707_215333_049855.csv,True,False,False,1751925379.8232613,615807.7483177185
257865,1751924764.0157533,1751925208.5974023,batch_consumer-sts-0_20250707_215333_049855.csv,True,False,False,1751925379.8232613,615807.5079917908
257875,1751924764.0159886,1751925208.6258335,batch_consumer-sts-0_20250707_215333_049855.csv,True,False,False,1751925379.8232613,615807.2726726532
257885,1751924764.0162258,1751925208.6524577,batch_consumer-sts-0_20250707_215333_049855.csv,True,False,False,1751925379.8232613,615807.035446167
257895,1751924764.0164623,1751925208.679387,batch_consumer-sts-0_20250707_215333_049855.csv,True,False,False,1751925379.8232613,615806.7989349365
257905,1751924764.0166972,1751925208.7065108,batch_consumer-sts-0_20250707_215333_049855.csv,True,False,False,1751925379.8232613,615806.5640926361
257915,1751924764.0169008,1751925208.7359517,batch_consumer-sts-0_20250707_215333_049855.csv,True,False,False,1751925379.8232613,615806.3604831696
257925,1751924764.0170858,1751925208.7649405,batch_consumer-sts-0_20250707_215333_049855.csv,True,False,False,1751925379.8232613,615806.1754703522
257935,1751924764.017277,1751925209.1385422,batch_consumer-sts-0_20250707_215333_049855.csv,True,False,False,1751925379.8232613,615805.9842586517
257945,1751924764.0174897,1751925209.1650815,batch_consumer-sts-0_20250707_215333_049855.csv,True,False,False,1751925379.8232613,615805.7715892792
257955,1751924764.017689,1751925209.1920102,batch_consumer-sts-0_20250707_215333_049855.csv,True,False,False,1751925379.8232613,615805.572271347
257965,1751924764.017891,1751925209.2170212,batch_consumer-sts-0_20250707_215333_049855.csv,True,False,False,1751925379.8232613,615805.3703308105
257975,1751924764.0180871,1751925209.244191,batch_consumer-sts-0_20250707_215333_049855.csv,True,False,False,1751925379.8232613,615805.17411232
257985,1751924764.018329,1751925209.2713242,batch_consumer-sts-0_20250707_215333_049855.csv,True,False,False,1751925379.8232613,615804.9323558807
257995,1751924764.0185764,1751925209.298684,batch_consumer-sts-0_20250707_215333_049855.csv,True,False,False,1751925379.8232613,615804.6848773956
258005,1751924764.0188158,1751925209.3259163,batch_consumer-sts-0_20250707_215333_049855.csv,True,False,False,1751925379.8232613,615804.4455051422
258015,1751924764.0190496,1751925209.352824,batch_consumer-sts-0_20250707_215333_049855.csv,True,False,False,1751925379.8232613,615804.2116165161
258025,1751924764.019288,1751925209.3798106,batch_consumer-sts-0_20250707_215333_049855.csv,True,False,False,1751925379.8232613,615803.973197937
258035,1751924764.0195348,1751925209.4059324,batch_consumer-sts-0_20250707_215333_049855.csv,True,False,False,1751925379.8232613,615803.7264347076
258045,1751924764.0197723,1751925209.4327312,batch_consumer-sts-0_20250707_215333_049855.csv,True,False,False,1751925379.8232613,615803.4889698029
258055,1751924764.020012,1751925209.4609098,batch_consumer-sts-0_20250707_215333_049855.csv,True,False,False,1751925379.8232613,615803.2493591309
258065,1751924764.020258,1751925209.4886732,batch_consumer-sts-0_20250707_215333_049855.csv,True,False,False,1751925379.8232613,615803.0033111572
258075,1751924764.020497,1751925209.515396,batch_consumer-sts-0_20250707_215333_049855.csv,True,False,False,1751925379.8232613,615802.7641773224
258085,1751924764.0207388,1751925209.5405557,batch_consumer-sts-0_20250707_215333_049855.csv,True,False,False,1751925379.8232613,615802.5224208832
258095,1751924764.0209854,1751925209.567742,batch_consumer-sts-0_20250707_215333_049855.csv,True,False,False,1751925379.8232613,615802.2758960724
258105,1751924764.02123,1751925209.5941415,batch_consumer-sts-0_20250707_215333_049855.csv,True,False,False,1751925379.8232613,615802.0312786102
258115,1751924764.0217624,1751925209.6204348,batch_consumer-sts-0_20250707_215333_049855.csv,True,False,False,1751925379.8232613,615801.4988899231
258125,1751924764.0219986,1751925209.6477225,batch_consumer-sts-0_20250707_215333_049855.csv,True,False,False,1751925379.8232613,615801.2626171112
258135,1751924764.022411,1751925209.674444,batch_consumer-sts-0_20250707_215333_049855.csv,True,False,False,1751925379.8232613,615800.8501529694
258145,1751924764.022915,1751925209.7009256,batch_consumer-sts-0_20250707_215333_049855.csv,True,False,False,1751925379.8232613,615800.3463745117
258155,1751924764.02315,1751925209.7274303,batch_consumer-sts-0_20250707_215333_049855.csv,True,False,False,1751925379.8232613,615800.1112937927
258165,1751924764.023385,1751925209.754871,batch_consumer-sts-0_20250707_215333_049855.csv,True,False,False,1751925379.8232613,615799.8762130737
258175,1751924764.0236175,1751925209.7818935,batch_consumer-sts-0_20250707_215333_049855.csv,True,False,False,1751925379.8232613,615799.6437549591
258185,1751924764.0238533,1751925209.808914,batch_consumer-sts-0_20250707_215333_049855.csv,True,False,False,1751925379.8232613,615799.4079589844
258195,1751924764.0240936,1751925209.8357394,batch_consumer-sts-0_20250707_215333_049855.csv,True,False,False,1751925379.8232613,615799.1676330566
258205,1751924764.0243268,1751925209.8638566,batch_consumer-sts-0_20250707_215333_049855.csv,True,False,False,1751925379.8232613,615798.9344596863
258215,1751924764.0245516,1751925209.891081,batch_consumer-sts-0_20250707_215333_049855.csv,True,False,False,1751925379.8232613,615798.7096309662
258225,1751924764.0247843,1751925209.9159985,batch_consumer-sts-0_20250707_215333_049855.csv,True,False,False,1751925379.8232613,615798.476934433
258235,1751924764.0250232,1751925209.9443169,batch_consumer-sts-0_20250707_215333_049855.csv,True,False,False,1751925379.8232613,615798.2380390167
258245,1751924764.0252533,1751925209.9715018,batch_consumer-sts-0_20250707_215333_049855.csv,True,False,False,1751925379.8232613,615798.0079650879
258255,1751924764.0254853,1751925209.9977329,batch_consumer-sts-0_20250707_215333_049855.csv,True,False,False,1751925379.8232613,615797.7759838104
258265,1751924764.0257215,1751925210.0242386,batch_consumer-sts-0_20250707_215333_049855.csv,True,False,False,1751925379.8232613,615797.5397109985
258275,1751924764.0259576,1751925210.0510454,batch_consumer-sts-0_20250707_215333_049855.csv,True,False,False,1751925379.8232613,615797.3036766052
258285,1751924764.0261953,1751925210.0777297,batch_consumer-sts-0_20250707_215333_049855.csv,True,False,False,1751925379.8232613,615797.0659732819
258295,1751924764.0264268,1751925210.1037822,batch_consumer-sts-0_20250707_215333_049855.csv,True,False,False,1751925379.8232613,615796.8344688416
258305,1751924764.0266612,1751925210.134221,batch_consumer-sts-0_20250707_215333_049855.csv,True,False,False,1751925379.8232613,615796.6001033783
258315,1751924764.0268953,1751925210.1610386,batch_consumer-sts-0_20250707_215333_049855.csv,True,False,False,1751925379.8232613,615796.3659763336
258325,1751924764.0271213,1751925210.188033,batch_consumer-sts-0_20250707_215333_049855.csv,True,False,False,1751925379.8232613,615796.1399555206
258335,1751924764.0273588,1751925210.2149613,batch_consumer-sts-0_20250707_215333_049855.csv,True,False,False,1751925379.8232613,615795.9024906158
258345,1751924764.0275967,1751925210.2446785,batch_consumer-sts-0_20250707_215333_049855.csv,True,False,False,1751925379.8232613,615795.6645488739
258355,1751924764.0278327,1751925210.271459,batch_consumer-sts-0_20250707_215333_049855.csv,True,False,False,1751925379.8232613,615795.4285144806
258365,1751924764.028067,1751925210.298155,batch_consumer-sts-0_20250707_215333_049855.csv,True,False,False,1751925379.8232613,615795.1941490173
258375,1751924764.0283043,1751925210.3244848,batch_consumer-sts-0_20250707_215333_049855.csv,True,False,False,1751925379.8232613,615794.9569225311
258385,1751924764.0285518,1751925210.3512187,batch_consumer-sts-0_20250707_215333_049855.csv,True,False,False,1751925379.8232613,615794.709444046
258395,1751924764.0287828,1751925210.3778968,batch_consumer-sts-0_20250707_215333_049855.csv,True,False,False,1751925379.8232613,615794.4784164429
258405,1751924764.0290215,1751925210.405052,batch_consumer-sts-0_20250707_215333_049855.csv,True,False,False,1751925379.8232613,615794.2397594452
258415,1751924764.0292647,1751925210.4330547,batch_consumer-sts-0_20250707_215333_049855.csv,True,False,False,1751925379.8232613,615793.9965724945
258425,1751924764.0295105,1751925210.4606268,batch_consumer-sts-0_20250707_215333_049855.csv,True,False,False,1751925379.8232613,615793.7507629395
258435,1751924764.0297449,1751925210.4873772,batch_consumer-sts-0_20250707_215333_049855.csv,True,False,False,1751925379.8232613,615793.5163974762
258445,1751924764.0299911,1751925210.513441,batch_consumer-sts-0_20250707_215333_049855.csv,True,False,False,1751925379.8232613,615793.270111084
258455,1751924764.0302365,1751925210.5403988,batch_consumer-sts-0_20250707_215333_049855.csv,True,False,False,1751925379.8232613,615793.0247783661
258465,1751924764.030481,1751925210.5675757,batch_consumer-sts-0_20250707_215333_049855.csv,True,False,False,1751925379.8232613,615792.7801609039
258475,1751924764.030717,1751925210.5953608,batch_consumer-sts-0_20250707_215333_049855.csv,True,False,False,1751925379.8232613,615792.5443649292
258485,1751924764.0309565,1751925210.621568,batch_consumer-sts-0_20250707_215333_049855.csv,True,False,False,1751925379.8232613,615792.3047542572
258495,1751924764.031196,1751925210.6487744,batch_consumer-sts-0_20250707_215333_049855.csv,True,False,False,1751925379.8232613,615792.0651435852
258505,1751924764.0314314,1751925210.6754372,batch_consumer-sts-0_20250707_215333_049855.csv,True,False,False,1751925379.8232613,615791.8298244476
258515,1751924764.031668,1751925210.7028756,batch_consumer-sts-0_20250707_215333_049855.csv,True,False,False,1751925379.8232613,615791.5933132172
258525,1751924764.0319035,1751925210.735464,batch_consumer-sts-0_20250707_215333_049855.csv,True,False,False,1751925379.8232613,615791.357755661
258535,1751924764.0321422,1751925210.7617333,batch_consumer-sts-0_20250707_215333_049855.csv,True,False,False,1751925379.8232613,615791.1190986633
258545,1751924764.0323431,1751925210.788394,batch_consumer-sts-0_20250707_215333_049855.csv,True,False,False,1751925379.8232613,615790.9181118011
258555,1751924764.0325463,1751925210.814478,batch_consumer-sts-0_20250707_215333_049855.csv,True,False,False,1751925379.8232613,615790.7149791718
258565,1751924764.0327442,1751925210.8702877,batch_consumer-sts-0_20250707_215333_049855.csv,True,False,False,1751925379.8232613,615790.5170917511
258575,1751924764.0329423,1751925210.8977203,batch_consumer-sts-0_20250707_215333_049855.csv,True,False,False,1751925379.8232613,615790.3189659119
258585,1751924764.0331366,1751925210.9240851,batch_consumer-sts-0_20250707_215333_049855.csv,True,False,False,1751925379.8232613,615790.1246547699
258595,1751924764.0333595,1751925210.95096,batch_consumer-sts-0_20250707_215333_049855.csv,True,False,False,1751925379.8232613,615789.9017333984
258605,1751924764.0335765,1751925211.9794016,batch_consumer-sts-0_20250707_215333_049855.csv,True,False,False,1751925379.8232613,615789.6847724915
258615,1751924764.0337913,1751925212.007132,batch_consumer-sts-0_20250707_215333_049855.csv,True,False,False,1751925379.8232613,615789.4699573517
258625,1751924764.0339935,1751925212.0334952,batch_consumer-sts-0_20250707_215333_049855.csv,True,False,False,1751925379.8232613,615789.2677783966
258635,1751924764.0342486,1751925212.060179,batch_consumer-sts-0_20250707_215333_049855.csv,True,False,False,1751925379.8232613,615789.012670517
258645,1751924764.0344834,1751925212.087072,batch_consumer-sts-0_20250707_215333_049855.csv,True,False,False,1751925379.8232613,615788.7778282166
258655,1751924764.034732,1751925212.1137938,batch_consumer-sts-0_20250707_215333_049855.csv,True,False,False,1751925379.8232613,615788.5291576385
258665,1751924764.0349944,1751925212.1411457,batch_consumer-sts-0_20250707_215333_049855.csv,True,False,False,1751925379.8232613,615788.2668972015
258675,1751924764.0352485,1751925212.168188,batch_consumer-sts-0_20250707_215333_049855.csv,True,False,False,1751925379.8232613,615788.0127429962
258685,1751924764.0355103,1751925212.1951833,batch_consumer-sts-0_20250707_215333_049855.csv,True,False,False,1751925379.8232613,615787.7509593964
258695,1751924764.0357618,1751925212.221895,batch_consumer-sts-0_20250707_215333_049855.csv,True,False,False,1751925379.8232613,615787.4994277954
258705,1751924764.0360153,1751925212.2484708,batch_consumer-sts-0_20250707_215333_049855.csv,True,False,False,1751925379.8232613,615787.2459888458
258715,1751924764.0364175,1751925212.2752914,batch_consumer-sts-0_20250707_215333_049855.csv,True,False,False,1751925379.8232613,615786.8437767029
258725,1751924764.036655,1751925212.302065,batch_consumer-sts-0_20250707_215333_049855.csv,True,False,False,1751925379.8232613,615786.6063117981
258735,1751924764.036916,1751925212.327766,batch_consumer-sts-0_20250707_215333_049855.csv,True,False,False,1751925379.8232613,615786.345243454
258745,1751924764.037146,1751925212.3548543,batch_consumer-sts-0_20250707_215333_049855.csv,True,False,False,1751925379.8232613,615786.1151695251
258755,1751924764.0373847,1751925212.3812926,batch_consumer-sts-0_20250707_215333_049855.csv,True,False,False,1751925379.8232613,615785.8765125275
258765,1751924764.037615,1751925212.4079082,batch_consumer-sts-0_20250707_215333_049855.csv,True,False,False,1751925379.8232613,615785.64620018
258775,1751924764.037849,1751925212.4342184,batch_consumer-sts-0_20250707_215333_049855.csv,True,False,False,1751925379.8232613,615785.412311554
258785,1751924764.0380912,1751925212.4614737,batch_consumer-sts-0_20250707_215333_049855.csv,True,False,False,1751925379.8232613,615785.1700782776
258795,1751924764.0383494,1751925212.487775,batch_consumer-sts-0_20250707_215333_049855.csv,True,False,False,1751925379.8232613,615784.9118709564
258805,1751924764.0386088,1751925212.5144722,batch_consumer-sts-0_20250707_215333_049855.csv,True,False,False,1751925379.8232613,615784.6524715424
258815,1751924764.0394878,1751925212.5411465,batch_consumer-sts-0_20250707_215333_049855.csv,True,False,False,1751925379.8232613,615783.7734222412
258825,1751924764.0397265,1751925212.5679555,batch_consumer-sts-0_20250707_215333_049855.csv,True,False,False,1751925379.8232613,615783.5347652435
258835,1751924764.0399652,1751925212.5948012,batch_consumer-sts-0_20250707_215333_049855.csv,True,False,False,1751925379.8232613,615783.2961082458
258845,1751924764.040198,1751925212.6217675,batch_consumer-sts-0_20250707_215333_049855.csv,True,False,False,1751925379.8232613,615783.0631732941
258855,1751924764.0404322,1751925212.6484544,batch_consumer-sts-0_20250707_215333_049855.csv,True,False,False,1751925379.8232613,615782.8290462494
258865,1751924764.040659,1751925212.6754048,batch_consumer-sts-0_20250707_215333_049855.csv,True,False,False,1751925379.8232613,615782.6023101807
258875,1751924764.0408978,1751925212.7023652,batch_consumer-sts-0_20250707_215333_049855.csv,True,False,False,1751925379.8232613,615782.3634147644
258885,1751924764.0411396,1751925212.7293756,batch_consumer-sts-0_20250707_215333_049855.csv,True,False,False,1751925379.8232613,615782.1216583252
258895,1751924764.041376,1751925212.7561994,batch_consumer-sts-0_20250707_215333_049855.csv,True,False,False,1751925379.8232613,615781.8851470947
258905,1751924764.042338,1751925212.7833123,batch_consumer-sts-0_20250707_215333_049855.csv,True,False,False,1751925379.8232613,615780.9233665466
258915,1751924764.042589,1751925212.8098862,batch_consumer-sts-0_20250707_215333_049855.csv,True,False,False,1751925379.8232613,615780.6723117828
258925,1751924764.0428128,1751925212.8361506,batch_consumer-sts-0_20250707_215333_049855.csv,True,False,False,1751925379.8232613,615780.4484367371
258935,1751924764.043045,1751925212.8627312,batch_consumer-sts-0_20250707_215333_049855.csv,True,False,False,1751925379.8232613,615780.216217041
258945,1751924764.0432794,1751925212.8892174,batch_consumer-sts-0_20250707_215333_049855.csv,True,False,False,1751925379.8232613,615779.9818515778
258955,1751924764.043507,1751925212.916042,batch_consumer-sts-0_20250707_215333_049855.csv,True,False,False,1751925379.8232613,615779.7541618347
258965,1751924764.043737,1751925212.9426398,batch_consumer-sts-0_20250707_215333_049855.csv,True,False,False,1751925379.8232613,615779.5243263245
258975,1751924764.0439696,1751925212.9692073,batch_consumer-sts-0_20250707_215333_049855.csv,True,False,False,1751925379.8232613,615779.2916297913
258985,1751924764.0442083,1751925212.9956913,batch_consumer-sts-0_20250707_215333_049855.csv,True,False,False,1751925379.8232613,615779.0529727936
258995,1751924764.0444422,1751925213.0225089,batch_consumer-sts-0_20250707_215333_049855.csv,True,False,False,1751925379.8232613,615778.8190841675
259005,1751924764.0446754,1751925213.2905354,batch_consumer-sts-0_20250707_215351_757151.csv,True,False,False,1751925379.8232613,615778.5859107971
259015,1751924764.0449028,1751925213.3180883,batch_consumer-sts-0_20250707_215351_757151.csv,True,False,False,1751925379.8232613,615778.3584594727
259025,1751924764.0451431,1751925213.345404,batch_consumer-sts-0_20250707_215351_757151.csv,True,False,False,1751925379.8232613,615778.1181335449
259035,1751924764.0453818,1751925213.3720186,batch_consumer-sts-0_20250707_215351_757151.csv,True,False,False,1751925379.8232613,615777.8794765472
259045,1751924764.0456278,1751925213.3972936,batch_consumer-sts-0_20250707_215351_757151.csv,True,False,False,1751925379.8232613,615777.6334285736
259055,1751924764.0458674,1751925213.4236648,batch_consumer-sts-0_20250707_215351_757151.csv,True,False,False,1751925379.8232613,615777.3938179016
259065,1751924764.0461075,1751925213.4502945,batch_consumer-sts-0_20250707_215351_757151.csv,True,False,False,1751925379.8232613,615777.1537303925
259075,1751924764.0463605,1751925213.477035,batch_consumer-sts-0_20250707_215351_757151.csv,True,False,False,1751925379.8232613,615776.90076828
259085,1751924764.046608,1751925213.5035243,batch_consumer-sts-0_20250707_215351_757151.csv,True,False,False,1751925379.8232613,615776.6532897949
259095,1751924764.0468416,1751925213.5302048,batch_consumer-sts-0_20250707_215351_757151.csv,True,False,False,1751925379.8232613,615776.4196395874
259105,1751924764.0470932,1751925213.5557623,batch_consumer-sts-0_20250707_215351_757151.csv,True,False,False,1751925379.8232613,615776.1681079865
259115,1751924764.047331,1751925213.5823991,batch_consumer-sts-0_20250707_215351_757151.csv,True,False,False,1751925379.8232613,615775.9301662445
259125,1751924764.0475686,1751925213.609223,batch_consumer-sts-0_20250707_215351_757151.csv,True,False,False,1751925379.8232613,615775.6927013397
259135,1751924764.0477946,1751925213.6352525,batch_consumer-sts-0_20250707_215351_757151.csv,True,False,False,1751925379.8232613,615775.4666805267
259145,1751924764.047989,1751925213.662033,batch_consumer-sts-0_20250707_215351_757151.csv,True,False,False,1751925379.8232613,615775.2723693848
259155,1751924764.0482078,1751925213.687659,batch_consumer-sts-0_20250707_215351_757151.csv,True,False,False,1751925379.8232613,615775.0535011292
259165,1751924764.0484374,1751925213.7146895,batch_consumer-sts-0_20250707_215351_757151.csv,True,False,False,1751925379.8232613,615774.8239040375
259175,1751924764.0486605,1751925213.74126,batch_consumer-sts-0_20250707_215351_757151.csv,True,False,False,1751925379.8232613,615774.6007442474
259185,1751924764.0488868,1751925213.7681255,batch_consumer-sts-0_20250707_215351_757151.csv,True,False,False,1751925379.8232613,615774.3744850159
259195,1751924764.0491168,1751925213.7950745,batch_consumer-sts-0_20250707_215351_757151.csv,True,False,False,1751925379.8232613,615774.144411087
259205,1751924764.049364,1751925213.821657,batch_consumer-sts-0_20250707_215351_757151.csv,True,False,False,1751925379.8232613,615773.8971710205
259215,1751924764.0496082,1751925213.8486834,batch_consumer-sts-0_20250707_215351_757151.csv,True,False,False,1751925379.8232613,615773.6530303955
259225,1751924764.0498483,1751925213.8752975,batch_consumer-sts-0_20250707_215351_757151.csv,True,False,False,1751925379.8232613,615773.4129428864
259235,1751924764.0500922,1751925213.902301,batch_consumer-sts-0_20250707_215351_757151.csv,True,False,False,1751925379.8232613,615773.1690406799
259245,1751924764.0503454,1751925214.170346,batch_consumer-sts-0_20250707_215351_757151.csv,True,False,False,1751925379.8232613,615772.9158401489
259255,1751924764.050584,1751925214.196801,batch_consumer-sts-0_20250707_215351_757151.csv,True,False,False,1751925379.8232613,615772.6771831512
259265,1751924764.0508218,1751925214.223386,batch_consumer-sts-0_20250707_215351_757151.csv,True,False,False,1751925379.8232613,615772.4394798279
259275,1751924764.0510569,1751925214.2499752,batch_consumer-sts-0_20250707_215351_757151.csv,True,False,False,1751925379.8232613,615772.2043991089
259285,1751924764.0512958,1751925214.2761858,batch_consumer-sts-0_20250707_215351_757151.csv,True,False,False,1751925379.8232613,615771.9655036926
259295,1751924764.0515342,1751925214.302764,batch_consumer-sts-0_20250707_215351_757151.csv,True,False,False,1751925379.8232613,615771.7270851135
259305,1751924764.0517702,1751925214.3290668,batch_consumer-sts-0_20250707_215351_757151.csv,True,False,False,1751925379.8232613,615771.4910507202
259315,1751924764.052008,1751925214.35597,batch_consumer-sts-0_20250707_215351_757151.csv,True,False,False,1751925379.8232613,615771.2533473969
259325,1751924764.052246,1751925214.3814464,batch_consumer-sts-0_20250707_215351_757151.csv,True,False,False,1751925379.8232613,615771.0151672363
259335,1751924764.0524857,1751925214.4080453,batch_consumer-sts-0_20250707_215351_757151.csv,True,False,False,1751925379.8232613,615770.7755565643
259345,1751924764.0527222,1751925214.4347992,batch_consumer-sts-0_20250707_215351_757151.csv,True,False,False,1751925379.8232613,615770.5390453339
259355,1751924764.0529602,1751925214.460889,batch_consumer-sts-0_20250707_215351_757151.csv,True,False,False,1751925379.8232613,615770.3011035919
259365,1751924764.0532012,1751925214.4867983,batch_consumer-sts-0_20250707_215351_757151.csv,True,False,False,1751925379.8232613,615770.0600624084
259375,1751924764.0534434,1751925214.5131774,batch_consumer-sts-0_20250707_215351_757151.csv,True,False,False,1751925379.8232613,615769.8178291321
259385,1751924764.053674,1751925214.5401905,batch_consumer-sts-0_20250707_215351_757151.csv,True,False,False,1751925379.8232613,615769.5872783661
259395,1751924764.053916,1751925214.5668948,batch_consumer-sts-0_20250707_215351_757151.csv,True,False,False,1751925379.8232613,615769.3452835083
259405,1751924764.05415,1751925214.5925908,batch_consumer-sts-0_20250707_215351_757151.csv,True,False,False,1751925379.8232613,615769.1111564636
259415,1751924764.054407,1751925214.619562,batch_consumer-sts-0_20250707_215351_757151.csv,True,False,False,1751925379.8232613,615768.8543796539
259425,1751924764.0546496,1751925214.6457095,batch_consumer-sts-0_20250707_215351_757151.csv,True,False,False,1751925379.8232613,615768.6116695404
259435,1751924764.0548866,1751925214.672165,batch_consumer-sts-0_20250707_215351_757151.csv,True,False,False,1751925379.8232613,615768.3746814728
259445,1751924764.0551229,1751925214.6984286,batch_consumer-sts-0_20250707_215351_757151.csv,True,False,False,1751925379.8232613,615768.1384086609
259455,1751924764.055358,1751925214.724771,batch_consumer-sts-0_20250707_215351_757151.csv,True,False,False,1751925379.8232613,615767.9033279419
259465,1751924764.0555975,1751925214.75128,batch_consumer-sts-0_20250707_215351_757151.csv,True,False,False,1751925379.8232613,615767.6637172699
259475,1751924764.05583,1751925214.7778776,batch_consumer-sts-0_20250707_215351_757151.csv,True,False,False,1751925379.8232613,615767.4312591553
259485,1751924764.0560658,1751925214.8044035,batch_consumer-sts-0_20250707_215351_757151.csv,True,False,False,1751925379.8232613,615767.1954631805
259495,1751924764.0563045,1751925214.8309891,batch_consumer-sts-0_20250707_215351_757151.csv,True,False,False,1751925379.8232613,615766.9568061829
259505,1751924764.056538,1751925214.8575635,batch_consumer-sts-0_20250707_215351_757151.csv,True,False,False,1751925379.8232613,615766.7231559753
259515,1751924764.0567696,1751925214.8843467,batch_consumer-sts-0_20250707_215351_757151.csv,True,False,False,1751925379.8232613,615766.491651535
259525,1751924764.0570042,1751925214.9110491,batch_consumer-sts-0_20250707_215351_757151.csv,True,False,False,1751925379.8232613,615766.2570476532
259535,1751924764.0572412,1751925214.9373186,batch_consumer-sts-0_20250707_215351_757151.csv,True,False,False,1751925379.8232613,615766.0200595856
259545,1751924764.0574882,1751925214.963984,batch_consumer-sts-0_20250707_215351_757151.csv,True,False,False,1751925379.8232613,615765.7730579376
259555,1751924764.0577283,1751925214.9906156,batch_consumer-sts-0_20250707_215351_757151.csv,True,False,False,1751925379.8232613,615765.5329704285
259565,1751924764.057967,1751925215.0169878,batch_consumer-sts-0_20250707_215351_757151.csv,True,False,False,1751925379.8232613,615765.2943134308
259575,1751924764.0582266,1751925215.0441928,batch_consumer-sts-0_20250707_215351_757151.csv,True,False,False,1751925379.8232613,615765.0346755981
259585,1751924764.058466,1751925215.0712671,batch_consumer-sts-0_20250707_215351_757151.csv,True,False,False,1751925379.8232613,615764.7953033447
259595,1751924764.0587084,1751925215.098009,batch_consumer-sts-0_20250707_215351_757151.csv,True,False,False,1751925379.8232613,615764.5528316498
259605,1751924764.0590403,1751925215.1247025,batch_consumer-sts-0_20250707_215351_757151.csv,True,False,False,1751925379.8232613,615764.2209529877
259615,1751924764.0592823,1751925215.150998,batch_consumer-sts-0_20250707_215351_757151.csv,True,False,False,1751925379.8232613,615763.9789581299
259625,1751924764.0595143,1751925215.1776226,batch_consumer-sts-0_20250707_215351_757151.csv,True,False,False,1751925379.8232613,615763.7469768524
259635,1751924764.0597498,1751925215.204184,batch_consumer-sts-0_20250707_215351_757151.csv,True,False,False,1751925379.8232613,615763.5114192963
259645,1751924764.0600016,1751925215.230734,batch_consumer-sts-0_20250707_215351_757151.csv,True,False,False,1751925379.8232613,615763.2596492767
259655,1751924764.060264,1751925215.2570808,batch_consumer-sts-0_20250707_215351_757151.csv,True,False,False,1751925379.8232613,615762.9971504211
259665,1751924764.0605218,1751925215.2835135,batch_consumer-sts-0_20250707_215351_757151.csv,True,False,False,1751925379.8232613,615762.7394199371
259675,1751924764.060774,1751925215.3099306,batch_consumer-sts-0_20250707_215351_757151.csv,True,False,False,1751925379.8232613,615762.4871730804
259685,1751924764.0610332,1751925215.3362484,batch_consumer-sts-0_20250707_215351_757151.csv,True,False,False,1751925379.8232613,615762.228012085
259695,1751924764.061292,1751925215.3628967,batch_consumer-sts-0_20250707_215351_757151.csv,True,False,False,1751925379.8232613,615761.9693279266
259705,1751924764.0615516,1751925215.388413,batch_consumer-sts-0_20250707_215351_757151.csv,True,False,False,1751925379.8232613,615761.709690094
259715,1751924764.0618055,1751925215.4147222,batch_consumer-sts-0_20250707_215351_757151.csv,True,False,False,1751925379.8232613,615761.4557743073
259725,1751924764.0620427,1751925215.4415345,batch_consumer-sts-0_20250707_215351_757151.csv,True,False,False,1751925379.8232613,615761.218547821
259735,1751924764.062294,1751925215.4672177,batch_consumer-sts-0_20250707_215351_757151.csv,True,False,False,1751925379.8232613,615760.9672546387
259745,1751924764.0625355,1751925215.4936132,batch_consumer-sts-0_20250707_215351_757151.csv,True,False,False,1751925379.8232613,615760.725736618
259755,1751924764.062769,1751925215.5200715,batch_consumer-sts-0_20250707_215351_757151.csv,True,False,False,1751925379.8232613,615760.4923248291
259765,1751924764.0630016,1751925215.5469563,batch_consumer-sts-0_20250707_215351_757151.csv,True,False,False,1751925379.8232613,615760.2596282959
259775,1751924764.063238,1751925215.5732436,batch_consumer-sts-0_20250707_215351_757151.csv,True,False,False,1751925379.8232613,615760.023355484
259785,1751924764.0634658,1751925215.6002803,batch_consumer-sts-0_20250707_215351_757151.csv,True,False,False,1751925379.8232613,615759.7954273224
259795,1751924764.063656,1751925215.6271868,batch_consumer-sts-0_20250707_215351_757151.csv,True,False,False,1751925379.8232613,615759.6051692963
259805,1751924764.0638492,1751925215.6538944,batch_consumer-sts-0_20250707_215351_757151.csv,True,False,False,1751925379.8232613,615759.4120502472
259815,1751924764.064044,1751925215.6807022,batch_consumer-sts-0_20250707_215351_757151.csv,True,False,False,1751925379.8232613,615759.2172622681
259825,1751924764.064239,1751925215.707454,batch_consumer-sts-0_20250707_215351_757151.csv,True,False,False,1751925379.8232613,615759.0222358704
259835,1751924764.0644443,1751925215.73428,batch_consumer-sts-0_20250707_215351_757151.csv,True,False,False,1751925379.8232613,615758.8169574738
259845,1751924764.064674,1751925215.7605865,batch_consumer-sts-0_20250707_215351_757151.csv,True,False,False,1751925379.8232613,615758.5873603821
259855,1751924764.0649168,1751925215.7879589,batch_consumer-sts-0_20250707_215351_757151.csv,True,False,False,1751925379.8232613,615758.34441185
259865,1751924764.0651598,1751925215.8144815,batch_consumer-sts-0_20250707_215351_757151.csv,True,False,False,1751925379.8232613,615758.1014633179
259875,1751924764.0654037,1751925215.841134,batch_consumer-sts-0_20250707_215351_757151.csv,True,False,False,1751925379.8232613,615757.8575611115
259885,1751924764.0656378,1751925215.8677406,batch_consumer-sts-0_20250707_215351_757151.csv,True,False,False,1751925379.8232613,615757.6234340668
259895,1751924764.066188,1751925215.8947575,batch_consumer-sts-0_20250707_215351_757151.csv,True,False,False,1751925379.8232613,615757.0731639862
259905,1751924764.0667956,1751925215.9216535,batch_consumer-sts-0_20250707_215351_757151.csv,True,False,False,1751925379.8232613,615756.4656734467
259915,1751924764.067035,1751925215.9485047,batch_consumer-sts-0_20250707_215351_757151.csv,True,False,False,1751925379.8232613,615756.2263011932
259925,1751924764.067275,1751925216.131929,batch_consumer-sts-0_20250707_215351_757151.csv,True,False,False,1751925379.8232613,615755.9862136841
259935,1751924764.0675092,1751925216.1586049,batch_consumer-sts-0_20250707_215351_757151.csv,True,False,False,1751925379.8232613,615755.7520866394
259945,1751924764.0677376,1751925216.185177,batch_consumer-sts-0_20250707_215351_757151.csv,True,False,False,1751925379.8232613,615755.5236816406
259955,1751924764.0679672,1751925216.2115407,batch_consumer-sts-0_20250707_215351_757151.csv,True,False,False,1751925379.8232613,615755.294084549
259965,1751924764.0682018,1751925216.238001,batch_consumer-sts-0_20250707_215351_757151.csv,True,False,False,1751925379.8232613,615755.0594806671
259975,1751924764.0684388,1751925216.264377,batch_consumer-sts-0_20250707_215351_757151.csv,True,False,False,1751925379.8232613,615754.8224925995
259985,1751924764.0686777,1751925216.2904031,batch_consumer-sts-0_20250707_215351_757151.csv,True,False,False,1751925379.8232613,615754.5835971832
259995,1751924764.068915,1751925216.3172708,batch_consumer-sts-0_20250707_215351_757151.csv,True,False,False,1751925379.8232613,615754.346370697
260005,1751924764.069147,1751925217.3463182,batch_consumer-sts-0_20250707_215351_757151.csv,True,False,False,1751925379.8232613,615754.114151001
260015,1751924764.0693824,1751925217.3728566,batch_consumer-sts-0_20250707_215351_757151.csv,True,False,False,1751925379.8232613,615753.8788318634
260025,1751924764.069617,1751925217.3998203,batch_consumer-sts-0_20250707_215351_757151.csv,True,False,False,1751925379.8232613,615753.6442279816
260035,1751924764.070045,1751925217.4256985,batch_consumer-sts-0_20250707_215351_757151.csv,True,False,False,1751925379.8232613,615753.2162666321
260045,1751924764.0703003,1751925217.4523811,batch_consumer-sts-0_20250707_215351_757151.csv,True,False,False,1751925379.8232613,615752.9609203339
260055,1751924764.070707,1751925217.4793482,batch_consumer-sts-0_20250707_215351_757151.csv,True,False,False,1751925379.8232613,615752.5541782379
260065,1751924764.0711389,1751925217.5064473,batch_consumer-sts-0_20250707_215351_757151.csv,True,False,False,1751925379.8232613,615752.1224021912
260075,1751924764.071863,1751925217.5330353,batch_consumer-sts-0_20250707_215351_757151.csv,True,False,False,1751925379.8232613,615751.3983249664
260085,1751924764.0720973,1751925217.5605142,batch_consumer-sts-0_20250707_215351_757151.csv,True,False,False,1751925379.8232613,615751.1639595032
260095,1751924764.072335,1751925217.587499,batch_consumer-sts-0_20250707_215351_757151.csv,True,False,False,1751925379.8232613,615750.9262561798
260105,1751924764.0725665,1751925217.614243,batch_consumer-sts-0_20250707_215351_757151.csv,True,False,False,1751925379.8232613,615750.6947517395
260115,1751924764.0728116,1751925217.6474276,batch_consumer-sts-0_20250707_215351_757151.csv,True,False,False,1751925379.8232613,615750.4496574402
260125,1751924764.073305,1751925217.6746166,batch_consumer-sts-0_20250707_215351_757151.csv,True,False,False,1751925379.8232613,615749.9563694
260135,1751924764.0735395,1751925217.701598,batch_consumer-sts-0_20250707_215351_757151.csv,True,False,False,1751925379.8232613,615749.7217655182
260145,1751924764.0737708,1751925217.728543,batch_consumer-sts-0_20250707_215351_757151.csv,True,False,False,1751925379.8232613,615749.4904994965
260155,1751924764.074017,1751925217.7556086,batch_consumer-sts-0_20250707_215351_757151.csv,True,False,False,1751925379.8232613,615749.2442131042
260165,1751924764.0742648,1751925217.7825477,batch_consumer-sts-0_20250707_215351_757151.csv,True,False,False,1751925379.8232613,615748.9964962006
260175,1751924764.0745025,1751925217.8098888,batch_consumer-sts-0_20250707_215351_757151.csv,True,False,False,1751925379.8232613,615748.7587928772
260185,1751924764.074896,1751925217.8370936,batch_consumer-sts-0_20250707_215351_757151.csv,True,False,False,1751925379.8232613,615748.3651638031
260195,1751924764.075121,1751925217.864625,batch_consumer-sts-0_20250707_215351_757151.csv,True,False,False,1751925379.8232613,615748.140335083
260205,1751924764.0753477,1751925217.891758,batch_consumer-sts-0_20250707_215351_757151.csv,True,False,False,1751925379.8232613,615747.9135990143
260215,1751924764.0755785,1751925217.918982,batch_consumer-sts-0_20250707_215351_757151.csv,True,False,False,1751925379.8232613,615747.6828098297
260225,1751924764.0758078,1751925217.9463294,batch_consumer-sts-0_20250707_215351_757151.csv,True,False,False,1751925379.8232613,615747.4534511566
260235,1751924764.0760417,1751925217.9735577,batch_consumer-sts-0_20250707_215351_757151.csv,True,False,False,1751925379.8232613,615747.2195625305
260245,1751924764.076271,1751925218.0012505,batch_consumer-sts-0_20250707_215351_757151.csv,True,False,False,1751925379.8232613,615746.9902038574
260255,1751924764.076505,1751925218.027279,batch_consumer-sts-0_20250707_215351_757151.csv,True,False,False,1751925379.8232613,615746.7563152313
260265,1751924764.076729,1751925218.0531712,batch_consumer-sts-0_20250707_215351_757151.csv,True,False,False,1751925379.8232613,615746.532201767
260275,1751924764.0769534,1751925218.0802798,batch_consumer-sts-0_20250707_215351_757151.csv,True,False,False,1751925379.8232613,615746.307849884
260285,1751924764.0771766,1751925218.1072705,batch_consumer-sts-0_20250707_215351_757151.csv,True,False,False,1751925379.8232613,615746.084690094
260295,1751924764.0774033,1751925218.1342287,batch_consumer-sts-0_20250707_215351_757151.csv,True,False,False,1751925379.8232613,615745.8579540253
260305,1751924764.0776367,1751925218.160782,batch_consumer-sts-0_20250707_215351_757151.csv,True,False,False,1751925379.8232613,615745.6245422363
260315,1751924764.0778856,1751925218.1879404,batch_consumer-sts-0_20250707_215351_757151.csv,True,False,False,1751925379.8232613,615745.3756332397
260325,1751924764.0781257,1751925218.214277,batch_consumer-sts-0_20250707_215351_757151.csv,True,False,False,1751925379.8232613,615745.1355457306
260335,1751924764.0783772,1751925218.2407875,batch_consumer-sts-0_20250707_215351_757151.csv,True,False,False,1751925379.8232613,615744.8840141296
260345,1751924764.078617,1751925218.2677877,batch_consumer-sts-0_20250707_215351_757151.csv,True,False,False,1751925379.8232613,615744.6441650391
260355,1751924764.0788648,1751925218.2939832,batch_consumer-sts-0_20250707_215351_757151.csv,True,False,False,1751925379.8232613,615744.3964481354
260365,1751924764.0791266,1751925218.3201213,batch_consumer-sts-0_20250707_215351_757151.csv,True,False,False,1751925379.8232613,615744.1346645355
260375,1751924764.0793922,1751925218.346889,batch_consumer-sts-0_20250707_215351_757151.csv,True,False,False,1751925379.8232613,615743.8690662384
260385,1751924764.079599,1751925218.373251,batch_consumer-sts-0_20250707_215351_757151.csv,True,False,False,1751925379.8232613,615743.6623573303
260395,1751924764.0798354,1751925218.3999736,batch_consumer-sts-0_20250707_215351_757151.csv,True,False,False,1751925379.8232613,615743.4258460999
260405,1751924764.0800831,1751925218.4263754,batch_consumer-sts-0_20250707_215351_757151.csv,True,False,False,1751925379.8232613,615743.1781291962
260415,1751924764.0803266,1751925218.4530857,batch_consumer-sts-0_20250707_215351_757151.csv,True,False,False,1751925379.8232613,615742.9347038269
260425,1751924764.0805662,1751925218.4795892,batch_consumer-sts-0_20250707_215351_757151.csv,True,False,False,1751925379.8232613,615742.6950931549
260435,1751924764.0808043,1751925218.506498,batch_consumer-sts-0_20250707_215351_757151.csv,True,False,False,1751925379.8232613,615742.4569129944
260445,1751924764.0810435,1751925218.5330973,batch_consumer-sts-0_20250707_215351_757151.csv,True,False,False,1751925379.8232613,615742.2177791595
260455,1751924764.0812814,1751925218.5593266,batch_consumer-sts-0_20250707_215351_757151.csv,True,False,False,1751925379.8232613,615741.9798374176
260465,1751924764.081515,1751925218.5861192,batch_consumer-sts-0_20250707_215351_757151.csv,True,False,False,1751925379.8232613,615741.7461872101
260475,1751924764.0817454,1751925218.612698,batch_consumer-sts-0_20250707_215351_757151.csv,True,False,False,1751925379.8232613,615741.5158748627
260485,1751924764.081991,1751925218.6394722,batch_consumer-sts-0_20250707_215351_757151.csv,True,False,False,1751925379.8232613,615741.2703037262
260495,1751924764.0822463,1751925218.6654196,batch_consumer-sts-0_20250707_215351_757151.csv,True,False,False,1751925379.8232613,615741.014957428
260505,1751924764.0824838,1751925218.6919827,batch_consumer-sts-0_20250707_215351_757151.csv,True,False,False,1751925379.8232613,615740.7774925232
260515,1751924764.0827153,1751925218.7184217,batch_consumer-sts-0_20250707_215351_757151.csv,True,False,False,1751925379.8232613,615740.5459880829
260525,1751924764.0829556,1751925218.7443178,batch_consumer-sts-0_20250707_215351_757151.csv,True,False,False,1751925379.8232613,615740.3056621552
260535,1751924764.083188,1751925218.770846,batch_consumer-sts-0_20250707_215351_757151.csv,True,False,False,1751925379.8232613,615740.0732040405
260545,1751924764.0834205,1751925218.7975757,batch_consumer-sts-0_20250707_215351_757151.csv,True,False,False,1751925379.8232613,615739.8407459259
260555,1751924764.0836518,1751925218.82413,batch_consumer-sts-0_20250707_215351_757151.csv,True,False,False,1751925379.8232613,615739.6094799042
260565,1751924764.083887,1751925218.8509634,batch_consumer-sts-0_20250707_215351_757151.csv,True,False,False,1751925379.8232613,615739.3741607666
260575,1751924764.0841138,1751925218.8774073,batch_consumer-sts-0_20250707_215351_757151.csv,True,False,False,1751925379.8232613,615739.1474246979
260585,1751924764.0843463,1751925218.9038792,batch_consumer-sts-0_20250707_215351_757151.csv,True,False,False,1751925379.8232613,615738.9149665833
260595,1751924764.0845778,1751925218.9302244,batch_consumer-sts-0_20250707_215351_757151.csv,True,False,False,1751925379.8232613,615738.683462143
260605,1751924764.0848155,1751925218.9565015,batch_consumer-sts-0_20250707_215351_757151.csv,True,False,False,1751925379.8232613,615738.4457588196
260615,1751924764.085037,1751925218.9827545,batch_consumer-sts-0_20250707_215351_757151.csv,True,False,False,1751925379.8232613,615738.2242679596
260625,1751924764.0852652,1751925219.0092635,batch_consumer-sts-0_20250707_215351_757151.csv,True,False,False,1751925379.8232613,615737.9961013794
260635,1751924764.0854928,1751925219.3997517,batch_consumer-sts-0_20250707_215351_757151.csv,True,False,False,1751925379.8232613,615737.7684116364
260645,1751924764.085729,1751925219.4253328,batch_consumer-sts-0_20250707_215351_757151.csv,True,False,False,1751925379.8232613,615737.532377243
260655,1751924764.0868902,1751925219.4516578,batch_consumer-sts-0_20250707_215351_757151.csv,True,False,False,1751925379.8232613,615736.3710403442
260665,1751924764.0873432,1751925219.4774313,batch_consumer-sts-0_20250707_215351_757151.csv,True,False,False,1751925379.8232613,615735.918045044
260675,1751924764.087574,1751925219.5036094,batch_consumer-sts-0_20250707_215351_757151.csv,True,False,False,1751925379.8232613,615735.6872558594
260685,1751924764.0878098,1751925219.5299208,batch_consumer-sts-0_20250707_215351_757151.csv,True,False,False,1751925379.8232613,615735.4514598846
260695,1751924764.0880404,1751925219.5556412,batch_consumer-sts-0_20250707_215351_757151.csv,True,False,False,1751925379.8232613,615735.2209091187
260705,1751924764.0882754,1751925219.581864,batch_consumer-sts-0_20250707_215351_757151.csv,True,False,False,1751925379.8232613,615734.9858283997
260715,1751924764.0885098,1751925219.6081626,batch_consumer-sts-0_20250707_215351_757151.csv,True,False,False,1751925379.8232613,615734.7514629364
260725,1751924764.0887458,1751925219.6341617,batch_consumer-sts-0_20250707_215351_757151.csv,True,False,False,1751925379.8232613,615734.5154285431
260735,1751924764.088975,1751925219.660474,batch_consumer-sts-0_20250707_215351_757151.csv,True,False,False,1751925379.8232613,615734.2863082886
260745,1751924764.0892043,1751925219.686281,batch_consumer-sts-0_20250707_215351_757151.csv,True,False,False,1751925379.8232613,615734.0569496155
260755,1751924764.0894425,1751925219.7125788,batch_consumer-sts-0_20250707_215351_757151.csv,True,False,False,1751925379.8232613,615733.818769455
260765,1751924764.0896747,1751925219.7387562,batch_consumer-sts-0_20250707_215351_757151.csv,True,False,False,1751925379.8232613,615733.5865497589
260775,1751924764.089914,1751925219.7651808,batch_consumer-sts-0_20250707_215351_757151.csv,True,False,False,1751925379.8232613,615733.3471775055
260785,1751924764.0901697,1751925219.7903285,batch_consumer-sts-0_20250707_215351_757151.csv,True,False,False,1751925379.8232613,615733.0915927887
260795,1751924764.090412,1751925219.8161411,batch_consumer-sts-0_20250707_215351_757151.csv,True,False,False,1751925379.8232613,615732.8493595123
260805,1751924764.0906484,1751925219.84239,batch_consumer-sts-0_20250707_215351_757151.csv,True,False,False,1751925379.8232613,615732.6128482819
260815,1751924764.0908794,1751925219.868774,batch_consumer-sts-0_20250707_215351_757151.csv,True,False,False,1751925379.8232613,615732.3818206787
260825,1751924764.0911162,1751925219.8952096,batch_consumer-sts-0_20250707_215351_757151.csv,True,False,False,1751925379.8232613,615732.1450710297
260835,1751924764.0913577,1751925219.9212675,batch_consumer-sts-0_20250707_215351_757151.csv,True,False,False,1751925379.8232613,615731.903553009
260845,1751924764.0915904,1751925219.947868,batch_consumer-sts-0_20250707_215351_757151.csv,True,False,False,1751925379.8232613,615731.6708564758
260855,1751924764.0918243,1751925219.9741218,batch_consumer-sts-0_20250707_215351_757151.csv,True,False,False,1751925379.8232613,615731.4369678497
260865,1751924764.092064,1751925220.00042,batch_consumer-sts-0_20250707_215351_757151.csv,True,False,False,1751925379.8232613,615731.1973571777
260875,1751924764.0923145,1751925220.026597,batch_consumer-sts-0_20250707_215351_757151.csv,True,False,False,1751925379.8232613,615730.9467792511
260885,1751924764.0925584,1751925220.052879,batch_consumer-sts-0_20250707_215351_757151.csv,True,False,False,1751925379.8232613,615730.7028770447
260895,1751924764.0927966,1751925220.079493,batch_consumer-sts-0_20250707_215351_757151.csv,True,False,False,1751925379.8232613,615730.4646968842
287585,1751924764.9370902,1751925220.1067233,batch_consumer-sts-0_20250707_215351_757151.csv,True,False,False,1751925379.8232613,614886.1711025238
287595,1751924764.937328,1751925220.1337,batch_consumer-sts-0_20250707_215351_757151.csv,True,False,False,1751925379.8232613,614885.9331607819
287605,1751924764.9375565,1751925220.1604576,batch_consumer-sts-0_20250707_215351_757151.csv,True,False,False,1751925379.8232613,614885.7047557831
287615,1751924764.9377887,1751925220.1873722,batch_consumer-sts-0_20250707_215351_757151.csv,True,False,False,1751925379.8232613,614885.472536087
287625,1751924764.9380243,1751925220.213682,batch_consumer-sts-0_20250707_215351_757151.csv,True,False,False,1751925379.8232613,614885.2369785309
287635,1751924764.9382637,1751925220.2401226,batch_consumer-sts-0_20250707_215351_757151.csv,True,False,False,1751925379.8232613,614884.9976062775
287645,1751924764.9385018,1751925220.2665868,batch_consumer-sts-0_20250707_215351_757151.csv,True,False,False,1751925379.8232613,614884.759426117
287655,1751924764.9387314,1751925220.292725,batch_consumer-sts-0_20250707_215351_757151.csv,True,False,False,1751925379.8232613,614884.5298290253
287665,1751924764.9389672,1751925220.3193617,batch_consumer-sts-0_20250707_215351_757151.csv,True,False,False,1751925379.8232613,614884.2940330505
287675,1751924764.9391985,1751925220.3453226,batch_consumer-sts-0_20250707_215351_757151.csv,True,False,False,1751925379.8232613,614884.0627670288
287685,1751924764.9394424,1751925220.371502,batch_consumer-sts-0_20250707_215351_757151.csv,True,False,False,1751925379.8232613,614883.8188648224
287695,1751924764.9396782,1751925220.3972073,batch_consumer-sts-0_20250707_215351_757151.csv,True,False,False,1751925379.8232613,614883.5830688477
287705,1751924764.9399188,1751925220.4233885,batch_consumer-sts-0_20250707_215351_757151.csv,True,False,False,1751925379.8232613,614883.3425045013
287715,1751924764.940157,1751925220.449431,batch_consumer-sts-0_20250707_215351_757151.csv,True,False,False,1751925379.8232613,614883.1043243408
287725,1751924764.9403985,1751925220.4754725,batch_consumer-sts-0_20250707_215351_757151.csv,True,False,False,1751925379.8232613,614882.8628063202
287735,1751924764.940636,1751925220.5011928,batch_consumer-sts-0_20250707_215351_757151.csv,True,False,False,1751925379.8232613,614882.6253414154
287745,1751924764.9408703,1751925220.52727,batch_consumer-sts-0_20250707_215351_757151.csv,True,False,False,1751925379.8232613,614882.3909759521
287755,1751924764.941108,1751925220.55309,batch_consumer-sts-0_20250707_215351_757151.csv,True,False,False,1751925379.8232613,614882.1532726288
287765,1751924764.941349,1751925220.579204,batch_consumer-sts-0_20250707_215351_757151.csv,True,False,False,1751925379.8232613,614881.9122314453
287775,1751924764.9424837,1751925220.6043615,batch_consumer-sts-0_20250707_215351_757151.csv,True,False,False,1751925379.8232613,614880.7775974274
287785,1751924764.9427257,1751925220.630305,batch_consumer-sts-0_20250707_215351_757151.csv,True,False,False,1751925379.8232613,614880.5356025696
287795,1751924764.9429524,1751925220.6560178,batch_consumer-sts-0_20250707_215351_757151.csv,True,False,False,1751925379.8232613,614880.3088665009
287805,1751924764.943181,1751925220.6822653,batch_consumer-sts-0_20250707_215351_757151.csv,True,False,False,1751925379.8232613,614880.0802230835
287815,1751924764.943412,1751925220.708632,batch_consumer-sts-0_20250707_215351_757151.csv,True,False,False,1751925379.8232613,614879.8491954803
287825,1751924764.9436424,1751925220.7352655,batch_consumer-sts-0_20250707_215351_757151.csv,True,False,False,1751925379.8232613,614879.6188831329
287835,1751924764.943882,1751925220.7617855,batch_consumer-sts-0_20250707_215351_757151.csv,True,False,False,1751925379.8232613,614879.3792724609
287845,1751924764.9441106,1751925220.7884,batch_consumer-sts-0_20250707_215351_757151.csv,True,False,False,1751925379.8232613,614879.1506290436
287855,1751924764.9443383,1751925220.814927,batch_consumer-sts-0_20250707_215351_757151.csv,True,False,False,1751925379.8232613,614878.9229393005
287865,1751924764.944575,1751925220.840671,batch_consumer-sts-0_20250707_215351_757151.csv,True,False,False,1751925379.8232613,614878.6861896515
287875,1751924764.9448087,1751925220.866912,batch_consumer-sts-0_20250707_215351_757151.csv,True,False,False,1751925379.8232613,614878.452539444
287885,1751924764.9450383,1751925220.8936963,batch_consumer-sts-0_20250707_215351_757151.csv,True,False,False,1751925379.8232613,614878.2229423523
287895,1751924764.9452682,1751925220.919355,batch_consumer-sts-0_20250707_215351_757151.csv,True,False,False,1751925379.8232613,614877.993106842
287905,1751924764.945501,1751925220.945316,batch_consumer-sts-0_20250707_215351_757151.csv,True,False,False,1751925379.8232613,614877.7601718903
287915,1751924764.9457405,1751925220.9709296,batch_consumer-sts-0_20250707_215351_757151.csv,True,False,False,1751925379.8232613,614877.5207996368
287925,1751924764.945972,1751925220.9970171,batch_consumer-sts-0_20250707_215351_757151.csv,True,False,False,1751925379.8232613,614877.2892951965
287935,1751924764.9462066,1751925221.0229883,batch_consumer-sts-0_20250707_215351_757151.csv,True,False,False,1751925379.8232613,614877.0546913147
287945,1751924764.9464405,1751925221.048688,batch_consumer-sts-0_20250707_215351_757151.csv,True,False,False,1751925379.8232613,614876.8208026886
287955,1751924764.946677,1751925221.2393162,batch_consumer-sts-0_20250707_215351_757151.csv,True,False,False,1751925379.8232613,614876.5842914581
287965,1751924764.9469142,1751925221.2652335,batch_consumer-sts-0_20250707_215351_757151.csv,True,False,False,1751925379.8232613,614876.3470649719
287975,1751924764.9471476,1751925221.2910275,batch_consumer-sts-0_20250707_215351_757151.csv,True,False,False,1751925379.8232613,614876.113653183
287985,1751924764.9473956,1751925221.317007,batch_consumer-sts-0_20250707_215351_757151.csv,True,False,False,1751925379.8232613,614875.8656978607
287995,1751924764.94759,1751925221.3430874,batch_consumer-sts-0_20250707_215351_757151.csv,True,False,False,1751925379.8232613,614875.6711483002
288005,1751924764.9478126,1751925221.3692904,batch_consumer-sts-0_20250707_215351_757151.csv,True,False,False,1751925379.8232613,614875.4487037659
288015,1751924764.948068,1751925221.3954723,batch_consumer-sts-0_20250707_215351_757151.csv,True,False,False,1751925379.8232613,614875.1933574677
288025,1751924764.948312,1751925221.4215171,batch_consumer-sts-0_20250707_215351_757151.csv,True,False,False,1751925379.8232613,614874.9492168427
288035,1751924764.948549,1751925221.4477746,batch_consumer-sts-0_20250707_215351_757151.csv,True,False,False,1751925379.8232613,614874.712228775
288045,1751924764.9487789,1751925221.4740598,batch_consumer-sts-0_20250707_215351_757151.csv,True,False,False,1751925379.8232613,614874.4823932648
288055,1751924764.9490166,1751925221.5008538,batch_consumer-sts-0_20250707_215351_757151.csv,True,False,False,1751925379.8232613,614874.2446899414
288065,1751924764.9492524,1751925221.5277822,batch_consumer-sts-0_20250707_215351_757151.csv,True,False,False,1751925379.8232613,614874.0088939667
288075,1751924764.9494843,1751925221.624827,batch_consumer-sts-0_20250707_215351_757151.csv,True,False,False,1751925379.8232613,614873.7769126892
288085,1751924764.9497187,1751925222.6532822,batch_consumer-sts-0_20250707_215351_757151.csv,True,False,False,1751925379.8232613,614873.542547226
288095,1751924764.949962,1751925222.6800249,batch_consumer-sts-0_20250707_215351_757151.csv,True,False,False,1751925379.8232613,614873.2993602753
288105,1751924764.9502103,1751925222.7060926,batch_consumer-sts-0_20250707_215351_757151.csv,True,False,False,1751925379.8232613,614873.0509281158
288115,1751924764.950451,1751925222.7318172,batch_consumer-sts-0_20250707_215351_757151.csv,True,False,False,1751925379.8232613,614872.8103637695
288125,1751924764.9506865,1751925222.7581944,batch_consumer-sts-0_20250707_215351_757151.csv,True,False,False,1751925379.8232613,614872.5748062134
288135,1751924764.9509249,1751925222.7839167,batch_consumer-sts-0_20250707_215351_757151.csv,True,False,False,1751925379.8232613,614872.3363876343
288145,1751924764.951164,1751925222.8100405,batch_consumer-sts-0_20250707_215351_757151.csv,True,False,False,1751925379.8232613,614872.0972537994
288155,1751924764.9513996,1751925222.835789,batch_consumer-sts-0_20250707_215351_757151.csv,True,False,False,1751925379.8232613,614871.8616962433
288165,1751924764.9516308,1751925222.8612585,batch_consumer-sts-0_20250707_215351_757151.csv,True,False,False,1751925379.8232613,614871.6304302216
288175,1751924764.9518666,1751925222.8870325,batch_consumer-sts-0_20250707_215351_757151.csv,True,False,False,1751925379.8232613,614871.3946342468
288185,1751924764.9521103,1751925222.9130132,batch_consumer-sts-0_20250707_215351_757151.csv,True,False,False,1751925379.8232613,614871.150970459
288195,1751924764.9523494,1751925222.938936,batch_consumer-sts-0_20250707_215351_757151.csv,True,False,False,1751925379.8232613,614870.9118366241
288205,1751924764.952669,1751925222.964738,batch_consumer-sts-0_20250707_215351_757151.csv,True,False,False,1751925379.8232613,614870.5923557281
288215,1751924764.9529076,1751925222.990577,batch_consumer-sts-0_20250707_215351_757151.csv,True,False,False,1751925379.8232613,614870.3536987305
288225,1751924764.9531472,1751925223.0164697,batch_consumer-sts-0_20250707_215351_757151.csv,True,False,False,1751925379.8232613,614870.1140880585
288235,1751924764.9533837,1751925223.04255,batch_consumer-sts-0_20250707_215351_757151.csv,True,False,False,1751925379.8232613,614869.877576828
288245,1751924764.953624,1751925223.0685325,batch_consumer-sts-0_20250707_215351_757151.csv,True,False,False,1751925379.8232613,614869.6372509003
288255,1751924764.95386,1751925223.094754,batch_consumer-sts-0_20250707_215351_757151.csv,True,False,False,1751925379.8232613,614869.401216507
288265,1751924764.954102,1751925223.1207454,batch_consumer-sts-0_20250707_215351_757151.csv,True,False,False,1751925379.8232613,614869.1592216492
288275,1751924764.9548914,1751925223.1458087,batch_consumer-sts-0_20250707_215351_757151.csv,True,False,False,1751925379.8232613,614868.3698177338
288285,1751924764.955139,1751925223.1710446,batch_consumer-sts-0_20250707_215351_757151.csv,True,False,False,1751925379.8232613,614868.1223392487
288295,1751924764.9553854,1751925223.1969943,batch_consumer-sts-0_20250707_215351_757151.csv,True,False,False,1751925379.8232613,614867.8758144379
288305,1751924764.9556248,1751925223.2235446,batch_consumer-sts-0_20250707_215351_757151.csv,True,False,False,1751925379.8232613,614867.6364421844
288315,1751924764.9558623,1751925223.2493024,batch_consumer-sts-0_20250707_215351_757151.csv,True,False,False,1751925379.8232613,614867.3989772797
288325,1751924764.9560971,1751925223.275277,batch_consumer-sts-0_20250707_215351_757151.csv,True,False,False,1751925379.8232613,614867.1641349792
288335,1751924764.956336,1751925223.3009772,batch_consumer-sts-0_20250707_215351_757151.csv,True,False,False,1751925379.8232613,614866.925239563
288345,1751924764.956596,1751925223.3272705,batch_consumer-sts-0_20250707_215351_757151.csv,True,False,False,1751925379.8232613,614866.6653633118
288355,1751924764.956832,1751925223.3530755,batch_consumer-sts-0_20250707_215351_757151.csv,True,False,False,1751925379.8232613,614866.4293289185
288365,1751924764.9570718,1751925223.3788211,batch_consumer-sts-0_20250707_215351_757151.csv,True,False,False,1751925379.8232613,614866.1894798279
288375,1751924764.957311,1751925223.405044,batch_consumer-sts-0_20250707_215351_757151.csv,True,False,False,1751925379.8232613,614865.950345993
288385,1751924764.9575565,1751925223.4308774,batch_consumer-sts-0_20250707_215351_757151.csv,True,False,False,1751925379.8232613,614865.7047748566
288395,1751924764.9577992,1751925223.4566095,batch_consumer-sts-0_20250707_215351_757151.csv,True,False,False,1751925379.8232613,614865.462064743
288405,1751924764.958038,1751925223.4821775,batch_consumer-sts-0_20250707_215351_757151.csv,True,False,False,1751925379.8232613,614865.2231693268
288415,1751924764.9582934,1751925223.5080376,batch_consumer-sts-0_20250707_215351_757151.csv,True,False,False,1751925379.8232613,614864.9678230286
288425,1751924764.9585438,1751925223.5343392,batch_consumer-sts-0_20250707_215351_757151.csv,True,False,False,1751925379.8232613,614864.7174835205
288435,1751924764.958793,1751925223.5602577,batch_consumer-sts-0_20250707_215351_757151.csv,True,False,False,1751925379.8232613,614864.4683361053
288445,1751924764.959037,1751925223.5849533,batch_consumer-sts-0_20250707_215351_757151.csv,True,False,False,1751925379.8232613,614864.2241954803
288455,1751924764.9592752,1751925223.6107595,batch_consumer-sts-0_20250707_215351_757151.csv,True,False,False,1751925379.8232613,614863.9860153198
288465,1751924764.9594903,1751925223.6365016,batch_consumer-sts-0_20250707_215351_757151.csv,True,False,False,1751925379.8232613,614863.7709617615
288475,1751924764.959809,1751925223.662571,batch_consumer-sts-0_20250707_215351_757151.csv,True,False,False,1751925379.8232613,614863.4521961212
288485,1751924764.960013,1751925223.68836,batch_consumer-sts-0_20250707_215351_757151.csv,True,False,False,1751925379.8232613,614863.2483482361
288495,1751924764.9602172,1751925223.7145855,batch_consumer-sts-0_20250707_215351_757151.csv,True,False,False,1751925379.8232613,614863.0440235138
288505,1751924764.9604194,1751925223.740009,batch_consumer-sts-0_20250707_215351_757151.csv,True,False,False,1751925379.8232613,614862.8418445587
288515,1751924764.9606144,1751925223.765985,batch_consumer-sts-0_20250707_215351_757151.csv,True,False,False,1751925379.8232613,614862.646818161
288525,1751924764.9608445,1751925223.7920358,batch_consumer-sts-0_20250707_215351_757151.csv,True,False,False,1751925379.8232613,614862.4167442322
288535,1751924764.9610732,1751925223.8177652,batch_consumer-sts-0_20250707_215351_757151.csv,True,False,False,1751925379.8232613,614862.1881008148
288545,1751924764.9613297,1751925223.8435628,batch_consumer-sts-0_20250707_215351_757151.csv,True,False,False,1751925379.8232613,614861.9315624237
288555,1751924764.9615738,1751925223.8692582,batch_consumer-sts-0_20250707_215351_757151.csv,True,False,False,1751925379.8232613,614861.6874217987
288565,1751924764.9618132,1751925223.8957684,batch_consumer-sts-0_20250707_215351_757151.csv,True,False,False,1751925379.8232613,614861.4480495453
288575,1751924764.9620547,1751925223.9214425,batch_consumer-sts-0_20250707_215351_757151.csv,True,False,False,1751925379.8232613,614861.2065315247
288585,1751924764.962299,1751925223.9476063,batch_consumer-sts-0_20250707_215351_757151.csv,True,False,False,1751925379.8232613,614860.9621524811
288595,1751924764.962536,1751925223.9733567,batch_consumer-sts-0_20250707_215351_757151.csv,True,False,False,1751925379.8232613,614860.7251644135
288605,1751924764.9627695,1751925223.9996474,batch_consumer-sts-0_20250707_215351_757151.csv,True,False,False,1751925379.8232613,614860.4917526245
288615,1751924764.9630382,1751925224.0256522,batch_consumer-sts-0_20250707_215351_757151.csv,True,False,False,1751925379.8232613,614860.2230548859
288625,1751924764.9632845,1751925224.0524597,batch_consumer-sts-0_20250707_215351_757151.csv,True,False,False,1751925379.8232613,614859.9767684937
288635,1751924764.9635231,1751925224.0788147,batch_consumer-sts-0_20250707_215351_757151.csv,True,False,False,1751925379.8232613,614859.738111496
288645,1751924764.9637606,1751925224.1048722,batch_consumer-sts-0_20250707_215351_757151.csv,True,False,False,1751925379.8232613,614859.5006465912
288655,1751924764.9639993,1751925224.1305375,batch_consumer-sts-0_20250707_215351_757151.csv,True,False,False,1751925379.8232613,614859.2619895935
288665,1751924764.9642332,1751925224.3971243,batch_consumer-sts-0_20250707_215351_757151.csv,True,False,False,1751925379.8232613,614859.0281009674
288675,1751924764.9644697,1751925224.4236326,batch_consumer-sts-0_20250707_215351_757151.csv,True,False,False,1751925379.8232613,614858.7915897369
288685,1751924764.9647093,1751925224.4499116,batch_consumer-sts-0_20250707_215351_757151.csv,True,False,False,1751925379.8232613,614858.5519790649
288695,1751924764.9649518,1751925224.4757152,batch_consumer-sts-0_20250707_215351_757151.csv,True,False,False,1751925379.8232613,614858.30950737
288705,1751924764.9651885,1751925224.5018775,batch_consumer-sts-0_20250707_215351_757151.csv,True,False,False,1751925379.8232613,614858.072757721
288715,1751924764.9654236,1751925224.5276814,batch_consumer-sts-0_20250707_215351_757151.csv,True,False,False,1751925379.8232613,614857.837677002
288725,1751924764.9656625,1751925224.5533786,batch_consumer-sts-0_20250707_215351_757151.csv,True,False,False,1751925379.8232613,614857.5987815857
288735,1751924764.9658985,1751925224.5793278,batch_consumer-sts-0_20250707_215351_757151.csv,True,False,False,1751925379.8232613,614857.3627471924
288745,1751924764.9661322,1751925224.6047618,batch_consumer-sts-0_20250707_215351_757151.csv,True,False,False,1751925379.8232613,614857.1290969849
288755,1751924764.9663756,1751925224.63037,batch_consumer-sts-0_20250707_215351_757151.csv,True,False,False,1751925379.8232613,614856.8856716156
288765,1751924764.9666126,1751925224.6558206,batch_consumer-sts-0_20250707_215351_757151.csv,True,False,False,1751925379.8232613,614856.648683548
288775,1751924764.966847,1751925224.6815057,batch_consumer-sts-0_20250707_215351_757151.csv,True,False,False,1751925379.8232613,614856.4143180847
288785,1751924764.967082,1751925224.707163,batch_consumer-sts-0_20250707_215351_757151.csv,True,False,False,1751925379.8232613,614856.1792373657
288795,1751924764.9673076,1751925224.7326782,batch_consumer-sts-0_20250707_215351_757151.csv,True,False,False,1751925379.8232613,614855.9536933899
288805,1751924764.967535,1751925224.7582865,batch_consumer-sts-0_20250707_215351_757151.csv,True,False,False,1751925379.8232613,614855.7262420654
288815,1751924764.967772,1751925224.7838073,batch_consumer-sts-0_20250707_215351_757151.csv,True,False,False,1751925379.8232613,614855.4892539978
288825,1751924764.9680054,1751925224.8099456,batch_consumer-sts-0_20250707_215351_757151.csv,True,False,False,1751925379.8232613,614855.2558422089
288835,1751924764.9682343,1751925224.835528,batch_consumer-sts-0_20250707_215351_757151.csv,True,False,False,1751925379.8232613,614855.0269603729
288845,1751924764.968465,1751925224.8614116,batch_consumer-sts-0_20250707_215351_757151.csv,True,False,False,1751925379.8232613,614854.7961711884
288855,1751924764.968711,1751925224.8876815,batch_consumer-sts-0_20250707_215351_757151.csv,True,False,False,1751925379.8232613,614854.5503616333
288865,1751924764.9689438,1751925224.913485,batch_consumer-sts-0_20250707_215351_757151.csv,True,False,False,1751925379.8232613,614854.3174266815
288875,1751924764.969179,1751925224.9393642,batch_consumer-sts-0_20250707_215351_757151.csv,True,False,False,1751925379.8232613,614854.0823459625
288885,1751924764.9694169,1751925224.9651244,batch_consumer-sts-0_20250707_215351_757151.csv,True,False,False,1751925379.8232613,614853.8444042206
288895,1751924764.9696496,1751925224.9909227,batch_consumer-sts-0_20250707_215351_757151.csv,True,False,False,1751925379.8232613,614853.6117076874
288905,1751924764.9698944,1751925225.0172331,batch_consumer-sts-0_20250707_215351_757151.csv,True,False,False,1751925379.8232613,614853.3668518066
288915,1751924764.9701302,1751925225.04333,batch_consumer-sts-0_20250707_215351_757151.csv,True,False,False,1751925379.8232613,614853.1310558319
288925,1751924764.9703803,1751925225.069053,batch_consumer-sts-0_20250707_215351_757151.csv,True,False,False,1751925379.8232613,614852.8809547424
288935,1751924764.970615,1751925225.0952003,batch_consumer-sts-0_20250707_215351_757151.csv,True,False,False,1751925379.8232613,614852.6463508606
288945,1751924764.9708452,1751925225.1211476,batch_consumer-sts-0_20250707_215351_757151.csv,True,False,False,1751925379.8232613,614852.4160385132
288955,1751924764.9710796,1751925225.147039,batch_consumer-sts-0_20250707_215351_757151.csv,True,False,False,1751925379.8232613,614852.1816730499
288965,1751924764.9713142,1751925225.1727848,batch_consumer-sts-0_20250707_215351_757151.csv,True,False,False,1751925379.8232613,614851.9470691681
288975,1751924764.971555,1751925225.1987755,batch_consumer-sts-0_20250707_215351_757151.csv,True,False,False,1751925379.8232613,614851.7062664032
288985,1751924764.971793,1751925225.22447,batch_consumer-sts-0_20250707_215351_757151.csv,True,False,False,1751925379.8232613,614851.4683246613
288995,1751924764.9720373,1751925225.2502718,batch_consumer-sts-0_20250707_215351_757151.csv,True,False,False,1751925379.8232613,614851.2239456177
289005,1751924764.9722736,1751925225.2762449,batch_consumer-sts-0_20250707_215351_757151.csv,True,False,False,1751925379.8232613,614850.9876728058
289015,1751924764.9725158,1751925225.3020122,batch_consumer-sts-0_20250707_215351_757151.csv,True,False,False,1751925379.8232613,614850.7454395294
289025,1751924764.972749,1751925225.327403,batch_consumer-sts-0_20250707_215351_757151.csv,True,False,False,1751925379.8232613,614850.512266159
289035,1751924764.9729931,1751925225.3529837,batch_consumer-sts-0_20250707_215351_757151.csv,True,False,False,1751925379.8232613,614850.268125534
289045,1751924764.9732008,1751925225.378886,batch_consumer-sts-0_20250707_215351_757151.csv,True,False,False,1751925379.8232613,614850.0604629517
289055,1751924764.9733863,1751925225.4047775,batch_consumer-sts-0_20250707_215351_757151.csv,True,False,False,1751925379.8232613,614849.8749732971
289065,1751924764.9735742,1751925225.430673,batch_consumer-sts-0_20250707_215351_757151.csv,True,False,False,1751925379.8232613,614849.6870994568
289075,1751924764.973781,1751925225.4563065,batch_consumer-sts-0_20250707_215351_757151.csv,True,False,False,1751925379.8232613,614849.4801521301
289085,1751924764.973984,1751925225.4820616,batch_consumer-sts-0_20250707_215351_757151.csv,True,False,False,1751925379.8232613,614849.2772579193
289095,1751924764.974189,1751925225.507095,batch_consumer-sts-0_20250707_215351_757151.csv,True,False,False,1751925379.8232613,614849.0722179413
289105,1751924764.9744458,1751925225.532686,batch_consumer-sts-0_20250707_215351_757151.csv,True,False,False,1751925379.8232613,614848.8154411316
289115,1751924764.9746869,1751925225.5585456,batch_consumer-sts-0_20250707_215351_757151.csv,True,False,False,1751925379.8232613,614848.5743999481
289125,1751924764.9749212,1751925225.5845685,batch_consumer-sts-0_20250707_215351_757151.csv,True,False,False,1751925379.8232613,614848.3400344849
289135,1751924764.975162,1751925225.610468,batch_consumer-sts-0_20250707_215351_757151.csv,True,False,False,1751925379.8232613,614848.09923172
289145,1751924764.9754,1751925225.6365075,batch_consumer-sts-0_20250707_215351_757151.csv,True,False,False,1751925379.8232613,614847.861289978
289155,1751924764.9756408,1751925225.6621714,batch_consumer-sts-0_20250707_215351_757151.csv,True,False,False,1751925379.8232613,614847.6204872131
289165,1751924764.975876,1751925225.6887746,batch_consumer-sts-0_20250707_215351_757151.csv,True,False,False,1751925379.8232613,614847.3851680756
289175,1751924764.9761724,1751925225.714683,batch_consumer-sts-0_20250707_215351_757151.csv,True,False,False,1751925379.8232613,614847.0888137817
289185,1751924764.976404,1751925225.7404768,batch_consumer-sts-0_20250707_215351_757151.csv,True,False,False,1751925379.8232613,614846.8573093414
289195,1751924764.9766366,1751925225.766284,batch_consumer-sts-0_20250707_215351_757151.csv,True,False,False,1751925379.8232613,614846.6246128082
289205,1751924764.9768765,1751925225.792295,batch_consumer-sts-0_20250707_215351_757151.csv,True,False,False,1751925379.8232613,614846.3847637177
295075,1751924765.1928444,1751925225.8180978,batch_consumer-sts-0_20250707_215351_757151.csv,True,False,False,1751925379.8232613,614630.4168701172
295085,1751924765.1930838,1751925225.8440676,batch_consumer-sts-0_20250707_215351_757151.csv,True,False,False,1751925379.8232613,614630.1774978638
295095,1751924765.1933062,1751925225.8700805,batch_consumer-sts-0_20250707_215351_757151.csv,True,False,False,1751925379.8232613,614629.9550533295
295105,1751924765.1935298,1751925225.8962412,batch_consumer-sts-0_20250707_215351_757151.csv,True,False,False,1751925379.8232613,614629.7314167023
295115,1751924765.1937594,1751925225.9224389,batch_consumer-sts-0_20250707_215351_757151.csv,True,False,False,1751925379.8232613,614629.5018196106
295125,1751924765.193992,1751925225.9490385,batch_consumer-sts-0_20250707_215351_757151.csv,True,False,False,1751925379.8232613,614629.269361496
295135,1751924765.1942346,1751925225.9751518,batch_consumer-sts-0_20250707_215351_757151.csv,True,False,False,1751925379.8232613,614629.0266513824
295145,1751924765.1944675,1751925226.0014746,batch_consumer-sts-0_20250707_215351_757151.csv,True,False,False,1751925379.8232613,614628.7937164307
295155,1751924765.194702,1751925226.0273032,batch_consumer-sts-0_20250707_215351_757151.csv,True,False,False,1751925379.8232613,614628.5593509674
295165,1751924765.194938,1751925226.053598,batch_consumer-sts-0_20250707_215351_757151.csv,True,False,False,1751925379.8232613,614628.3233165741
295175,1751924765.1951702,1751925226.0797272,batch_consumer-sts-0_20250707_215351_757151.csv,True,False,False,1751925379.8232613,614628.091096878
295185,1751924765.195397,1751925226.1059997,batch_consumer-sts-0_20250707_215351_757151.csv,True,False,False,1751925379.8232613,614627.8643608093
295195,1751924765.1956308,1751925226.1320298,batch_consumer-sts-0_20250707_215351_757151.csv,True,False,False,1751925379.8232613,614627.6304721832
295205,1751924765.1958628,1751925226.158484,batch_consumer-sts-0_20250707_215351_757151.csv,True,False,False,1751925379.8232613,614627.3984909058
295215,1751924765.1960964,1751925226.1844618,batch_consumer-sts-0_20250707_215351_757151.csv,True,False,False,1751925379.8232613,614627.1648406982
295225,1751924765.1963303,1751925226.3134248,batch_consumer-sts-0_20250707_215351_757151.csv,True,False,False,1751925379.8232613,614626.9309520721
295235,1751924765.1965632,1751925226.3395512,batch_consumer-sts-0_20250707_215351_757151.csv,True,False,False,1751925379.8232613,614626.6980171204
295245,1751924765.1968029,1751925226.3651688,batch_consumer-sts-0_20250707_215351_757151.csv,True,False,False,1751925379.8232613,614626.4584064484
295255,1751924765.1971877,1751925226.922656,batch_consumer-sts-0_20250707_215351_757151.csv,True,False,False,1751925379.8232613,614626.0735988617
295265,1751924765.197688,1751925226.9483593,batch_consumer-sts-0_20250707_215351_757151.csv,True,False,False,1751925379.8232613,614625.5731582642
295275,1751924765.197914,1751925226.974051,batch_consumer-sts-0_20250707_215351_757151.csv,True,False,False,1751925379.8232613,614625.3473758698
295285,1751924765.1981409,1751925227.0005207,batch_consumer-sts-0_20250707_215351_757151.csv,True,False,False,1751925379.8232613,614625.1204013824
295295,1751924765.1983771,1751925227.0267177,batch_consumer-sts-0_20250707_215351_757151.csv,True,False,False,1751925379.8232613,614624.8841285706
295305,1751924765.1985996,1751925227.0527244,batch_consumer-sts-0_20250707_215351_757151.csv,True,False,False,1751925379.8232613,614624.6616840363
295315,1751924765.1988246,1751925227.0793052,batch_consumer-sts-0_20250707_215351_757151.csv,True,False,False,1751925379.8232613,614624.4366168976
295325,1751924765.199052,1751925227.1053858,batch_consumer-sts-0_20250707_215351_757151.csv,True,False,False,1751925379.8232613,614624.2091655731
295335,1751924765.1992822,1751925227.1318524,batch_consumer-sts-0_20250707_215351_757151.csv,True,False,False,1751925379.8232613,614623.9790916443
295345,1751924765.1995137,1751925228.1594124,batch_consumer-sts-0_20250707_215351_757151.csv,True,False,False,1751925379.8232613,614623.747587204
295355,1751924765.199758,1751925228.184089,batch_consumer-sts-0_20250707_215351_757151.csv,True,False,False,1751925379.8232613,614623.5032081604
295365,1751924765.1999795,1751925228.2103412,batch_consumer-sts-0_20250707_215351_757151.csv,True,False,False,1751925379.8232613,614623.2817173004
295375,1751924765.200191,1751925228.2362587,batch_consumer-sts-0_20250707_215351_757151.csv,True,False,False,1751925379.8232613,614623.0702400208
295385,1751924765.2004044,1751925228.2625678,batch_consumer-sts-0_20250707_215351_757151.csv,True,False,False,1751925379.8232613,614622.8568553925
295395,1751924765.2006173,1751925228.2883315,batch_consumer-sts-0_20250707_215351_757151.csv,True,False,False,1751925379.8232613,614622.6439476013
295405,1751924765.2008548,1751925228.315024,batch_consumer-sts-0_20250707_215351_757151.csv,True,False,False,1751925379.8232613,614622.4064826965
295415,1751924765.2011,1751925228.340937,batch_consumer-sts-0_20250707_215351_757151.csv,True,False,False,1751925379.8232613,614622.1611499786
295425,1751924765.2013357,1751925228.3671536,batch_consumer-sts-0_20250707_215351_757151.csv,True,False,False,1751925379.8232613,614621.9255924225
295435,1751924765.2015622,1751925228.3929029,batch_consumer-sts-0_20250707_215351_757151.csv,True,False,False,1751925379.8232613,614621.6990947723
295445,1751924765.2018032,1751925228.4188528,batch_consumer-sts-0_20250707_215351_757151.csv,True,False,False,1751925379.8232613,614621.4580535889
295455,1751924765.2020462,1751925228.4448438,batch_consumer-sts-0_20250707_215351_757151.csv,True,False,False,1751925379.8232613,614621.2151050568
295465,1751924765.2022889,1751925228.470814,batch_consumer-sts-0_20250707_215351_757151.csv,True,False,False,1751925379.8232613,614620.9723949432
295475,1751924765.2025204,1751925228.4963677,batch_consumer-sts-0_20250707_215351_757151.csv,True,False,False,1751925379.8232613,614620.7408905029
295485,1751924765.2027545,1751925228.5220835,batch_consumer-sts-0_20250707_215351_757151.csv,True,False,False,1751925379.8232613,614620.5067634583
295495,1751924765.2029853,1751925228.5479867,batch_consumer-sts-0_20250707_215351_757151.csv,True,False,False,1751925379.8232613,614620.2759742737
295505,1751924765.203227,1751925228.574093,batch_consumer-sts-0_20250707_215351_757151.csv,True,False,False,1751925379.8232613,614620.0342178345
295515,1751924765.203471,1751925228.6001933,batch_consumer-sts-0_20250707_215351_757151.csv,True,False,False,1751925379.8232613,614619.790315628
295525,1751924765.2037067,1751925228.6262057,batch_consumer-sts-0_20250707_215351_757151.csv,True,False,False,1751925379.8232613,614619.5545196533
295535,1751924765.203946,1751925228.6520984,batch_consumer-sts-0_20250707_215351_757151.csv,True,False,False,1751925379.8232613,614619.3151473999
295545,1751924765.204256,1751925228.6781938,batch_consumer-sts-0_20250707_215351_757151.csv,True,False,False,1751925379.8232613,614619.0052032471
295555,1751924765.204497,1751925228.7062209,batch_consumer-sts-0_20250707_215351_757151.csv,True,False,False,1751925379.8232613,614618.7641620636
295565,1751924765.2047417,1751925228.7322133,batch_consumer-sts-0_20250707_215351_757151.csv,True,False,False,1751925379.8232613,614618.5195446014
295575,1751924765.204967,1751925228.758081,batch_consumer-sts-0_20250707_215351_757151.csv,True,False,False,1751925379.8232613,614618.2942390442
295585,1751924765.2052042,1751925228.784024,batch_consumer-sts-0_20250707_215351_757151.csv,True,False,False,1751925379.8232613,614618.057012558
295595,1751924765.2054348,1751925228.8099997,batch_consumer-sts-0_20250707_215351_757151.csv,True,False,False,1751925379.8232613,614617.826461792
295605,1751924765.2056663,1751925228.8359764,batch_consumer-sts-0_20250707_215351_757151.csv,True,False,False,1751925379.8232613,614617.5949573517
295615,1751924765.2058957,1751925228.8615525,batch_consumer-sts-0_20250707_215351_757151.csv,True,False,False,1751925379.8232613,614617.3655986786
295625,1751924765.2061322,1751925228.8874314,batch_consumer-sts-0_20250707_215351_757151.csv,True,False,False,1751925379.8232613,614617.1290874481
295635,1751924765.2063768,1751925228.913369,batch_consumer-sts-0_20250707_215351_757151.csv,True,False,False,1751925379.8232613,614616.884469986
295645,1751924765.206616,1751925228.939369,batch_consumer-sts-0_20250707_215351_757151.csv,True,False,False,1751925379.8232613,614616.6453361511
295655,1751924765.206848,1751925228.965514,batch_consumer-sts-0_20250707_215351_757151.csv,True,False,False,1751925379.8232613,614616.4133548737
295665,1751924765.2070885,1751925228.9916165,batch_consumer-sts-0_20250707_215351_757151.csv,True,False,False,1751925379.8232613,614616.1727905273
295675,1751924765.2073202,1751925229.0180938,batch_consumer-sts-0_20250707_215351_757151.csv,True,False,False,1751925379.8232613,614615.9410476685
295685,1751924765.2075584,1751925229.0443623,batch_consumer-sts-0_20250707_215351_757151.csv,True,False,False,1751925379.8232613,614615.7028675079
295695,1751924765.207792,1751925229.0704944,batch_consumer-sts-0_20250707_215351_757151.csv,True,False,False,1751925379.8232613,614615.4692173004
295705,1751924765.2080195,1751925229.0964398,batch_consumer-sts-0_20250707_215351_757151.csv,True,False,False,1751925379.8232613,614615.241765976
295715,1751924765.208253,1751925229.122441,batch_consumer-sts-0_20250707_215351_757151.csv,True,False,False,1751925379.8232613,614615.008354187
295725,1751924765.2084892,1751925229.1487894,batch_consumer-sts-0_20250707_215351_757151.csv,True,False,False,1751925379.8232613,614614.7720813751
295735,1751924765.2087224,1751925229.1748457,batch_consumer-sts-0_20250707_215351_757151.csv,True,False,False,1751925379.8232613,614614.5389080048
295745,1751924765.2089565,1751925229.200746,batch_consumer-sts-0_20250707_215351_757151.csv,True,False,False,1751925379.8232613,614614.3047809601
295755,1751924765.2091885,1751925229.226677,batch_consumer-sts-0_20250707_215351_757151.csv,True,False,False,1751925379.8232613,614614.0727996826
295765,1751924765.2094126,1751925229.2526093,batch_consumer-sts-0_20250707_215351_757151.csv,True,False,False,1751925379.8232613,614613.8486862183
295775,1751924765.209648,1751925229.480448,batch_consumer-sts-0_20250707_215351_757151.csv,True,False,False,1751925379.8232613,614613.6133670807
295785,1751924765.2098784,1751925229.5063732,batch_consumer-sts-0_20250707_215351_757151.csv,True,False,False,1751925379.8232613,614613.3828163147
295795,1751924765.2102952,1751925229.5321505,batch_consumer-sts-0_20250707_215351_757151.csv,True,False,False,1751925379.8232613,614612.9660606384
295805,1751924765.2105343,1751925229.5581703,batch_consumer-sts-0_20250707_215351_757151.csv,True,False,False,1751925379.8232613,614612.7269268036
295815,1751924765.2107737,1751925229.583908,batch_consumer-sts-0_20250707_215351_757151.csv,True,False,False,1751925379.8232613,614612.4875545502
295825,1751924765.21101,1751925229.6101322,batch_consumer-sts-0_20250707_215351_757151.csv,True,False,False,1751925379.8232613,614612.2512817383
295835,1751924765.211239,1751925229.6360765,batch_consumer-sts-0_20250707_215351_757151.csv,True,False,False,1751925379.8232613,614612.0221614838
295845,1751924765.2114804,1751925229.6620452,batch_consumer-sts-0_20250707_215351_757151.csv,True,False,False,1751925379.8232613,614611.7808818817
295855,1751924765.2117138,1751925229.687639,batch_consumer-sts-0_20250707_215351_757151.csv,True,False,False,1751925379.8232613,614611.5474700928
295865,1751924765.21197,1751925229.8735676,batch_consumer-sts-0_20250707_215351_757151.csv,True,False,False,1751925379.8232613,614611.2911701202
295875,1751924765.2121534,1751925229.899624,batch_consumer-sts-0_20250707_215351_757151.csv,True,False,False,1751925379.8232613,614611.1078262329
295885,1751924765.2123437,1751925229.9256864,batch_consumer-sts-0_20250707_215351_757151.csv,True,False,False,1751925379.8232613,614610.9175682068
295895,1751924765.2125523,1751925229.9514222,batch_consumer-sts-0_20250707_215351_757151.csv,True,False,False,1751925379.8232613,614610.7089519501
295905,1751924765.2127483,1751925229.9773982,batch_consumer-sts-0_20250707_215351_757151.csv,True,False,False,1751925379.8232613,614610.512971878
295915,1751924765.2129378,1751925230.0033326,batch_consumer-sts-0_20250707_215351_757151.csv,True,False,False,1751925379.8232613,614610.3234291077
295925,1751924765.2131395,1751925230.0288997,batch_consumer-sts-0_20250707_215351_757151.csv,True,False,False,1751925379.8232613,614610.1217269897
295935,1751924765.2133713,1751925230.0548346,batch_consumer-sts-0_20250707_215351_757151.csv,True,False,False,1751925379.8232613,614609.8899841309
295945,1751924765.2136002,1751925230.0804722,batch_consumer-sts-0_20250707_215351_757151.csv,True,False,False,1751925379.8232613,614609.6611022949
295955,1751924765.213835,1751925230.1065352,batch_consumer-sts-0_20250707_215351_757151.csv,True,False,False,1751925379.8232613,614609.4262599945
295965,1751924765.2140572,1751925230.1321783,batch_consumer-sts-0_20250707_215351_757151.csv,True,False,False,1751925379.8232613,614609.2040538788
295975,1751924765.2143233,1751925230.15826,batch_consumer-sts-0_20250707_215351_757151.csv,True,False,False,1751925379.8232613,614608.9379787445
295985,1751924765.2145584,1751925230.1835804,batch_consumer-sts-0_20250707_215351_757151.csv,True,False,False,1751925379.8232613,614608.7028980255
295995,1751924765.2147956,1751925230.2096572,batch_consumer-sts-0_20250707_215351_757151.csv,True,False,False,1751925379.8232613,614608.4656715393
296005,1751924765.2150316,1751925230.2354765,batch_consumer-sts-0_20250707_215351_757151.csv,True,False,False,1751925379.8232613,614608.229637146
296015,1751924765.2152686,1751925230.2613804,batch_consumer-sts-0_20250707_215351_757151.csv,True,False,False,1751925379.8232613,614607.9926490784
296025,1751924765.2154992,1751925230.2871852,batch_consumer-sts-0_20250707_215351_757151.csv,True,False,False,1751925379.8232613,614607.7620983124
296035,1751924765.215729,1751925230.3129082,batch_consumer-sts-0_20250707_215351_757151.csv,True,False,False,1751925379.8232613,614607.5322628021
296045,1751924765.2159643,1751925230.338426,batch_consumer-sts-0_20250707_215351_757151.csv,True,False,False,1751925379.8232613,614607.2969436646
296055,1751924765.2162018,1751925230.3641956,batch_consumer-sts-0_20250707_215351_757151.csv,True,False,False,1751925379.8232613,614607.0594787598
296065,1751924765.2164323,1751925230.390034,batch_consumer-sts-0_20250707_215351_757151.csv,True,False,False,1751925379.8232613,614606.8289279938
296075,1751924765.2166686,1751925230.4165163,batch_consumer-sts-0_20250707_215351_757151.csv,True,False,False,1751925379.8232613,614606.5926551819
296085,1751924765.2169096,1751925230.442532,batch_consumer-sts-0_20250707_215351_757151.csv,True,False,False,1751925379.8232613,614606.3516139984
296095,1751924765.2171433,1751925230.4687304,batch_consumer-sts-0_20250707_215351_757151.csv,True,False,False,1751925379.8232613,614606.1179637909
296105,1751924765.217379,1751925230.494679,batch_consumer-sts-0_20250707_215351_757151.csv,True,False,False,1751925379.8232613,614605.8821678162
296115,1751924765.2176154,1751925230.5205564,batch_consumer-sts-0_20250707_215351_757151.csv,True,False,False,1751925379.8232613,614605.6458950043
296125,1751924765.2178526,1751925230.5465617,batch_consumer-sts-0_20250707_215351_757151.csv,True,False,False,1751925379.8232613,614605.4086685181
296135,1751924765.218084,1751925230.571965,batch_consumer-sts-0_20250707_215351_757151.csv,True,False,False,1751925379.8232613,614605.1771640778
296145,1751924765.2183263,1751925230.598107,batch_consumer-sts-0_20250707_215351_757151.csv,True,False,False,1751925379.8232613,614604.9349308014
296155,1751924765.2185652,1751925230.6233437,batch_consumer-sts-0_20250707_215351_757151.csv,True,False,False,1751925379.8232613,614604.6960353851
296165,1751924765.2188137,1751925230.6493373,batch_consumer-sts-0_20250707_215351_757151.csv,True,False,False,1751925379.8232613,614604.4476032257
296175,1751924765.2190957,1751925230.6752803,batch_consumer-sts-0_20250707_215351_757151.csv,True,False,False,1751925379.8232613,614604.1655540466
296185,1751924765.2193506,1751925230.7007143,batch_consumer-sts-0_20250707_215351_757151.csv,True,False,False,1751925379.8232613,614603.9106845856
296195,1751924765.2195914,1751925230.727101,batch_consumer-sts-0_20250707_215351_757151.csv,True,False,False,1751925379.8232613,614603.6698818207
296205,1751924765.2198322,1751925230.7527127,batch_consumer-sts-0_20250707_215351_757151.csv,True,False,False,1751925379.8232613,614603.4290790558
296215,1751924765.220064,1751925230.7783604,batch_consumer-sts-0_20250707_215351_757151.csv,True,False,False,1751925379.8232613,614603.1973361969
296225,1751924765.2202995,1751925230.80379,batch_consumer-sts-0_20250707_215351_757151.csv,True,False,False,1751925379.8232613,614602.9617786407
296235,1751924765.2205338,1751925230.8298512,batch_consumer-sts-0_20250707_215351_757151.csv,True,False,False,1751925379.8232613,614602.7274131775
296245,1751924765.2207804,1751925230.8554895,batch_consumer-sts-0_20250707_215351_757151.csv,True,False,False,1751925379.8232613,614602.4808883667
296255,1751924765.221012,1751925230.8812478,batch_consumer-sts-0_20250707_215351_757151.csv,True,False,False,1751925379.8232613,614602.2491455078
296265,1751924765.2212515,1751925230.906843,batch_consumer-sts-0_20250707_215351_757151.csv,True,False,False,1751925379.8232613,614602.0097732544
296275,1751924765.221485,1751925230.9328136,batch_consumer-sts-0_20250707_215351_757151.csv,True,False,False,1751925379.8232613,614601.7763614655
296285,1751924765.2217216,1751925230.958769,batch_consumer-sts-0_20250707_215351_757151.csv,True,False,False,1751925379.8232613,614601.5396118164
296295,1751924765.2219543,1751925230.9844522,batch_consumer-sts-0_20250707_215351_757151.csv,True,False,False,1751925379.8232613,614601.3069152832
296305,1751924765.222198,1751925231.010258,batch_consumer-sts-0_20250707_215351_757151.csv,True,False,False,1751925379.8232613,614601.0632514954
296315,1751924765.222436,1751925231.036205,batch_consumer-sts-0_20250707_215351_757151.csv,True,False,False,1751925379.8232613,614600.8253097534
296325,1751924765.222674,1751925231.062334,batch_consumer-sts-0_20250707_215351_757151.csv,True,False,False,1751925379.8232613,614600.5873680115
296335,1751924765.2229145,1751925231.0886574,batch_consumer-sts-0_20250707_215351_757151.csv,True,False,False,1751925379.8232613,614600.3468036652
296345,1751924765.2231493,1751925231.1151829,batch_consumer-sts-0_20250707_215351_757151.csv,True,False,False,1751925379.8232613,614600.1119613647
296355,1751924765.2233877,1751925231.1414225,batch_consumer-sts-0_20250707_215351_757151.csv,True,False,False,1751925379.8232613,614599.8735427856
296365,1751924765.2236252,1751925231.1675663,batch_consumer-sts-0_20250707_215351_757151.csv,True,False,False,1751925379.8232613,614599.6360778809
296375,1751924765.223856,1751925231.193364,batch_consumer-sts-0_20250707_215351_757151.csv,True,False,False,1751925379.8232613,614599.4052886963
296385,1751924765.224089,1751925231.2194166,batch_consumer-sts-0_20250707_215351_757151.csv,True,False,False,1751925379.8232613,614599.1723537445
296395,1751924765.2243211,1751925231.2455373,batch_consumer-sts-0_20250707_215351_757151.csv,True,False,False,1751925379.8232613,614598.9401340485
296405,1751924765.224559,1751925231.271095,batch_consumer-sts-0_20250707_215351_757151.csv,True,False,False,1751925379.8232613,614598.7021923065
296415,1751924765.2247832,1751925231.2968285,batch_consumer-sts-0_20250707_215351_757151.csv,True,False,False,1751925379.8232613,614598.4780788422
296425,1751924765.2250133,1751925231.4412117,batch_consumer-sts-0_20250707_215351_757151.csv,True,False,False,1751925379.8232613,614598.2480049133
296435,1751924765.225256,1751925231.4677467,batch_consumer-sts-0_20250707_215351_757151.csv,True,False,False,1751925379.8232613,614598.0052947998
296445,1751924765.2254882,1751925231.493203,batch_consumer-sts-0_20250707_215351_757151.csv,True,False,False,1751925379.8232613,614597.7730751038
296455,1751924765.225721,1751925231.5190487,batch_consumer-sts-0_20250707_215351_757151.csv,True,False,False,1751925379.8232613,614597.5403785706
296465,1751924765.2259543,1751925231.5441265,batch_consumer-sts-0_20250707_215351_757151.csv,True,False,False,1751925379.8232613,614597.3069667816
296475,1751924765.226195,1751925231.569991,batch_consumer-sts-0_20250707_215351_757151.csv,True,False,False,1751925379.8232613,614597.0661640167
296485,1751924765.2264774,1751925231.596367,batch_consumer-sts-0_20250707_215351_757151.csv,True,False,False,1751925379.8232613,614596.7838764191
296495,1751924765.2267118,1751925231.6228986,batch_consumer-sts-0_20250707_215351_757151.csv,True,False,False,1751925379.8232613,614596.5495109558
296505,1751924765.2269435,1751925231.6496477,batch_consumer-sts-0_20250707_215351_757151.csv,True,False,False,1751925379.8232613,614596.3177680969
296515,1751924765.2271736,1751925231.676342,batch_consumer-sts-0_20250707_215351_757151.csv,True,False,False,1751925379.8232613,614596.0876941681
296525,1751924765.2274091,1751925231.702844,batch_consumer-sts-0_20250707_215351_757151.csv,True,False,False,1751925379.8232613,614595.8521366119
296535,1751924765.2276382,1751925231.729701,batch_consumer-sts-0_20250707_215351_757151.csv,True,False,False,1751925379.8232613,614595.6230163574
296545,1751924765.2278662,1751925232.0364425,batch_consumer-sts-0_20250707_215412_515663.csv,True,False,False,1751925379.8232613,614595.3950881958
296555,1751924765.2280967,1751925232.063237,batch_consumer-sts-0_20250707_215412_515663.csv,True,False,False,1751925379.8232613,614595.1645374298
296565,1751924765.2283337,1751925232.3372293,batch_consumer-sts-0_20250707_215412_515663.csv,True,False,False,1751925379.8232613,614594.9275493622
296575,1751924765.2285614,1751925232.363641,batch_consumer-sts-0_20250707_215412_515663.csv,True,False,False,1751925379.8232613,614594.6998596191
296585,1751924765.228803,1751925232.3896563,batch_consumer-sts-0_20250707_215412_515663.csv,True,False,False,1751925379.8232613,614594.4583415985
296595,1751924765.2290344,1751925232.4157512,batch_consumer-sts-0_20250707_215412_515663.csv,True,False,False,1751925379.8232613,614594.2268371582
296605,1751924765.2292745,1751925232.442137,batch_consumer-sts-0_20250707_215412_515663.csv,True,False,False,1751925379.8232613,614593.986749649
296615,1751924765.229507,1751925232.4683487,batch_consumer-sts-0_20250707_215412_515663.csv,True,False,False,1751925379.8232613,614593.7542915344
296625,1751924765.2297325,1751925232.494845,batch_consumer-sts-0_20250707_215412_515663.csv,True,False,False,1751925379.8232613,614593.5287475586
296635,1751924765.2299666,1751925232.5213442,batch_consumer-sts-0_20250707_215412_515663.csv,True,False,False,1751925379.8232613,614593.2946205139
296645,1751924765.2302065,1751925232.547622,batch_consumer-sts-0_20250707_215412_515663.csv,True,False,False,1751925379.8232613,614593.0547714233
296655,1751924765.2304358,1751925232.5739934,batch_consumer-sts-0_20250707_215412_515663.csv,True,False,False,1751925379.8232613,614592.8254127502
296665,1751924765.2306745,1751925232.6002724,batch_consumer-sts-0_20250707_215412_515663.csv,True,False,False,1751925379.8232613,614592.5867557526
296675,1751924765.23091,1751925232.626691,batch_consumer-sts-0_20250707_215412_515663.csv,True,False,False,1751925379.8232613,614592.3511981964
296685,1751924765.2311466,1751925232.6530328,batch_consumer-sts-0_20250707_215412_515663.csv,True,False,False,1751925379.8232613,614592.114686966
296695,1751924765.2313795,1751925232.6793811,batch_consumer-sts-0_20250707_215412_515663.csv,True,False,False,1751925379.8232613,614591.8817520142
296705,1751924765.231608,1751925232.7057493,batch_consumer-sts-0_20250707_215412_515663.csv,True,False,False,1751925379.8232613,614591.6533470154
296715,1751924765.231836,1751925232.7321825,batch_consumer-sts-0_20250707_215412_515663.csv,True,False,False,1751925379.8232613,614591.4251804352
296725,1751924765.232067,1751925232.758881,batch_consumer-sts-0_20250707_215412_515663.csv,True,False,False,1751925379.8232613,614591.194152832
296735,1751924765.2322955,1751925232.7853425,batch_consumer-sts-0_20250707_215412_515663.csv,True,False,False,1751925379.8232613,614590.9657478333
296745,1751924765.2325182,1751925233.8132286,batch_consumer-sts-0_20250707_215412_515663.csv,True,False,False,1751925379.8232613,614590.7430648804
296755,1751924765.2327416,1751925233.8396363,batch_consumer-sts-0_20250707_215412_515663.csv,True,False,False,1751925379.8232613,614590.5196666718
320285,1751924765.9489915,1751925233.865877,batch_consumer-sts-0_20250707_215412_515663.csv,True,False,False,1751925379.8232613,613874.2697238922
320295,1751924765.9494083,1751925233.892168,batch_consumer-sts-0_20250707_215412_515663.csv,True,False,False,1751925379.8232613,613873.852968216
320305,1751924765.9498267,1751925233.9188044,batch_consumer-sts-0_20250707_215412_515663.csv,True,False,False,1751925379.8232613,613873.4345436096
320315,1751924765.9502635,1751925233.944298,batch_consumer-sts-0_20250707_215412_515663.csv,True,False,False,1751925379.8232613,613872.9977607727
320325,1751924765.9506898,1751925233.970119,batch_consumer-sts-0_20250707_215412_515663.csv,True,False,False,1751925379.8232613,613872.5714683533
320335,1751924765.9511125,1751925233.995943,batch_consumer-sts-0_20250707_215412_515663.csv,True,False,False,1751925379.8232613,613872.1487522125
320345,1751924765.9515295,1751925234.0217078,batch_consumer-sts-0_20250707_215412_515663.csv,True,False,False,1751925379.8232613,613871.7317581177
320355,1751924765.9518833,1751925234.047579,batch_consumer-sts-0_20250707_215412_515663.csv,True,False,False,1751925379.8232613,613871.3779449463
320365,1751924765.9521174,1751925234.073137,batch_consumer-sts-0_20250707_215412_515663.csv,True,False,False,1751925379.8232613,613871.1438179016
320375,1751924765.952349,1751925234.0990922,batch_consumer-sts-0_20250707_215412_515663.csv,True,False,False,1751925379.8232613,613870.9123134613
320385,1751924765.9525852,1751925234.1253824,batch_consumer-sts-0_20250707_215412_515663.csv,True,False,False,1751925379.8232613,613870.6760406494
320395,1751924765.952847,1751925234.1514163,batch_consumer-sts-0_20250707_215412_515663.csv,True,False,False,1751925379.8232613,613870.4142570496
320405,1751924765.9530413,1751925234.1770358,batch_consumer-sts-0_20250707_215412_515663.csv,True,False,False,1751925379.8232613,613870.2199459076
320415,1751924765.9532368,1751925234.2028587,batch_consumer-sts-0_20250707_215412_515663.csv,True,False,False,1751925379.8232613,613870.0244426727
320425,1751924765.9536135,1751925234.2299242,batch_consumer-sts-0_20250707_215412_515663.csv,True,False,False,1751925379.8232613,613869.6477413177
320435,1751924765.9538095,1751925234.2561736,batch_consumer-sts-0_20250707_215412_515663.csv,True,False,False,1751925379.8232613,613869.4517612457
320445,1751924765.9539971,1751925234.2826843,batch_consumer-sts-0_20250707_215412_515663.csv,True,False,False,1751925379.8232613,613869.264125824
320455,1751924765.9542198,1751925234.3094416,batch_consumer-sts-0_20250707_215412_515663.csv,True,False,False,1751925379.8232613,613869.0414428711
320465,1751924765.954447,1751925234.3368492,batch_consumer-sts-0_20250707_215412_515663.csv,True,False,False,1751925379.8232613,613868.8142299652
320475,1751924765.954673,1751925234.3631566,batch_consumer-sts-0_20250707_215412_515663.csv,True,False,False,1751925379.8232613,613868.5882091522
320485,1751924765.9549034,1751925234.700222,batch_consumer-sts-0_20250707_215412_515663.csv,True,False,False,1751925379.8232613,613868.3578968048
320495,1751924765.9551332,1751925234.7267065,batch_consumer-sts-0_20250707_215412_515663.csv,True,False,False,1751925379.8232613,613868.1280612946
320505,1751924765.9553688,1751925234.7532976,batch_consumer-sts-0_20250707_215412_515663.csv,True,False,False,1751925379.8232613,613867.8925037384
320515,1751924765.955609,1751925234.780259,batch_consumer-sts-0_20250707_215412_515663.csv,True,False,False,1751925379.8232613,613867.6521778107
320525,1751924765.9558442,1751925234.8064184,batch_consumer-sts-0_20250707_215412_515663.csv,True,False,False,1751925379.8232613,613867.4170970917
320535,1751924765.956091,1751925234.8328192,batch_consumer-sts-0_20250707_215412_515663.csv,True,False,False,1751925379.8232613,613867.1703338623
320545,1751924765.9563265,1751925234.8589118,batch_consumer-sts-0_20250707_215412_515663.csv,True,False,False,1751925379.8232613,613866.9347763062
320555,1751924765.9565537,1751925234.885656,batch_consumer-sts-0_20250707_215412_515663.csv,True,False,False,1751925379.8232613,613866.7075634003
320565,1751924765.9567926,1751925234.9118645,batch_consumer-sts-0_20250707_215412_515663.csv,True,False,False,1751925379.8232613,613866.468667984
320575,1751924765.957032,1751925234.939046,batch_consumer-sts-0_20250707_215412_515663.csv,True,False,False,1751925379.8232613,613866.2292957306
320585,1751924765.9572656,1751925234.9659789,batch_consumer-sts-0_20250707_215412_515663.csv,True,False,False,1751925379.8232613,613865.9956455231
320595,1751924765.9575012,1751925234.993147,batch_consumer-sts-0_20250707_215412_515663.csv,True,False,False,1751925379.8232613,613865.7600879669
320605,1751924765.9577365,1751925235.0179815,batch_consumer-sts-0_20250707_215412_515663.csv,True,False,False,1751925379.8232613,613865.5247688293
320615,1751924765.9579704,1751925235.0448008,batch_consumer-sts-0_20250707_215412_515663.csv,True,False,False,1751925379.8232613,613865.2908802032
320625,1751924765.9582224,1751925235.0715044,batch_consumer-sts-0_20250707_215412_515663.csv,True,False,False,1751925379.8232613,613865.0388717651
320635,1751924765.958637,1751925235.098331,batch_consumer-sts-0_20250707_215412_515663.csv,True,False,False,1751925379.8232613,613864.6242618561
320645,1751924765.959036,1751925235.1244738,batch_consumer-sts-0_20250707_215412_515663.csv,True,False,False,1751925379.8232613,613864.2251491547
320655,1751924765.9592657,1751925235.1506536,batch_consumer-sts-0_20250707_215412_515663.csv,True,False,False,1751925379.8232613,613863.995552063
320665,1751924765.9594965,1751925235.1772568,batch_consumer-sts-0_20250707_215412_515663.csv,True,False,False,1751925379.8232613,613863.7647628784
320675,1751924765.9597225,1751925235.2032013,batch_consumer-sts-0_20250707_215412_515663.csv,True,False,False,1751925379.8232613,613863.5387420654
320685,1751924765.9599512,1751925235.2294848,batch_consumer-sts-0_20250707_215412_515663.csv,True,False,False,1751925379.8232613,613863.3100986481
320695,1751924765.96018,1751925235.3376548,batch_consumer-sts-0_20250707_215412_515663.csv,True,False,False,1751925379.8232613,613863.0812168121
320705,1751924765.9604092,1751925235.364072,batch_consumer-sts-0_20250707_215412_515663.csv,True,False,False,1751925379.8232613,613862.8520965576
320715,1751924765.9606347,1751925235.391392,batch_consumer-sts-0_20250707_215412_515663.csv,True,False,False,1751925379.8232613,613862.6265525818
320725,1751924765.9608624,1751925235.41677,batch_consumer-sts-0_20250707_215412_515663.csv,True,False,False,1751925379.8232613,613862.3988628387
320735,1751924765.961088,1751925235.4440055,batch_consumer-sts-0_20250707_215412_515663.csv,True,False,False,1751925379.8232613,613862.1733188629
320745,1751924765.9613185,1751925235.469848,batch_consumer-sts-0_20250707_215412_515663.csv,True,False,False,1751925379.8232613,613861.9427680969
320755,1751924765.9615996,1751925235.4965968,batch_consumer-sts-0_20250707_215412_515663.csv,True,False,False,1751925379.8232613,613861.6616725922
320765,1751924765.961839,1751925235.522712,batch_consumer-sts-0_20250707_215412_515663.csv,True,False,False,1751925379.8232613,613861.4223003387
320775,1751924765.962114,1751925235.5493245,batch_consumer-sts-0_20250707_215412_515663.csv,True,False,False,1751925379.8232613,613861.1471652985
320785,1751924765.96254,1751925235.576289,batch_consumer-sts-0_20250707_215412_515663.csv,True,False,False,1751925379.8232613,613860.7213497162
320795,1751924765.962953,1751925235.6027176,batch_consumer-sts-0_20250707_215412_515663.csv,True,False,False,1751925379.8232613,613860.3081703186
320805,1751924765.963369,1751925235.6294005,batch_consumer-sts-0_20250707_215412_515663.csv,True,False,False,1751925379.8232613,613859.8923683167
320815,1751924765.9637868,1751925235.6566308,batch_consumer-sts-0_20250707_215412_515663.csv,True,False,False,1751925379.8232613,613859.4744205475
320825,1751924765.9642048,1751925235.6836867,batch_consumer-sts-0_20250707_215412_515663.csv,True,False,False,1751925379.8232613,613859.0564727783
320835,1751924765.9646142,1751925235.7098422,batch_consumer-sts-0_20250707_215412_515663.csv,True,False,False,1751925379.8232613,613858.647108078
320845,1751924765.9650297,1751925235.7364278,batch_consumer-sts-0_20250707_215412_515663.csv,True,False,False,1751925379.8232613,613858.2315444946
320855,1751924765.965442,1751925235.7637784,batch_consumer-sts-0_20250707_215412_515663.csv,True,False,False,1751925379.8232613,613857.8193187714
320865,1751924765.9658637,1751925235.790825,batch_consumer-sts-0_20250707_215412_515663.csv,True,False,False,1751925379.8232613,613857.3975563049
320875,1751924765.9662876,1751925235.8164935,batch_consumer-sts-0_20250707_215412_515663.csv,True,False,False,1751925379.8232613,613856.9736480713
320885,1751924765.966706,1751925235.8433752,batch_consumer-sts-0_20250707_215412_515663.csv,True,False,False,1751925379.8232613,613856.555223465
320895,1751924765.9671202,1751925235.8705926,batch_consumer-sts-0_20250707_215412_515663.csv,True,False,False,1751925379.8232613,613856.1410903931
320905,1751924765.967527,1751925235.8970678,batch_consumer-sts-0_20250707_215412_515663.csv,True,False,False,1751925379.8232613,613855.7343482971
320915,1751924765.9678984,1751925235.9234047,batch_consumer-sts-0_20250707_215412_515663.csv,True,False,False,1751925379.8232613,613855.3628921509
320925,1751924765.9683115,1751925235.9507349,batch_consumer-sts-0_20250707_215412_515663.csv,True,False,False,1751925379.8232613,613854.9497127533
320935,1751924765.9687357,1751925235.977306,batch_consumer-sts-0_20250707_215412_515663.csv,True,False,False,1751925379.8232613,613854.5255661011
320945,1751924765.969165,1751925236.0034304,batch_consumer-sts-0_20250707_215412_515663.csv,True,False,False,1751925379.8232613,613854.0961742401
320955,1751924765.9695833,1751925236.0295722,batch_consumer-sts-0_20250707_215412_515663.csv,True,False,False,1751925379.8232613,613853.6779880524
320965,1751924765.9700058,1751925236.056098,batch_consumer-sts-0_20250707_215412_515663.csv,True,False,False,1751925379.8232613,613853.2555103302
320975,1751924765.9714975,1751925236.0830493,batch_consumer-sts-0_20250707_215412_515663.csv,True,False,False,1751925379.8232613,613851.7637252808
320985,1751924765.9719152,1751925236.1090708,batch_consumer-sts-0_20250707_215412_515663.csv,True,False,False,1751925379.8232613,613851.3460159302
320995,1751924765.9723256,1751925236.1356726,batch_consumer-sts-0_20250707_215412_515663.csv,True,False,False,1751925379.8232613,613850.9356975555
321005,1751924765.9727328,1751925236.1618054,batch_consumer-sts-0_20250707_215412_515663.csv,True,False,False,1751925379.8232613,613850.5284786224
321015,1751924765.973147,1751925236.188213,batch_consumer-sts-0_20250707_215412_515663.csv,True,False,False,1751925379.8232613,613850.1143455505
321025,1751924765.9735548,1751925236.2142618,batch_consumer-sts-0_20250707_215412_515663.csv,True,False,False,1751925379.8232613,613849.7064113617
321035,1751924765.974224,1751925236.2406402,batch_consumer-sts-0_20250707_215412_515663.csv,True,False,False,1751925379.8232613,613849.0371704102
321045,1751924765.9746358,1751925236.2673075,batch_consumer-sts-0_20250707_215412_515663.csv,True,False,False,1751925379.8232613,613848.625421524
321055,1751924765.9750414,1751925236.2933204,batch_consumer-sts-0_20250707_215412_515663.csv,True,False,False,1751925379.8232613,613848.219871521
321065,1751924765.9754517,1751925236.318151,batch_consumer-sts-0_20250707_215412_515663.csv,True,False,False,1751925379.8232613,613847.8095531464
321075,1751924765.9758568,1751925236.34408,batch_consumer-sts-0_20250707_215412_515663.csv,True,False,False,1751925379.8232613,613847.4044799805
321085,1751924765.976269,1751925236.3707376,batch_consumer-sts-0_20250707_215412_515663.csv,True,False,False,1751925379.8232613,613846.9922542572
321095,1751924765.9766912,1751925236.3970213,batch_consumer-sts-0_20250707_215412_515663.csv,True,False,False,1751925379.8232613,613846.5700149536
321105,1751924765.9770973,1751925236.4226832,batch_consumer-sts-0_20250707_215412_515663.csv,True,False,False,1751925379.8232613,613846.1639881134
321115,1751924765.9775054,1751925236.5080764,batch_consumer-sts-0_20250707_215412_515663.csv,True,False,False,1751925379.8232613,613845.755815506
321125,1751924765.9779282,1751925236.5346696,batch_consumer-sts-0_20250707_215412_515663.csv,True,False,False,1751925379.8232613,613845.3330993652
321135,1751924765.9783666,1751925236.5608947,batch_consumer-sts-0_20250707_215412_515663.csv,True,False,False,1751925379.8232613,613844.8946475983
321145,1751924765.9787817,1751925236.7473004,batch_consumer-sts-0_20250707_215412_515663.csv,True,False,False,1751925379.8232613,613844.479560852
321155,1751924765.979581,1751925236.7737858,batch_consumer-sts-0_20250707_215412_515663.csv,True,False,False,1751925379.8232613,613843.6801433563
321165,1751924765.9799008,1751925236.7997508,batch_consumer-sts-0_20250707_215412_515663.csv,True,False,False,1751925379.8232613,613843.3604240417
321175,1751924765.9802334,1751925236.8261392,batch_consumer-sts-0_20250707_215412_515663.csv,True,False,False,1751925379.8232613,613843.0278301239
321185,1751924765.9805827,1751925236.8533535,batch_consumer-sts-0_20250707_215412_515663.csv,True,False,False,1751925379.8232613,613842.6785469055
321195,1751924765.981331,1751925236.880128,batch_consumer-sts-0_20250707_215412_515663.csv,True,False,False,1751925379.8232613,613841.9301509857
321205,1751924765.9839516,1751925236.906197,batch_consumer-sts-0_20250707_215412_515663.csv,True,False,False,1751925379.8232613,613839.3096923828
321215,1751924765.984372,1751925236.9326217,batch_consumer-sts-0_20250707_215412_515663.csv,True,False,False,1751925379.8232613,613838.8893604279
321225,1751924765.9847803,1751925237.0152426,batch_consumer-sts-0_20250707_215412_515663.csv,True,False,False,1751925379.8232613,613838.4809494019
321235,1751924765.9852,1751925237.0425396,batch_consumer-sts-0_20250707_215412_515663.csv,True,False,False,1751925379.8232613,613838.0613327026
321245,1751924765.985621,1751925237.069525,batch_consumer-sts-0_20250707_215412_515663.csv,True,False,False,1751925379.8232613,613837.640285492
321255,1751924765.9860363,1751925237.0966382,batch_consumer-sts-0_20250707_215412_515663.csv,True,False,False,1751925379.8232613,613837.2249603271
321265,1751924765.9864647,1751925237.1225855,batch_consumer-sts-0_20250707_215412_515663.csv,True,False,False,1751925379.8232613,613836.7965221405
321275,1751924765.9868877,1751925237.1494622,batch_consumer-sts-0_20250707_215412_515663.csv,True,False,False,1751925379.8232613,613836.3735675812
321285,1751924765.9872973,1751925237.1763215,batch_consumer-sts-0_20250707_215412_515663.csv,True,False,False,1751925379.8232613,613835.9639644623
321295,1751924765.98773,1751925237.202746,batch_consumer-sts-0_20250707_215412_515663.csv,True,False,False,1751925379.8232613,613835.5312347412
321305,1751924765.988145,1751925237.2290933,batch_consumer-sts-0_20250707_215412_515663.csv,True,False,False,1751925379.8232613,613835.116147995
321315,1751924765.988551,1751925237.2562869,batch_consumer-sts-0_20250707_215412_515663.csv,True,False,False,1751925379.8232613,613834.7103595734
321325,1751924765.9889636,1751925237.283316,batch_consumer-sts-0_20250707_215412_515663.csv,True,False,False,1751925379.8232613,613834.2976570129
341075,1751924766.55179,1751925237.3079135,batch_consumer-sts-0_20250707_215412_515663.csv,True,False,False,1751925379.8232613,613271.4712619781
341085,1751924766.5520363,1751925237.3342752,batch_consumer-sts-0_20250707_215412_515663.csv,True,False,False,1751925379.8232613,613271.2249755859
341095,1751924766.5522842,1751925237.3608067,batch_consumer-sts-0_20250707_215412_515663.csv,True,False,False,1751925379.8232613,613270.9770202637
341105,1751924766.5525458,1751925237.3879104,batch_consumer-sts-0_20250707_215412_515663.csv,True,False,False,1751925379.8232613,613270.7154750824
341115,1751924766.5528045,1751925237.4137063,batch_consumer-sts-0_20250707_215412_515663.csv,True,False,False,1751925379.8232613,613270.4567909241
341125,1751924766.553066,1751925237.440331,batch_consumer-sts-0_20250707_215412_515663.csv,True,False,False,1751925379.8232613,613270.1952457428
341135,1751924766.5533123,1751925237.4670398,batch_consumer-sts-0_20250707_215412_515663.csv,True,False,False,1751925379.8232613,613269.9489593506
341145,1751924766.553553,1751925237.494308,batch_consumer-sts-0_20250707_215412_515663.csv,True,False,False,1751925379.8232613,613269.7081565857
341155,1751924766.553817,1751925237.5202491,batch_consumer-sts-0_20250707_215412_515663.csv,True,False,False,1751925379.8232613,613269.4442272186
341165,1751924766.5540657,1751925237.5473778,batch_consumer-sts-0_20250707_215412_515663.csv,True,False,False,1751925379.8232613,613269.1955566406
341175,1751924766.554322,1751925237.574763,batch_consumer-sts-0_20250707_215412_515663.csv,True,False,False,1751925379.8232613,613268.9392566681
341185,1751924766.554558,1751925237.6016133,batch_consumer-sts-0_20250707_215412_515663.csv,True,False,False,1751925379.8232613,613268.7032222748
341195,1751924766.554814,1751925237.6284218,batch_consumer-sts-0_20250707_215412_515663.csv,True,False,False,1751925379.8232613,613268.4471607208
341205,1751924766.5550544,1751925237.6553826,batch_consumer-sts-0_20250707_215412_515663.csv,True,False,False,1751925379.8232613,613268.2068347931
341215,1751924766.555303,1751925237.6821454,batch_consumer-sts-0_20250707_215412_515663.csv,True,False,False,1751925379.8232613,613267.9581642151
341225,1751924766.5555432,1751925237.7080631,batch_consumer-sts-0_20250707_215412_515663.csv,True,False,False,1751925379.8232613,613267.7180767059
341235,1751924766.555784,1751925237.7349968,batch_consumer-sts-0_20250707_215412_515663.csv,True,False,False,1751925379.8232613,613267.477273941
341245,1751924766.5560346,1751925237.7620547,batch_consumer-sts-0_20250707_215412_515663.csv,True,False,False,1751925379.8232613,613267.2266960144
341255,1751924766.556291,1751925237.7888873,batch_consumer-sts-0_20250707_215412_515663.csv,True,False,False,1751925379.8232613,613266.9701576233
341265,1751924766.556545,1751925237.8150938,batch_consumer-sts-0_20250707_215412_515663.csv,True,False,False,1751925379.8232613,613266.7162418365
341275,1751924766.5590284,1751925237.841812,batch_consumer-sts-0_20250707_215412_515663.csv,True,False,False,1751925379.8232613,613264.2328739166
341285,1751924766.559273,1751925237.8683968,batch_consumer-sts-0_20250707_215412_515663.csv,True,False,False,1751925379.8232613,613263.9882564545
341295,1751924766.5594895,1751925237.8954508,batch_consumer-sts-0_20250707_215412_515663.csv,True,False,False,1751925379.8232613,613263.7717723846
341305,1751924766.559689,1751925237.921306,batch_consumer-sts-0_20250707_215412_515663.csv,True,False,False,1751925379.8232613,613263.5722160339
341315,1751924766.559896,1751925237.9504254,batch_consumer-sts-0_20250707_215412_515663.csv,True,False,False,1751925379.8232613,613263.3652687073
341325,1751924766.5603542,1751925237.9784672,batch_consumer-sts-0_20250707_215412_515663.csv,True,False,False,1751925379.8232613,613262.9070281982
341335,1751924766.5608506,1751925238.0085807,batch_consumer-sts-0_20250707_215412_515663.csv,True,False,False,1751925379.8232613,613262.4106407166
341345,1751924766.561082,1751925238.0358584,batch_consumer-sts-0_20250707_215412_515663.csv,True,False,False,1751925379.8232613,613262.1793746948
341355,1751924766.5613086,1751925238.0631895,batch_consumer-sts-0_20250707_215412_515663.csv,True,False,False,1751925379.8232613,613261.9526386261
341365,1751924766.5615463,1751925238.0898368,batch_consumer-sts-0_20250707_215412_515663.csv,True,False,False,1751925379.8232613,613261.7149353027
341375,1751924766.562168,1751925238.116505,batch_consumer-sts-0_20250707_215412_515663.csv,True,False,False,1751925379.8232613,613261.093378067
341385,1751924766.5624073,1751925238.1443834,batch_consumer-sts-0_20250707_215412_515663.csv,True,False,False,1751925379.8232613,613260.8540058136
341395,1751924766.5626397,1751925238.1713686,batch_consumer-sts-0_20250707_215412_515663.csv,True,False,False,1751925379.8232613,613260.621547699
341405,1751924766.563166,1751925239.200673,batch_consumer-sts-0_20250707_215412_515663.csv,True,False,False,1751925379.8232613,613260.0953578949
341415,1751924766.5633953,1751925239.227984,batch_consumer-sts-0_20250707_215412_515663.csv,True,False,False,1751925379.8232613,613259.8659992218
341425,1751924766.5636375,1751925239.255339,batch_consumer-sts-0_20250707_215412_515663.csv,True,False,False,1751925379.8232613,613259.6237659454
341435,1751924766.5643554,1751925239.2834146,batch_consumer-sts-0_20250707_215412_515663.csv,True,False,False,1751925379.8232613,613258.9058876038
341445,1751924766.5645883,1751925239.310069,batch_consumer-sts-0_20250707_215412_515663.csv,True,False,False,1751925379.8232613,613258.672952652
341455,1751924766.5658722,1751925239.336477,batch_consumer-sts-0_20250707_215412_515663.csv,True,False,False,1751925379.8232613,613257.3890686035
341465,1751924766.566102,1751925239.3641503,batch_consumer-sts-0_20250707_215412_515663.csv,True,False,False,1751925379.8232613,613257.1592330933
341475,1751924766.5663414,1751925239.3915546,batch_consumer-sts-0_20250707_215412_515663.csv,True,False,False,1751925379.8232613,613256.9198608398
341485,1751924766.5665774,1751925239.418483,batch_consumer-sts-0_20250707_215412_515663.csv,True,False,False,1751925379.8232613,613256.6838264465
341495,1751924766.5668116,1751925239.4458077,batch_consumer-sts-0_20250707_215412_515663.csv,True,False,False,1751925379.8232613,613256.4496994019
341505,1751924766.5670433,1751925239.472702,batch_consumer-sts-0_20250707_215412_515663.csv,True,False,False,1751925379.8232613,613256.217956543
341515,1751924766.5672853,1751925239.4992683,batch_consumer-sts-0_20250707_215412_515663.csv,True,False,False,1751925379.8232613,613255.9759616852
341525,1751924766.5675294,1751925239.627545,batch_consumer-sts-0_20250707_215412_515663.csv,True,False,False,1751925379.8232613,613255.7318210602
341535,1751924766.567764,1751925239.6538663,batch_consumer-sts-0_20250707_215412_515663.csv,True,False,False,1751925379.8232613,613255.4972171783
341545,1751924766.568004,1751925239.6812787,batch_consumer-sts-0_20250707_215412_515663.csv,True,False,False,1751925379.8232613,613255.2573680878
341555,1751924766.5682504,1751925239.7074964,batch_consumer-sts-0_20250707_215412_515663.csv,True,False,False,1751925379.8232613,613255.010843277
341565,1751924766.568498,1751925239.7339678,batch_consumer-sts-0_20250707_215412_515663.csv,True,False,False,1751925379.8232613,613254.7633647919
341575,1751924766.5687356,1751925239.76084,batch_consumer-sts-0_20250707_215412_515663.csv,True,False,False,1751925379.8232613,613254.5256614685
341585,1751924766.5694582,1751925239.7875898,batch_consumer-sts-0_20250707_215412_515663.csv,True,False,False,1751925379.8232613,613253.8030147552
341595,1751924766.570619,1751925239.8138924,batch_consumer-sts-0_20250707_215412_515663.csv,True,False,False,1751925379.8232613,613252.6421546936
341605,1751924766.571198,1751925239.8397338,batch_consumer-sts-0_20250707_215412_515663.csv,True,False,False,1751925379.8232613,613252.0632743835
341615,1751924766.5714316,1751925239.8665607,batch_consumer-sts-0_20250707_215412_515663.csv,True,False,False,1751925379.8232613,613251.829624176
341625,1751924766.571666,1751925239.8929565,batch_consumer-sts-0_20250707_215412_515663.csv,True,False,False,1751925379.8232613,613251.5952587128
341635,1751924766.5718994,1751925239.919016,batch_consumer-sts-0_20250707_215412_515663.csv,True,False,False,1751925379.8232613,613251.3618469238
341645,1751924766.5721393,1751925239.946012,batch_consumer-sts-0_20250707_215412_515663.csv,True,False,False,1751925379.8232613,613251.1219978333
341655,1751924766.5723698,1751925239.97323,batch_consumer-sts-0_20250707_215412_515663.csv,True,False,False,1751925379.8232613,613250.8914470673
341665,1751924766.5726006,1751925240.000987,batch_consumer-sts-0_20250707_215412_515663.csv,True,False,False,1751925379.8232613,613250.6606578827
341675,1751924766.5728288,1751925240.0276442,batch_consumer-sts-0_20250707_215412_515663.csv,True,False,False,1751925379.8232613,613250.4324913025
341685,1751924766.573068,1751925240.0551944,batch_consumer-sts-0_20250707_215412_515663.csv,True,False,False,1751925379.8232613,613250.1933574677
341695,1751924766.5733004,1751925240.0828245,batch_consumer-sts-0_20250707_215412_515663.csv,True,False,False,1751925379.8232613,613249.960899353
341705,1751924766.573537,1751925240.1093442,batch_consumer-sts-0_20250707_215412_515663.csv,True,False,False,1751925379.8232613,613249.724149704
341715,1751924766.573771,1751925240.1362789,batch_consumer-sts-0_20250707_215412_515663.csv,True,False,False,1751925379.8232613,613249.4902610779
341725,1751924766.5740106,1751925240.1640997,batch_consumer-sts-0_20250707_215412_515663.csv,True,False,False,1751925379.8232613,613249.2506504059
341735,1751924766.5742242,1751925240.191129,batch_consumer-sts-0_20250707_215412_515663.csv,True,False,False,1751925379.8232613,613249.037027359
341745,1751924766.574456,1751925240.2171984,batch_consumer-sts-0_20250707_215412_515663.csv,True,False,False,1751925379.8232613,613248.8052845001
341755,1751924766.574694,1751925240.243781,batch_consumer-sts-0_20250707_215412_515663.csv,True,False,False,1751925379.8232613,613248.5673427582
341765,1751924766.5749266,1751925240.2704947,batch_consumer-sts-0_20250707_215412_515663.csv,True,False,False,1751925379.8232613,613248.334646225
341775,1751924766.5751631,1751925240.2971854,batch_consumer-sts-0_20250707_215412_515663.csv,True,False,False,1751925379.8232613,613248.0981349945
341785,1751924766.5754187,1751925240.3228965,batch_consumer-sts-0_20250707_215412_515663.csv,True,False,False,1751925379.8232613,613247.8425502777
341795,1751924766.5756228,1751925240.3489504,batch_consumer-sts-0_20250707_215412_515663.csv,True,False,False,1751925379.8232613,613247.638463974
341805,1751924766.575879,1751925240.3755364,batch_consumer-sts-0_20250707_215412_515663.csv,True,False,False,1751925379.8232613,613247.3821640015
341815,1751924766.5761163,1751925240.4022856,batch_consumer-sts-0_20250707_215412_515663.csv,True,False,False,1751925379.8232613,613247.1449375153
341825,1751924766.5763636,1751925240.4286616,batch_consumer-sts-0_20250707_215412_515663.csv,True,False,False,1751925379.8232613,613246.8976974487
341835,1751924766.576597,1751925240.4555368,batch_consumer-sts-0_20250707_215412_515663.csv,True,False,False,1751925379.8232613,613246.6642856598
341845,1751924766.5768404,1751925240.4822652,batch_consumer-sts-0_20250707_215412_515663.csv,True,False,False,1751925379.8232613,613246.4208602905
341855,1751924766.5770772,1751925240.508672,batch_consumer-sts-0_20250707_215412_515663.csv,True,False,False,1751925379.8232613,613246.1841106415
341865,1751924766.5773113,1751925240.5353515,batch_consumer-sts-0_20250707_215412_515663.csv,True,False,False,1751925379.8232613,613245.9499835968
341875,1751924766.5775554,1751925240.5626,batch_consumer-sts-0_20250707_215412_515663.csv,True,False,False,1751925379.8232613,613245.7058429718
341885,1751924766.577798,1751925240.5892067,batch_consumer-sts-0_20250707_215412_515663.csv,True,False,False,1751925379.8232613,613245.4633712769
341895,1751924766.5780303,1751925240.6148157,batch_consumer-sts-0_20250707_215412_515663.csv,True,False,False,1751925379.8232613,613245.2309131622
341905,1751924766.578276,1751925240.6418378,batch_consumer-sts-0_20250707_215412_515663.csv,True,False,False,1751925379.8232613,613244.9853420258
341915,1751924766.5785122,1751925240.6678567,batch_consumer-sts-0_20250707_215412_515663.csv,True,False,False,1751925379.8232613,613244.7490692139
341925,1751924766.5787497,1751925240.6945505,batch_consumer-sts-0_20250707_215412_515663.csv,True,False,False,1751925379.8232613,613244.5116043091
341935,1751924766.5789893,1751925240.7206426,batch_consumer-sts-0_20250707_215412_515663.csv,True,False,False,1751925379.8232613,613244.2719936371
341945,1751924766.5792303,1751925240.7471566,batch_consumer-sts-0_20250707_215412_515663.csv,True,False,False,1751925379.8232613,613244.0309524536
341955,1751924766.5794678,1751925240.7724202,batch_consumer-sts-0_20250707_215412_515663.csv,True,False,False,1751925379.8232613,613243.7934875488
341965,1751924766.5797088,1751925240.7985296,batch_consumer-sts-0_20250707_215412_515663.csv,True,False,False,1751925379.8232613,613243.5524463654
341975,1751924766.5799506,1751925240.824612,batch_consumer-sts-0_20250707_215412_515663.csv,True,False,False,1751925379.8232613,613243.3106899261
341985,1751924766.580191,1751925240.8509016,batch_consumer-sts-0_20250707_215412_515663.csv,True,False,False,1751925379.8232613,613243.0703639984
341995,1751924766.5804331,1751925240.8772647,batch_consumer-sts-0_20250707_215412_515663.csv,True,False,False,1751925379.8232613,613242.828130722
342005,1751924766.5807643,1751925240.9033434,batch_consumer-sts-0_20250707_215412_515663.csv,True,False,False,1751925379.8232613,613242.4969673157
342015,1751924766.5810823,1751925240.9290884,batch_consumer-sts-0_20250707_215412_515663.csv,True,False,False,1751925379.8232613,613242.1789169312
342025,1751924766.581309,1751925240.955338,batch_consumer-sts-0_20250707_215412_515663.csv,True,False,False,1751925379.8232613,613241.9521808624
342035,1751924766.5815425,1751925240.9815564,batch_consumer-sts-0_20250707_215412_515663.csv,True,False,False,1751925379.8232613,613241.7187690735
342045,1751924766.5817745,1751925241.0077465,batch_consumer-sts-0_20250707_215412_515663.csv,True,False,False,1751925379.8232613,613241.486787796
342055,1751924766.5820105,1751925241.0348334,batch_consumer-sts-0_20250707_215412_515663.csv,True,False,False,1751925379.8232613,613241.2507534027
342065,1751924766.5823448,1751925241.0613148,batch_consumer-sts-0_20250707_215412_515663.csv,True,False,False,1751925379.8232613,613240.9164905548
342075,1751924766.5825715,1751925241.0877707,batch_consumer-sts-0_20250707_215412_515663.csv,True,False,False,1751925379.8232613,613240.6897544861
342085,1751924766.582796,1751925241.113865,batch_consumer-sts-0_20250707_215412_515663.csv,True,False,False,1751925379.8232613,613240.4651641846
342095,1751924766.5830257,1751925241.1408331,batch_consumer-sts-0_20250707_215412_515663.csv,True,False,False,1751925379.8232613,613240.2355670929
342105,1751924766.583259,1751925241.167722,batch_consumer-sts-0_20250707_215412_515663.csv,True,False,False,1751925379.8232613,613240.002155304
342115,1751924766.5835006,1751925241.194462,batch_consumer-sts-0_20250707_215412_515663.csv,True,False,False,1751925379.8232613,613239.7606372833
342125,1751924766.5838196,1751925241.2207131,batch_consumer-sts-0_20250707_215412_515663.csv,True,False,False,1751925379.8232613,613239.4416332245
342135,1751924766.584056,1751925241.2466962,batch_consumer-sts-0_20250707_215412_515663.csv,True,False,False,1751925379.8232613,613239.2053604126
342145,1751924766.584288,1751925241.2734127,batch_consumer-sts-0_20250707_215412_515663.csv,True,False,False,1751925379.8232613,613238.9733791351
342155,1751924766.5845258,1751925241.3005407,batch_consumer-sts-0_20250707_215412_515663.csv,True,False,False,1751925379.8232613,613238.7354373932
342165,1751924766.5847597,1751925241.32697,batch_consumer-sts-0_20250707_215412_515663.csv,True,False,False,1751925379.8232613,613238.5015487671
342175,1751924766.5849965,1751925241.3535776,batch_consumer-sts-0_20250707_215412_515663.csv,True,False,False,1751925379.8232613,613238.264799118
342185,1751924766.5852437,1751925241.3803997,batch_consumer-sts-0_20250707_215412_515663.csv,True,False,False,1751925379.8232613,613238.0175590515
342195,1751924766.5854874,1751925241.4071014,batch_consumer-sts-0_20250707_215412_515663.csv,True,False,False,1751925379.8232613,613237.7738952637
342205,1751924766.5857298,1751925241.433947,batch_consumer-sts-0_20250707_215412_515663.csv,True,False,False,1751925379.8232613,613237.5314235687
342215,1751924766.5859735,1751925241.4607346,batch_consumer-sts-0_20250707_215412_515663.csv,True,False,False,1751925379.8232613,613237.2877597809
342225,1751924766.5862262,1751925241.4877932,batch_consumer-sts-0_20250707_215412_515663.csv,True,False,False,1751925379.8232613,613237.035036087
342235,1751924766.586471,1751925241.5139277,batch_consumer-sts-0_20250707_215412_515663.csv,True,False,False,1751925379.8232613,613236.7901802063
342245,1751924766.5867093,1751925241.5405698,batch_consumer-sts-0_20250707_215412_515663.csv,True,False,False,1751925379.8232613,613236.5520000458
342255,1751924766.5871403,1751925241.631281,batch_consumer-sts-0_20250707_215412_515663.csv,True,False,False,1751925379.8232613,613236.1209392548
342265,1751924766.5873897,1751925241.6581662,batch_consumer-sts-0_20250707_215412_515663.csv,True,False,False,1751925379.8232613,613235.871553421
342275,1751924766.5876365,1751925241.685014,batch_consumer-sts-0_20250707_215412_515663.csv,True,False,False,1751925379.8232613,613235.6247901917
342285,1751924766.5878818,1751925241.7109077,batch_consumer-sts-0_20250707_215412_515663.csv,True,False,False,1751925379.8232613,613235.3794574738
342295,1751924766.5881245,1751925241.7372022,batch_consumer-sts-0_20250707_215412_515663.csv,True,False,False,1751925379.8232613,613235.1367473602
342305,1751924766.588369,1751925241.764902,batch_consumer-sts-0_20250707_215412_515663.csv,True,False,False,1751925379.8232613,613234.8923683167
342315,1751924766.5886078,1751925241.7917411,batch_consumer-sts-0_20250707_215412_515663.csv,True,False,False,1751925379.8232613,613234.6534729004
342325,1751924766.5888543,1751925241.8177805,batch_consumer-sts-0_20250707_215412_515663.csv,True,False,False,1751925379.8232613,613234.4069480896
342335,1751924766.5890956,1751925241.8441782,batch_consumer-sts-0_20250707_215412_515663.csv,True,False,False,1751925379.8232613,613234.1656684875
342345,1751924766.5893376,1751925241.8758273,batch_consumer-sts-0_20250707_215412_515663.csv,True,False,False,1751925379.8232613,613233.9236736298
342355,1751924766.589584,1751925241.9028213,batch_consumer-sts-0_20250707_215412_515663.csv,True,False,False,1751925379.8232613,613233.677148819
342365,1751924766.5898232,1751925241.929917,batch_consumer-sts-0_20250707_215412_515663.csv,True,False,False,1751925379.8232613,613233.4380149841
342375,1751924766.5900643,1751925242.2541573,batch_consumer-sts-0_20250707_215412_515663.csv,True,False,False,1751925379.8232613,613233.1969738007
342385,1751924766.590305,1751925242.2806568,batch_consumer-sts-0_20250707_215412_515663.csv,True,False,False,1751925379.8232613,613232.9561710358
342395,1751924766.5905695,1751925242.3070266,batch_consumer-sts-0_20250707_215412_515663.csv,True,False,False,1751925379.8232613,613232.6917648315
342405,1751924766.590806,1751925242.3339138,batch_consumer-sts-0_20250707_215412_515663.csv,True,False,False,1751925379.8232613,613232.4552536011
342415,1751924766.591058,1751925242.3613403,batch_consumer-sts-0_20250707_215412_515663.csv,True,False,False,1751925379.8232613,613232.203245163
342425,1751924766.5912886,1751925242.3887508,batch_consumer-sts-0_20250707_215412_515663.csv,True,False,False,1751925379.8232613,613231.972694397
342435,1751924766.591514,1751925242.4148166,batch_consumer-sts-0_20250707_215412_515663.csv,True,False,False,1751925379.8232613,613231.7471504211
342445,1751924766.5917215,1751925242.4413393,batch_consumer-sts-0_20250707_215412_515663.csv,True,False,False,1751925379.8232613,613231.5397262573
342455,1751924766.591971,1751925242.467778,batch_consumer-sts-0_20250707_215412_515663.csv,True,False,False,1751925379.8232613,613231.2903404236
342465,1751924766.5922112,1751925242.4941044,batch_consumer-sts-0_20250707_215412_515663.csv,True,False,False,1751925379.8232613,613231.0500144958
342475,1751924766.5924544,1751925242.5197003,batch_consumer-sts-0_20250707_215412_515663.csv,True,False,False,1751925379.8232613,613230.8068275452
342485,1751924766.592904,1751925242.5488667,batch_consumer-sts-0_20250707_215412_515663.csv,True,False,False,1751925379.8232613,613230.357170105
342495,1751924766.593148,1751925242.5753274,batch_consumer-sts-0_20250707_215412_515663.csv,True,False,False,1751925379.8232613,613230.1132678986
342505,1751924766.5933857,1751925242.601773,batch_consumer-sts-0_20250707_215412_515663.csv,True,False,False,1751925379.8232613,613229.8755645752
342515,1751924766.593631,1751925242.6283906,batch_consumer-sts-0_20250707_215412_515663.csv,True,False,False,1751925379.8232613,613229.6302318573
342525,1751924766.5938845,1751925242.6553423,batch_consumer-sts-0_20250707_215412_515663.csv,True,False,False,1751925379.8232613,613229.3767929077
342535,1751924766.594127,1751925242.6814833,batch_consumer-sts-0_20250707_215412_515663.csv,True,False,False,1751925379.8232613,613229.1343212128
342545,1751924766.5943692,1751925242.707562,batch_consumer-sts-0_20250707_215412_515663.csv,True,False,False,1751925379.8232613,613228.8920879364
342555,1751924766.5946083,1751925242.7341907,batch_consumer-sts-0_20250707_215412_515663.csv,True,False,False,1751925379.8232613,613228.6529541016
342565,1751924766.5948396,1751925242.7611153,batch_consumer-sts-0_20250707_215412_515663.csv,True,False,False,1751925379.8232613,613228.4216880798
342575,1751924766.5950782,1751925242.788254,batch_consumer-sts-0_20250707_215412_515663.csv,True,False,False,1751925379.8232613,613228.1830310822
342585,1751924766.5953157,1751925242.8144524,batch_consumer-sts-0_20250707_215412_515663.csv,True,False,False,1751925379.8232613,613227.9455661774
342595,1751924766.595566,1751925242.8417804,batch_consumer-sts-0_20250707_215412_515663.csv,True,False,False,1751925379.8232613,613227.6952266693
342605,1751924766.595801,1751925242.8686824,batch_consumer-sts-0_20250707_215412_515663.csv,True,False,False,1751925379.8232613,613227.4601459503
342615,1751924766.596048,1751925242.89544,batch_consumer-sts-0_20250707_215412_515663.csv,True,False,False,1751925379.8232613,613227.2131443024
342625,1751924766.5962946,1751925242.921451,batch_consumer-sts-0_20250707_215412_515663.csv,True,False,False,1751925379.8232613,613226.9666194916
342635,1751924766.596532,1751925242.948314,batch_consumer-sts-0_20250707_215412_515663.csv,True,False,False,1751925379.8232613,613226.7291545868
342645,1751924766.5967662,1751925242.9745903,batch_consumer-sts-0_20250707_215412_515663.csv,True,False,False,1751925379.8232613,613226.4950275421
342655,1751924766.596998,1751925243.000872,batch_consumer-sts-0_20250707_215412_515663.csv,True,False,False,1751925379.8232613,613226.2632846832
342665,1751924766.597232,1751925243.0268288,batch_consumer-sts-0_20250707_215412_515663.csv,True,False,False,1751925379.8232613,613226.0291576385
342675,1751924766.5974674,1751925243.0531976,batch_consumer-sts-0_20250707_215412_515663.csv,True,False,False,1751925379.8232613,613225.793838501
342685,1751924766.597704,1751925243.0810828,batch_consumer-sts-0_20250707_215412_515663.csv,True,False,False,1751925379.8232613,613225.5573272705
342695,1751924766.5979488,1751925243.1070764,batch_consumer-sts-0_20250707_215412_515663.csv,True,False,False,1751925379.8232613,613225.3124713898
342705,1751924766.5981884,1751925243.1337385,batch_consumer-sts-0_20250707_215412_515663.csv,True,False,False,1751925379.8232613,613225.0728607178
342715,1751924766.5984385,1751925243.1607535,batch_consumer-sts-0_20250707_215412_515663.csv,True,False,False,1751925379.8232613,613224.8227596283
342725,1751924766.598675,1751925243.1882195,batch_consumer-sts-0_20250707_215412_515663.csv,True,False,False,1751925379.8232613,613224.5862483978
342735,1751924766.5989096,1751925243.2149174,batch_consumer-sts-0_20250707_215412_515663.csv,True,False,False,1751925379.8232613,613224.351644516
342745,1751924766.5991535,1751925243.2422144,batch_consumer-sts-0_20250707_215412_515663.csv,True,False,False,1751925379.8232613,613224.1077423096
342755,1751924766.5993934,1751925243.269391,batch_consumer-sts-0_20250707_215412_515663.csv,True,False,False,1751925379.8232613,613223.867893219
342765,1751924766.5996268,1751925243.2965157,batch_consumer-sts-0_20250707_215412_515663.csv,True,False,False,1751925379.8232613,613223.63448143
342775,1751924766.599861,1751925243.3233798,batch_consumer-sts-0_20250707_215412_515663.csv,True,False,False,1751925379.8232613,613223.4003543854
342785,1751924766.6002736,1751925243.3507874,batch_consumer-sts-0_20250707_215412_515663.csv,True,False,False,1751925379.8232613,613222.987651825
342795,1751924766.6006503,1751925243.3782384,batch_consumer-sts-0_20250707_215412_515663.csv,True,False,False,1751925379.8232613,613222.61095047
342805,1751924766.600886,1751925244.407046,batch_consumer-sts-0_20250707_215412_515663.csv,True,False,False,1751925379.8232613,613222.3751544952
342815,1751924766.6012783,1751925244.4321692,batch_consumer-sts-0_20250707_215412_515663.csv,True,False,False,1751925379.8232613,613221.9829559326
342825,1751924766.6015108,1751925244.45864,batch_consumer-sts-0_20250707_215412_515663.csv,True,False,False,1751925379.8232613,613221.750497818
342835,1751924766.6017458,1751925244.4850812,batch_consumer-sts-0_20250707_215412_515663.csv,True,False,False,1751925379.8232613,613221.515417099
342845,1751924766.601981,1751925244.5110168,batch_consumer-sts-0_20250707_215412_515663.csv,True,False,False,1751925379.8232613,613221.28033638
342855,1751924766.602219,1751925244.5371888,batch_consumer-sts-0_20250707_215412_515663.csv,True,False,False,1751925379.8232613,613221.0421562195
342865,1751924766.602453,1751925244.5639586,batch_consumer-sts-0_20250707_215412_515663.csv,True,False,False,1751925379.8232613,613220.8082675934
342875,1751924766.6027026,1751925244.5894165,batch_consumer-sts-0_20250707_215412_515663.csv,True,False,False,1751925379.8232613,613220.5586433411
342885,1751924766.6030917,1751925244.6152792,batch_consumer-sts-0_20250707_215412_515663.csv,True,False,False,1751925379.8232613,613220.16954422
342895,1751924766.6033318,1751925244.854625,batch_consumer-sts-0_20250707_215412_515663.csv,True,False,False,1751925379.8232613,613219.9294567108
342905,1751924766.6035545,1751925244.8814523,batch_consumer-sts-0_20250707_215412_515663.csv,True,False,False,1751925379.8232613,613219.7067737579
342915,1751924766.6037886,1751925244.9078746,batch_consumer-sts-0_20250707_215412_515663.csv,True,False,False,1751925379.8232613,613219.4726467133
342925,1751924766.604016,1751925244.9345162,batch_consumer-sts-0_20250707_215412_515663.csv,True,False,False,1751925379.8232613,613219.2451953888
342935,1751924766.604249,1751925244.961254,batch_consumer-sts-0_20250707_215412_515663.csv,True,False,False,1751925379.8232613,613219.012260437
342945,1751924766.6044824,1751925244.987693,batch_consumer-sts-0_20250707_215412_515663.csv,True,False,False,1751925379.8232613,613218.7788486481
342955,1751924766.6047215,1751925245.0138164,batch_consumer-sts-0_20250707_215412_515663.csv,True,False,False,1751925379.8232613,613218.5397148132
342965,1751924766.6049504,1751925245.0403318,batch_consumer-sts-0_20250707_215412_515663.csv,True,False,False,1751925379.8232613,613218.3108329773
342975,1751924766.6051884,1751925245.066962,batch_consumer-sts-0_20250707_215412_515663.csv,True,False,False,1751925379.8232613,613218.0728912354
342985,1751924766.6054175,1751925245.093849,batch_consumer-sts-0_20250707_215412_515663.csv,True,False,False,1751925379.8232613,613217.8437709808
342995,1751924766.6056614,1751925245.1196856,batch_consumer-sts-0_20250707_215412_515663.csv,True,False,False,1751925379.8232613,613217.5998687744
343005,1751924766.605903,1751925245.146804,batch_consumer-sts-0_20250707_215412_515663.csv,True,False,False,1751925379.8232613,613217.3583507538
343015,1751924766.6061466,1751925245.1735146,batch_consumer-sts-0_20250707_215412_515663.csv,True,False,False,1751925379.8232613,613217.114686966
343025,1751924766.6064076,1751925245.2006123,batch_consumer-sts-0_20250707_215412_515663.csv,True,False,False,1751925379.8232613,613216.8536186218
343035,1751924766.6066422,1751925245.227263,batch_consumer-sts-0_20250707_215412_515663.csv,True,False,False,1751925379.8232613,613216.61901474
343045,1751924766.6068811,1751925245.2538831,batch_consumer-sts-0_20250707_215412_515663.csv,True,False,False,1751925379.8232613,613216.3801193237
343055,1751924766.607129,1751925245.280412,batch_consumer-sts-0_20250707_215412_515663.csv,True,False,False,1751925379.8232613,613216.1321640015
343065,1751924766.607398,1751925245.3065994,batch_consumer-sts-0_20250707_215412_515663.csv,True,False,False,1751925379.8232613,613215.8632278442
343075,1751924766.607608,1751925245.3324368,batch_consumer-sts-0_20250707_215412_515663.csv,True,False,False,1751925379.8232613,613215.653181076
343085,1751924766.6078012,1751925245.3590522,batch_consumer-sts-0_20250707_215412_515663.csv,True,False,False,1751925379.8232613,613215.460062027
343095,1751924766.608001,1751925245.3856692,batch_consumer-sts-0_20250707_215412_515663.csv,True,False,False,1751925379.8232613,613215.2602672577
343105,1751924766.608194,1751925245.4116695,batch_consumer-sts-0_20250707_215412_515663.csv,True,False,False,1751925379.8232613,613215.0671482086
343115,1751924766.6083896,1751925245.438435,batch_consumer-sts-0_20250707_215412_515663.csv,True,False,False,1751925379.8232613,613214.8716449738
343125,1751924766.6085894,1751925245.4652083,batch_consumer-sts-0_20250707_215412_515663.csv,True,False,False,1751925379.8232613,613214.6718502045
343135,1751924766.608811,1751925245.4916022,batch_consumer-sts-0_20250707_215412_515663.csv,True,False,False,1751925379.8232613,613214.4503593445
343145,1751924766.6090271,1751925245.5172682,batch_consumer-sts-0_20250707_215412_515663.csv,True,False,False,1751925379.8232613,613214.2341136932
343155,1751924766.609253,1751925245.5439298,batch_consumer-sts-0_20250707_215412_515663.csv,True,False,False,1751925379.8232613,613214.0083312988
343165,1751924766.6099443,1751925245.5706425,batch_consumer-sts-0_20250707_215412_515663.csv,True,False,False,1751925379.8232613,613213.3169174194
343175,1751924766.610193,1751925245.5969248,batch_consumer-sts-0_20250707_215412_515663.csv,True,False,False,1751925379.8232613,613213.0682468414
343185,1751924766.6110103,1751925245.6227586,batch_consumer-sts-0_20250707_215412_515663.csv,True,False,False,1751925379.8232613,613212.2509479523
343195,1751924766.6112466,1751925245.649609,batch_consumer-sts-0_20250707_215412_515663.csv,True,False,False,1751925379.8232613,613212.0146751404
343205,1751924766.6114817,1751925245.6766713,batch_consumer-sts-0_20250707_215412_515663.csv,True,False,False,1751925379.8232613,613211.7795944214
343215,1751924766.611711,1751925245.7030673,batch_consumer-sts-0_20250707_215412_515663.csv,True,False,False,1751925379.8232613,613211.5502357483
343225,1751924766.6119945,1751925245.7291524,batch_consumer-sts-0_20250707_215412_515663.csv,True,False,False,1751925379.8232613,613211.2667560577
343235,1751924766.6122591,1751925245.754753,batch_consumer-sts-0_20250707_215412_515663.csv,True,False,False,1751925379.8232613,613211.0021114349
343245,1751924766.6124992,1751925245.7810133,batch_consumer-sts-0_20250707_215412_515663.csv,True,False,False,1751925379.8232613,613210.7620239258
343255,1751924766.6127293,1751925245.807232,batch_consumer-sts-0_20250707_215412_515663.csv,True,False,False,1751925379.8232613,613210.531949997
343265,1751924766.6137087,1751925245.834095,batch_consumer-sts-0_20250707_215412_515663.csv,True,False,False,1751925379.8232613,613209.552526474
343275,1751924766.613952,1751925245.8603692,batch_consumer-sts-0_20250707_215412_515663.csv,True,False,False,1751925379.8232613,613209.3093395233
343285,1751924766.6141934,1751925245.8871114,batch_consumer-sts-0_20250707_215412_515663.csv,True,False,False,1751925379.8232613,613209.0678215027
343295,1751924766.614426,1751925245.9144435,batch_consumer-sts-0_20250707_215412_515663.csv,True,False,False,1751925379.8232613,613208.8353633881
343305,1751924766.6146502,1751925245.9409196,batch_consumer-sts-0_20250707_215412_515663.csv,True,False,False,1751925379.8232613,613208.6110115051
343315,1751924766.6148822,1751925245.9681172,batch_consumer-sts-0_20250707_215412_515663.csv,True,False,False,1751925379.8232613,613208.3790302277
343325,1751924766.6151145,1751925245.9945016,batch_consumer-sts-0_20250707_215412_515663.csv,True,False,False,1751925379.8232613,613208.1468105316
343335,1751924766.6153493,1751925246.0204997,batch_consumer-sts-0_20250707_215412_515663.csv,True,False,False,1751925379.8232613,613207.9119682312
343345,1751924766.6155858,1751925246.0468287,batch_consumer-sts-0_20250707_215412_515663.csv,True,False,False,1751925379.8232613,613207.6754570007
343355,1751924766.615829,1751925246.0731194,batch_consumer-sts-0_20250707_215412_515663.csv,True,False,False,1751925379.8232613,613207.43227005
343365,1751924766.6160638,1751925246.09963,batch_consumer-sts-0_20250707_215412_515663.csv,True,False,False,1751925379.8232613,613207.1974277496
343375,1751924766.6163006,1751925246.1257648,batch_consumer-sts-0_20250707_215412_515663.csv,True,False,False,1751925379.8232613,613206.9606781006
343385,1751924766.6165438,1751925246.1522496,batch_consumer-sts-0_20250707_215412_515663.csv,True,False,False,1751925379.8232613,613206.7174911499
343395,1751924766.616773,1751925246.1862888,batch_consumer-sts-0_20250707_215412_515663.csv,True,False,False,1751925379.8232613,613206.4883708954
343405,1751924766.6170013,1751925246.2122047,batch_consumer-sts-0_20250707_215412_515663.csv,True,False,False,1751925379.8232613,613206.2599658966
343415,1751924766.617236,1751925246.238809,batch_consumer-sts-0_20250707_215412_515663.csv,True,False,False,1751925379.8232613,613206.0253620148
343425,1751924766.617467,1751925246.2650452,batch_consumer-sts-0_20250707_215412_515663.csv,True,False,False,1751925379.8232613,613205.7943344116
343435,1751924766.617698,1751925246.2914464,batch_consumer-sts-0_20250707_215412_515663.csv,True,False,False,1751925379.8232613,613205.5633068085
343445,1751924766.6179338,1751925246.3169022,batch_consumer-sts-0_20250707_215412_515663.csv,True,False,False,1751925379.8232613,613205.3275108337
343455,1751924766.6181734,1751925246.343474,batch_consumer-sts-0_20250707_215412_515663.csv,True,False,False,1751925379.8232613,613205.0879001617
343465,1751924766.6184056,1751925246.3704216,batch_consumer-sts-0_20250707_215412_515663.csv,True,False,False,1751925379.8232613,613204.8556804657
343475,1751924766.618644,1751925246.396701,batch_consumer-sts-0_20250707_215412_515663.csv,True,False,False,1751925379.8232613,613204.6172618866
343485,1751924766.6188743,1751925246.4228137,batch_consumer-sts-0_20250707_215412_515663.csv,True,False,False,1751925379.8232613,613204.3869495392
343495,1751924766.61911,1751925246.449262,batch_consumer-sts-0_20250707_215412_515663.csv,True,False,False,1751925379.8232613,613204.1511535645
343505,1751924766.6193416,1751925246.4758265,batch_consumer-sts-0_20250707_215412_515663.csv,True,False,False,1751925379.8232613,613203.9196491241
343515,1751924766.6195738,1751925246.5013509,batch_consumer-sts-0_20250707_215412_515663.csv,True,False,False,1751925379.8232613,613203.6874294281
343525,1751924766.6198163,1751925246.527758,batch_consumer-sts-0_20250707_215412_515663.csv,True,False,False,1751925379.8232613,613203.4449577332
343535,1751924766.6200635,1751925246.5542212,batch_consumer-sts-0_20250707_215412_515663.csv,True,False,False,1751925379.8232613,613203.1977176666
343545,1751924766.6214492,1751925246.5802908,batch_consumer-sts-0_20250707_215412_515663.csv,True,False,False,1751925379.8232613,613201.8120288849
343555,1751924766.621809,1751925246.606379,batch_consumer-sts-0_20250707_215412_515663.csv,True,False,False,1751925379.8232613,613201.452255249
343565,1751924766.6221824,1751925246.632592,batch_consumer-sts-0_20250707_215412_515663.csv,True,False,False,1751925379.8232613,613201.0788917542
343575,1751924766.6224077,1751925246.6592958,batch_consumer-sts-0_20250707_215412_515663.csv,True,False,False,1751925379.8232613,613200.8535861969
343585,1751924766.6226354,1751925246.7944098,batch_consumer-sts-0_20250707_215412_515663.csv,True,False,False,1751925379.8232613,613200.6258964539
343595,1751924766.6228647,1751925246.820149,batch_consumer-sts-0_20250707_215412_515663.csv,True,False,False,1751925379.8232613,613200.3965377808
343605,1751924766.623094,1751925246.8469837,batch_consumer-sts-0_20250707_215412_515663.csv,True,False,False,1751925379.8232613,613200.1671791077
343615,1751924766.6234484,1751925246.875523,batch_consumer-sts-0_20250707_215412_515663.csv,True,False,False,1751925379.8232613,613199.8128890991
343625,1751924766.6236782,1751925246.902146,batch_consumer-sts-0_20250707_215412_515663.csv,True,False,False,1751925379.8232613,613199.5830535889
343635,1751924766.6239116,1751925246.928886,batch_consumer-sts-0_20250707_215412_515663.csv,True,False,False,1751925379.8232613,613199.3496417999
343645,1751924766.6241407,1751925246.9562128,batch_consumer-sts-0_20250707_215412_515663.csv,True,False,False,1751925379.8232613,613199.1205215454
343655,1751924766.6243842,1751925246.9834888,batch_consumer-sts-0_20250707_215412_515663.csv,True,False,False,1751925379.8232613,613198.8770961761
343665,1751924766.6246169,1751925247.010093,batch_consumer-sts-0_20250707_215412_515663.csv,True,False,False,1751925379.8232613,613198.644399643
343675,1751924766.6248517,1751925247.0369,batch_consumer-sts-0_20250707_215412_515663.csv,True,False,False,1751925379.8232613,613198.4095573425
343685,1751924766.6250837,1751925247.0634546,batch_consumer-sts-0_20250707_215412_515663.csv,True,False,False,1751925379.8232613,613198.1775760651
343695,1751924766.6252675,1751925247.0903127,batch_consumer-sts-0_20250707_215412_515663.csv,True,False,False,1751925379.8232613,613197.9937553406
343705,1751924766.625448,1751925247.1166215,batch_consumer-sts-0_20250707_215412_515663.csv,True,False,False,1751925379.8232613,613197.8132724762
343715,1751924766.6256368,1751925247.1434808,batch_consumer-sts-0_20250707_215412_515663.csv,True,False,False,1751925379.8232613,613197.6244449615
343725,1751924766.625821,1751925247.171002,batch_consumer-sts-0_20250707_215412_515663.csv,True,False,False,1751925379.8232613,613197.4401473999
343735,1751924766.6260328,1751925247.2768054,batch_consumer-sts-0_20250707_215412_515663.csv,True,False,False,1751925379.8232613,613197.2284317017
343745,1751924766.6262608,1751925247.3036466,batch_consumer-sts-0_20250707_215412_515663.csv,True,False,False,1751925379.8232613,613197.00050354
343755,1751924766.6264973,1751925247.3303776,batch_consumer-sts-0_20250707_215412_515663.csv,True,False,False,1751925379.8232613,613196.7639923096
343765,1751924766.6267374,1751925247.3564262,batch_consumer-sts-0_20250707_215412_515663.csv,True,False,False,1751925379.8232613,613196.5239048004
343775,1751924766.6269794,1751925247.3836803,batch_consumer-sts-0_20250707_215412_515663.csv,True,False,False,1751925379.8232613,613196.2819099426
343785,1751924766.6275504,1751925247.4100478,batch_consumer-sts-0_20250707_215412_515663.csv,True,False,False,1751925379.8232613,613195.7108974457
343795,1751924766.6277874,1751925247.4374647,batch_consumer-sts-0_20250707_215412_515663.csv,True,False,False,1751925379.8232613,613195.473909378
343805,1751924766.6283374,1751925247.464485,batch_consumer-sts-0_20250707_215412_515663.csv,True,False,False,1751925379.8232613,613194.9238777161
343815,1751924766.6285708,1751925247.5002265,batch_consumer-sts-0_20250707_215412_515663.csv,True,False,False,1751925379.8232613,613194.6904659271
343825,1751924766.6288068,1751925247.5272346,batch_consumer-sts-0_20250707_215412_515663.csv,True,False,False,1751925379.8232613,613194.4544315338
343835,1751924766.6296902,1751925247.554425,batch_consumer-sts-0_20250707_215412_515663.csv,True,False,False,1751925379.8232613,613193.5710906982
343845,1751924766.6299212,1751925247.580352,batch_consumer-sts-0_20250707_215412_515663.csv,True,False,False,1751925379.8232613,613193.3400630951
343855,1751924766.6301603,1751925248.0744698,batch_consumer-sts-0_20250707_215412_515663.csv,True,False,False,1751925379.8232613,613193.1009292603
343865,1751924766.63039,1751925248.1009643,batch_consumer-sts-0_20250707_215412_515663.csv,True,False,False,1751925379.8232613,613192.8713321686
343875,1751924766.630618,1751925248.1281905,batch_consumer-sts-0_20250707_215412_515663.csv,True,False,False,1751925379.8232613,613192.6431655884
343885,1751924766.6308477,1751925248.155024,batch_consumer-sts-0_20250707_215412_515663.csv,True,False,False,1751925379.8232613,613192.4135684967
343895,1751924766.631075,1751925248.1819408,batch_consumer-sts-0_20250707_215412_515663.csv,True,False,False,1751925379.8232613,613192.1863555908
343905,1751924766.6313064,1751925248.208147,batch_consumer-sts-0_20250707_215412_515663.csv,True,False,False,1751925379.8232613,613191.9548511505
343915,1751924766.6315367,1751925248.235386,batch_consumer-sts-0_20250707_215412_515663.csv,True,False,False,1751925379.8232613,613191.7245388031
343925,1751924766.6317675,1751925248.262937,batch_consumer-sts-0_20250707_215412_515663.csv,True,False,False,1751925379.8232613,613191.4937496185
382675,1751924767.6359656,1751925248.2898748,batch_consumer-sts-0_20250707_215412_515663.csv,True,False,False,1751925379.8232613,612187.2956752777
382685,1751924767.6361623,1751925248.316259,batch_consumer-sts-0_20250707_215412_515663.csv,True,False,False,1751925379.8232613,612187.09897995
382695,1751924767.6363714,1751925248.3434153,batch_consumer-sts-0_20250707_215412_515663.csv,True,False,False,1751925379.8232613,612186.8898868561
382705,1751924767.636611,1751925248.3707445,batch_consumer-sts-0_20250707_215412_515663.csv,True,False,False,1751925379.8232613,612186.6502761841
382715,1751924767.6368449,1751925248.3983848,batch_consumer-sts-0_20250707_215412_515663.csv,True,False,False,1751925379.8232613,612186.416387558
382725,1751924767.6373527,1751925248.4262598,batch_consumer-sts-0_20250707_215412_515663.csv,True,False,False,1751925379.8232613,612185.9085559845
382735,1751924767.6381826,1751925248.4541678,batch_consumer-sts-0_20250707_215412_515663.csv,True,False,False,1751925379.8232613,612185.0786209106
382745,1751924767.6384106,1751925249.4834306,batch_consumer-sts-0_20250707_215412_515663.csv,True,False,False,1751925379.8232613,612184.850692749
382755,1751924767.638703,1751925249.5089684,batch_consumer-sts-0_20250707_215412_515663.csv,True,False,False,1751925379.8232613,612184.5581531525
382765,1751924767.6391084,1751925249.535953,batch_consumer-sts-0_20250707_215412_515663.csv,True,False,False,1751925379.8232613,612184.152841568
382775,1751924767.6395197,1751925249.5629313,batch_consumer-sts-0_20250707_215412_515663.csv,True,False,False,1751925379.8232613,612183.741569519
382785,1751924767.6399238,1751925249.5902295,batch_consumer-sts-0_20250707_215412_515663.csv,True,False,False,1751925379.8232613,612183.3374500275
382795,1751924767.6403377,1751925249.6163516,batch_consumer-sts-0_20250707_215412_515663.csv,True,False,False,1751925379.8232613,612182.9235553741
382805,1751924767.6407394,1751925249.6433666,batch_consumer-sts-0_20250707_215412_515663.csv,True,False,False,1751925379.8232613,612182.5218200684
382815,1751924767.6411505,1751925249.6705146,batch_consumer-sts-0_20250707_215412_515663.csv,True,False,False,1751925379.8232613,612182.110786438
382825,1751924767.641566,1751925249.6976206,batch_consumer-sts-0_20250707_215412_515663.csv,True,False,False,1751925379.8232613,612181.6952228546
382835,1751924767.6419764,1751925249.7256677,batch_consumer-sts-0_20250707_215412_515663.csv,True,False,False,1751925379.8232613,612181.28490448
382845,1751924767.642405,1751925250.4489086,batch_consumer-sts-0_20250707_215412_515663.csv,True,False,False,1751925379.8232613,612180.8562278748
382855,1751924767.6428156,1751925250.4759474,batch_consumer-sts-0_20250707_215412_515663.csv,True,False,False,1751925379.8232613,612180.4456710815
382865,1751924767.6431234,1751925250.502452,batch_consumer-sts-0_20250707_215412_515663.csv,True,False,False,1751925379.8232613,612180.1378726959
382875,1751924767.643359,1751925250.5292742,batch_consumer-sts-0_20250707_215412_515663.csv,True,False,False,1751925379.8232613,612179.9023151398
382885,1751924767.643592,1751925250.556032,batch_consumer-sts-0_20250707_215412_515663.csv,True,False,False,1751925379.8232613,612179.669380188
382895,1751924767.643838,1751925250.5827153,batch_consumer-sts-0_20250707_215412_515663.csv,True,False,False,1751925379.8232613,612179.4233322144
382905,1751924767.6440768,1751925250.6089334,batch_consumer-sts-0_20250707_215412_515663.csv,True,False,False,1751925379.8232613,612179.1844367981
382915,1751924767.6443212,1751925250.6354656,batch_consumer-sts-0_20250707_215412_515663.csv,True,False,False,1751925379.8232613,612178.9400577545
382925,1751924767.644564,1751925250.662317,batch_consumer-sts-0_20250707_215412_515663.csv,True,False,False,1751925379.8232613,612178.697347641
382935,1751924767.6447911,1751925250.68908,batch_consumer-sts-0_20250707_215412_515663.csv,True,False,False,1751925379.8232613,612178.4701347351
382945,1751924767.6450677,1751925250.7159152,batch_consumer-sts-0_20250707_215412_515663.csv,True,False,False,1751925379.8232613,612178.1935691833
382955,1751924767.6454842,1751925250.742351,batch_consumer-sts-0_20250707_215412_515663.csv,True,False,False,1751925379.8232613,612177.7770519257
382965,1751924767.6458871,1751925250.7689302,batch_consumer-sts-0_20250707_215412_515663.csv,True,False,False,1751925379.8232613,612177.374124527
382975,1751924767.6463315,1751925250.7954123,batch_consumer-sts-0_20250707_215412_515663.csv,True,False,False,1751925379.8232613,612176.9297122955
382985,1751924767.6467462,1751925250.820732,batch_consumer-sts-0_20250707_215412_515663.csv,True,False,False,1751925379.8232613,612176.5151023865
382995,1751924767.6471732,1751925250.8487656,batch_consumer-sts-0_20250707_215412_515663.csv,True,False,False,1751925379.8232613,612176.0880947113
383005,1751924767.6479695,1751925250.8757,batch_consumer-sts-0_20250707_215412_515663.csv,True,False,False,1751925379.8232613,612175.2917766571
383015,1751924767.649087,1751925250.9019918,batch_consumer-sts-0_20250707_215412_515663.csv,True,False,False,1751925379.8232613,612174.1743087769
383025,1751924767.649494,1751925250.927893,batch_consumer-sts-0_20250707_215412_515663.csv,True,False,False,1751925379.8232613,612173.7673282623
383035,1751924767.6498988,1751925250.9548998,batch_consumer-sts-0_20250707_215412_515663.csv,True,False,False,1751925379.8232613,612173.362493515
383045,1751924767.6503048,1751925250.981543,batch_consumer-sts-0_20250707_215412_515663.csv,True,False,False,1751925379.8232613,612172.9564666748
383055,1751924767.6517286,1751925251.007882,batch_consumer-sts-0_20250707_215412_515663.csv,True,False,False,1751925379.8232613,612171.5326309204
383065,1751924767.6521337,1751925251.034836,batch_consumer-sts-0_20250707_215412_515663.csv,True,False,False,1751925379.8232613,612171.1275577545
383075,1751924767.6525466,1751925251.0624185,batch_consumer-sts-0_20250707_215412_515663.csv,True,False,False,1751925379.8232613,612170.7146167755
383085,1751924767.652943,1751925251.0893245,batch_consumer-sts-0_20250707_215412_515663.csv,True,False,False,1751925379.8232613,612170.318365097
383095,1751924767.6531844,1751925251.1155958,batch_consumer-sts-0_20250707_215412_515663.csv,True,False,False,1751925379.8232613,612170.0768470764
383105,1751924767.65342,1751925251.142434,batch_consumer-sts-0_20250707_215412_515663.csv,True,False,False,1751925379.8232613,612169.8412895203
383115,1751924767.6536565,1751925251.1694098,batch_consumer-sts-0_20250707_215412_515663.csv,True,False,False,1751925379.8232613,612169.6047782898
383125,1751924767.6538854,1751925251.1963437,batch_consumer-sts-0_20250707_215412_515663.csv,True,False,False,1751925379.8232613,612169.3758964539
383135,1751924767.6541169,1751925251.2222168,batch_consumer-sts-0_20250707_215412_515663.csv,True,False,False,1751925379.8232613,612169.1443920135
383145,1751924767.6543562,1751925251.249004,batch_consumer-sts-0_20250707_215412_515663.csv,True,False,False,1751925379.8232613,612168.9050197601
383155,1751924767.6545937,1751925251.2757716,batch_consumer-sts-0_20250707_215412_515663.csv,True,False,False,1751925379.8232613,612168.6675548553
383165,1751924767.6548288,1751925251.303171,batch_consumer-sts-0_20250707_215412_515663.csv,True,False,False,1751925379.8232613,612168.4324741364
383175,1751924767.6550567,1751925251.3300772,batch_consumer-sts-0_20250707_215412_515663.csv,True,False,False,1751925379.8232613,612168.2045459747
383185,1751924767.655295,1751925251.3574271,batch_consumer-sts-0_20250707_215412_515663.csv,True,False,False,1751925379.8232613,612167.9663658142
383195,1751924767.6557736,1751925251.383918,batch_consumer-sts-0_20250707_215412_515663.csv,True,False,False,1751925379.8232613,612167.4876213074
383205,1751924767.656001,1751925251.410175,batch_consumer-sts-0_20250707_215412_515663.csv,True,False,False,1751925379.8232613,612167.2601699829
383215,1751924767.657003,1751925251.4367003,batch_consumer-sts-0_20250707_215412_515663.csv,True,False,False,1751925379.8232613,612166.2583351135
383225,1751924767.657708,1751925251.4631956,batch_consumer-sts-0_20250707_215412_515663.csv,True,False,False,1751925379.8232613,612165.5533313751
383235,1751924767.6580322,1751925251.489572,batch_consumer-sts-0_20250707_215412_515663.csv,True,False,False,1751925379.8232613,612165.2290821075
383245,1751924767.6597962,1751925251.515622,batch_consumer-sts-0_20250707_215412_515663.csv,True,False,False,1751925379.8232613,612163.4650230408
383255,1751924767.6602254,1751925251.541813,batch_consumer-sts-0_20250707_215412_515663.csv,True,False,False,1751925379.8232613,612163.0358695984
383265,1751924767.6606252,1751925251.5683098,batch_consumer-sts-0_20250707_215412_515663.csv,True,False,False,1751925379.8232613,612162.6360416412
383275,1751924767.6610446,1751925251.5951462,batch_consumer-sts-0_20250707_215412_515663.csv,True,False,False,1751925379.8232613,612162.2166633606
383285,1751924767.6614485,1751925251.6207197,batch_consumer-sts-0_20250707_215412_515663.csv,True,False,False,1751925379.8232613,612161.8127822876
383295,1751924767.6618524,1751925251.648284,batch_consumer-sts-0_20250707_215412_515663.csv,True,False,False,1751925379.8232613,612161.4089012146
383305,1751924767.6622684,1751925251.6750877,batch_consumer-sts-0_20250707_215412_515663.csv,True,False,False,1751925379.8232613,612160.9928607941
383315,1751924767.6626742,1751925251.701834,batch_consumer-sts-0_20250707_215412_515663.csv,True,False,False,1751925379.8232613,612160.5870723724
383325,1751924767.6630485,1751925251.7279627,batch_consumer-sts-0_20250707_215412_515663.csv,True,False,False,1751925379.8232613,612160.2127552032
383335,1751924767.6632822,1751925251.7550032,batch_consumer-sts-0_20250707_215412_515663.csv,True,False,False,1751925379.8232613,612159.9791049957
383345,1751924767.6635098,1751925251.7813585,batch_consumer-sts-0_20250707_215412_515663.csv,True,False,False,1751925379.8232613,612159.7514152527
383355,1751924767.6637375,1751925251.8537474,batch_consumer-sts-0_20250707_215412_515663.csv,True,False,False,1751925379.8232613,612159.5237255096
383365,1751924767.6639724,1751925251.880296,batch_consumer-sts-0_20250707_215412_515663.csv,True,False,False,1751925379.8232613,612159.2888832092
383375,1751924767.6642067,1751925251.906413,batch_consumer-sts-0_20250707_215412_515663.csv,True,False,False,1751925379.8232613,612159.054517746
383385,1751924767.6644402,1751925251.9326632,batch_consumer-sts-0_20250707_215412_515663.csv,True,False,False,1751925379.8232613,612158.821105957
383395,1751924767.6646752,1751925251.9591782,batch_consumer-sts-0_20250707_215412_515663.csv,True,False,False,1751925379.8232613,612158.586025238
383405,1751924767.66491,1751925252.0881,batch_consumer-sts-0_20250707_215412_515663.csv,True,False,False,1751925379.8232613,612158.3511829376
383415,1751924767.6651502,1751925252.114121,batch_consumer-sts-0_20250707_215412_515663.csv,True,False,False,1751925379.8232613,612158.1110954285
383425,1751924767.665388,1751925252.1407092,batch_consumer-sts-0_20250707_215412_515663.csv,True,False,False,1751925379.8232613,612157.8731536865
383435,1751924767.6656103,1751925252.171817,batch_consumer-sts-0_20250707_215412_515663.csv,True,False,False,1751925379.8232613,612157.6509475708
383445,1751924767.665844,1751925252.201536,batch_consumer-sts-0_20250707_215412_515663.csv,True,False,False,1751925379.8232613,612157.4172973633
383455,1751924767.6660843,1751925252.2435894,batch_consumer-sts-0_20250707_215412_515663.csv,True,False,False,1751925379.8232613,612157.1769714355
383465,1751924767.666321,1751925252.270712,batch_consumer-sts-0_20250707_215412_515663.csv,True,False,False,1751925379.8232613,612156.9402217865
383475,1751924767.6665585,1751925252.2979665,batch_consumer-sts-0_20250707_215412_515663.csv,True,False,False,1751925379.8232613,612156.7027568817
383485,1751924767.6667902,1751925252.3540854,batch_consumer-sts-0_20250707_215412_515663.csv,True,False,False,1751925379.8232613,612156.4710140228
383495,1751924767.6670237,1751925252.3810644,batch_consumer-sts-0_20250707_215412_515663.csv,True,False,False,1751925379.8232613,612156.2376022339
383505,1751924767.6672604,1751925252.4081557,batch_consumer-sts-0_20250707_215412_515663.csv,True,False,False,1751925379.8232613,612156.0008525848
383515,1751924767.6674938,1751925252.43488,batch_consumer-sts-0_20250707_215412_515663.csv,True,False,False,1751925379.8232613,612155.7674407959
383525,1751924767.6676877,1751925252.4617107,batch_consumer-sts-0_20250707_215412_515663.csv,True,False,False,1751925379.8232613,612155.5736064911
383535,1751924767.6679106,1751925252.4885375,batch_consumer-sts-0_20250707_215412_515663.csv,True,False,False,1751925379.8232613,612155.3506851196
383545,1751924767.6681058,1751925252.8881822,batch_consumer-sts-0_20250707_215433_109556.csv,True,False,False,1751925379.8232613,612155.1554203033
383555,1751924767.6683023,1751925252.9355075,batch_consumer-sts-0_20250707_215433_109556.csv,True,False,False,1751925379.8232613,612154.9589633942
383565,1751924767.6684985,1751925253.01117,batch_consumer-sts-0_20250707_215433_109556.csv,True,False,False,1751925379.8232613,612154.7627449036
383575,1751924767.66869,1751925253.0372338,batch_consumer-sts-0_20250707_215433_109556.csv,True,False,False,1751925379.8232613,612154.5712947845
383585,1751924767.6688826,1751925253.0593572,batch_consumer-sts-0_20250707_215433_109556.csv,True,False,False,1751925379.8232613,612154.3786525726
383595,1751924767.6691046,1751925253.0858889,batch_consumer-sts-0_20250707_215433_109556.csv,True,False,False,1751925379.8232613,612154.1566848755
383605,1751924767.6693535,1751925253.1122775,batch_consumer-sts-0_20250707_215433_109556.csv,True,False,False,1751925379.8232613,612153.9077758789
383615,1751924767.6695838,1751925253.139024,batch_consumer-sts-0_20250707_215433_109556.csv,True,False,False,1751925379.8232613,612153.6774635315
383625,1751924767.6698165,1751925253.1654997,batch_consumer-sts-0_20250707_215433_109556.csv,True,False,False,1751925379.8232613,612153.4447669983
383635,1751924767.6700506,1751925253.1919143,batch_consumer-sts-0_20250707_215433_109556.csv,True,False,False,1751925379.8232613,612153.2106399536
383645,1751924767.670292,1751925253.2181826,batch_consumer-sts-0_20250707_215433_109556.csv,True,False,False,1751925379.8232613,612152.9693603516
383655,1751924767.670526,1751925253.2448716,batch_consumer-sts-0_20250707_215433_109556.csv,True,False,False,1751925379.8232613,612152.7352333069
383665,1751924767.670766,1751925253.2720797,batch_consumer-sts-0_20250707_215433_109556.csv,True,False,False,1751925379.8232613,612152.4951457977
383675,1751924767.670998,1751925253.298813,batch_consumer-sts-0_20250707_215433_109556.csv,True,False,False,1751925379.8232613,612152.2631645203
383685,1751924767.6712365,1751925253.3299763,batch_consumer-sts-0_20250707_215433_109556.csv,True,False,False,1751925379.8232613,612152.0247459412
383695,1751924767.6714776,1751925253.355812,batch_consumer-sts-0_20250707_215433_109556.csv,True,False,False,1751925379.8232613,612151.7837047577
383705,1751924767.671717,1751925253.382829,batch_consumer-sts-0_20250707_215433_109556.csv,True,False,False,1751925379.8232613,612151.5443325043
383715,1751924767.67195,1751925253.409232,batch_consumer-sts-0_20250707_215433_109556.csv,True,False,False,1751925379.8232613,612151.3111591339
383725,1751924767.6721845,1751925253.4368048,batch_consumer-sts-0_20250707_215433_109556.csv,True,False,False,1751925379.8232613,612151.0767936707
383735,1751924767.6724226,1751925253.464527,batch_consumer-sts-0_20250707_215433_109556.csv,True,False,False,1751925379.8232613,612150.8386135101
383745,1751924767.6726592,1751925254.493702,batch_consumer-sts-0_20250707_215433_109556.csv,True,False,False,1751925379.8232613,612150.6021022797
383755,1751924767.6728952,1751925254.520652,batch_consumer-sts-0_20250707_215433_109556.csv,True,False,False,1751925379.8232613,612150.3660678864
383765,1751924767.673141,1751925254.5479038,batch_consumer-sts-0_20250707_215433_109556.csv,True,False,False,1751925379.8232613,612150.1202583313
383775,1751924767.6733732,1751925254.5750804,batch_consumer-sts-0_20250707_215433_109556.csv,True,False,False,1751925379.8232613,612149.8880386353
383785,1751924767.6736057,1751925254.5986977,batch_consumer-sts-0_20250707_215433_109556.csv,True,False,False,1751925379.8232613,612149.6555805206
383795,1751924767.6738362,1751925254.624428,batch_consumer-sts-0_20250707_215433_109556.csv,True,False,False,1751925379.8232613,612149.4250297546
383805,1751924767.6740725,1751925254.6509972,batch_consumer-sts-0_20250707_215433_109556.csv,True,False,False,1751925379.8232613,612149.1887569427
383815,1751924767.6743145,1751925254.6777787,batch_consumer-sts-0_20250707_215433_109556.csv,True,False,False,1751925379.8232613,612148.946762085
383825,1751924767.6745522,1751925254.704012,batch_consumer-sts-0_20250707_215433_109556.csv,True,False,False,1751925379.8232613,612148.7090587616
383835,1751924767.6747916,1751925254.7411065,batch_consumer-sts-0_20250707_215433_109556.csv,True,False,False,1751925379.8232613,612148.4696865082
383845,1751924767.6750307,1751925254.7682447,batch_consumer-sts-0_20250707_215433_109556.csv,True,False,False,1751925379.8232613,612148.2305526733
383855,1751924767.6752715,1751925254.7952964,batch_consumer-sts-0_20250707_215433_109556.csv,True,False,False,1751925379.8232613,612147.9897499084
383865,1751924767.675516,1751925254.820161,batch_consumer-sts-0_20250707_215433_109556.csv,True,False,False,1751925379.8232613,612147.7453708649
383875,1751924767.6757505,1751925254.8473508,batch_consumer-sts-0_20250707_215433_109556.csv,True,False,False,1751925379.8232613,612147.510766983
392725,1751924767.9195445,1751925255.270044,batch_consumer-sts-0_20250707_215433_109556.csv,True,False,False,1751925379.8232613,611903.716802597
392735,1751924767.9199436,1751925255.296568,batch_consumer-sts-0_20250707_215433_109556.csv,True,False,False,1751925379.8232613,611903.3176898956
392745,1751924767.9203024,1751925255.3226376,batch_consumer-sts-0_20250707_215433_109556.csv,True,False,False,1751925379.8232613,611902.9588699341
392755,1751924767.9206648,1751925255.349187,batch_consumer-sts-0_20250707_215433_109556.csv,True,False,False,1751925379.8232613,611902.5964736938
392765,1751924767.9211042,1751925255.3757892,batch_consumer-sts-0_20250707_215433_109556.csv,True,False,False,1751925379.8232613,611902.1570682526
392775,1751924767.9215047,1751925255.4022367,batch_consumer-sts-0_20250707_215433_109556.csv,True,False,False,1751925379.8232613,611901.7565250397
392785,1751924767.9218967,1751925255.428394,batch_consumer-sts-0_20250707_215433_109556.csv,True,False,False,1751925379.8232613,611901.3645648956
392795,1751924767.9223216,1751925255.455026,batch_consumer-sts-0_20250707_215433_109556.csv,True,False,False,1751925379.8232613,611900.9397029877
392805,1751924767.9227388,1751925255.4815693,batch_consumer-sts-0_20250707_215433_109556.csv,True,False,False,1751925379.8232613,611900.5224704742
392815,1751924767.9231372,1751925255.508026,batch_consumer-sts-0_20250707_215433_109556.csv,True,False,False,1751925379.8232613,611900.1240730286
392825,1751924767.9234169,1751925255.535109,batch_consumer-sts-0_20250707_215433_109556.csv,True,False,False,1751925379.8232613,611899.8444080353
392835,1751924767.9236698,1751925255.5618055,batch_consumer-sts-0_20250707_215433_109556.csv,True,False,False,1751925379.8232613,611899.5914459229
392845,1751924767.9239097,1751925255.5885456,batch_consumer-sts-0_20250707_215433_109556.csv,True,False,False,1751925379.8232613,611899.3515968323
392855,1751924767.9241412,1751925255.614287,batch_consumer-sts-0_20250707_215433_109556.csv,True,False,False,1751925379.8232613,611899.120092392
392865,1751924767.924394,1751925255.6414125,batch_consumer-sts-0_20250707_215433_109556.csv,True,False,False,1751925379.8232613,611898.8673686981
392875,1751924767.9246323,1751925255.6682706,batch_consumer-sts-0_20250707_215433_109556.csv,True,False,False,1751925379.8232613,611898.628950119
392885,1751924767.9248738,1751925255.6948805,batch_consumer-sts-0_20250707_215433_109556.csv,True,False,False,1751925379.8232613,611898.3874320984
392895,1751924767.925115,1751925255.7207477,batch_consumer-sts-0_20250707_215433_109556.csv,True,False,False,1751925379.8232613,611898.1461524963
392905,1751924767.925359,1751925255.7476387,batch_consumer-sts-0_20250707_215433_109556.csv,True,False,False,1751925379.8232613,611897.9022502899
392915,1751924767.9256034,1751925255.7743163,batch_consumer-sts-0_20250707_215433_109556.csv,True,False,False,1751925379.8232613,611897.6578712463
392925,1751924767.9258497,1751925255.8009615,batch_consumer-sts-0_20250707_215433_109556.csv,True,False,False,1751925379.8232613,611897.4115848541
392935,1751924767.9260929,1751925255.826957,batch_consumer-sts-0_20250707_215433_109556.csv,True,False,False,1751925379.8232613,611897.1683979034
392945,1751924767.9263556,1751925255.8537033,batch_consumer-sts-0_20250707_215433_109556.csv,True,False,False,1751925379.8232613,611896.9056606293
392955,1751924767.9266028,1751925255.8853238,batch_consumer-sts-0_20250707_215433_109556.csv,True,False,False,1751925379.8232613,611896.6584205627
392965,1751924767.926844,1751925255.9110258,batch_consumer-sts-0_20250707_215433_109556.csv,True,False,False,1751925379.8232613,611896.4173793793
392975,1751924767.9270818,1751925255.9374516,batch_consumer-sts-0_20250707_215433_109556.csv,True,False,False,1751925379.8232613,611896.1794376373
392985,1751924767.927315,1751925255.964166,batch_consumer-sts-0_20250707_215433_109556.csv,True,False,False,1751925379.8232613,611895.946264267
392995,1751924767.9275494,1751925255.9906154,batch_consumer-sts-0_20250707_215433_109556.csv,True,False,False,1751925379.8232613,611895.7118988037
393005,1751924767.927789,1751925256.016456,batch_consumer-sts-0_20250707_215433_109556.csv,True,False,False,1751925379.8232613,611895.4722881317
393015,1751924767.9280283,1751925256.0433345,batch_consumer-sts-0_20250707_215433_109556.csv,True,False,False,1751925379.8232613,611895.2329158783
393025,1751924767.928275,1751925256.070275,batch_consumer-sts-0_20250707_215433_109556.csv,True,False,False,1751925379.8232613,611894.9861526489
393035,1751924767.9285138,1751925256.0968535,batch_consumer-sts-0_20250707_215433_109556.csv,True,False,False,1751925379.8232613,611894.7474956512
393045,1751924767.9287028,1751925256.1226375,batch_consumer-sts-0_20250707_215433_109556.csv,True,False,False,1751925379.8232613,611894.558429718
393055,1751924767.9289124,1751925256.1489546,batch_consumer-sts-0_20250707_215433_109556.csv,True,False,False,1751925379.8232613,611894.348859787
393065,1751924767.929173,1751925256.175563,batch_consumer-sts-0_20250707_215433_109556.csv,True,False,False,1751925379.8232613,611894.08826828
393075,1751924767.9295409,1751925256.202235,batch_consumer-sts-0_20250707_215433_109556.csv,True,False,False,1751925379.8232613,611893.7203884125
393085,1751924767.929955,1751925256.2288845,batch_consumer-sts-0_20250707_215433_109556.csv,True,False,False,1751925379.8232613,611893.3062553406
393095,1751924767.9303775,1751925256.2669208,batch_consumer-sts-0_20250707_215433_109556.csv,True,False,False,1751925379.8232613,611892.8837776184
393105,1751924767.9307723,1751925256.2935755,batch_consumer-sts-0_20250707_215433_109556.csv,True,False,False,1751925379.8232613,611892.4889564514
393115,1751924767.9311757,1751925256.3195498,batch_consumer-sts-0_20250707_215433_109556.csv,True,False,False,1751925379.8232613,611892.0855522156
393125,1751924767.9315927,1751925256.346357,batch_consumer-sts-0_20250707_215433_109556.csv,True,False,False,1751925379.8232613,611891.6685581207
393135,1751924767.932003,1751925256.3731804,batch_consumer-sts-0_20250707_215433_109556.csv,True,False,False,1751925379.8232613,611891.2582397461
393145,1751924767.932407,1751925256.3998036,batch_consumer-sts-0_20250707_215433_109556.csv,True,False,False,1751925379.8232613,611890.8543586731
393155,1751924767.9328184,1751925256.4257736,batch_consumer-sts-0_20250707_215433_109556.csv,True,False,False,1751925379.8232613,611890.4428482056
393165,1751924767.9332302,1751925256.4553394,batch_consumer-sts-0_20250707_215433_109556.csv,True,False,False,1751925379.8232613,611890.0310993195
393175,1751924767.9334812,1751925256.4817042,batch_consumer-sts-0_20250707_215433_109556.csv,True,False,False,1751925379.8232613,611889.7800445557
393185,1751924767.9337382,1751925256.5077014,batch_consumer-sts-0_20250707_215433_109556.csv,True,False,False,1751925379.8232613,611889.5230293274
393195,1751924767.933982,1751925256.5341003,batch_consumer-sts-0_20250707_215433_109556.csv,True,False,False,1751925379.8232613,611889.2793655396
393205,1751924767.934229,1751925256.5604997,batch_consumer-sts-0_20250707_215433_109556.csv,True,False,False,1751925379.8232613,611889.0323638916
393215,1751924767.9344685,1751925256.586819,batch_consumer-sts-0_20250707_215433_109556.csv,True,False,False,1751925379.8232613,611888.7927532196
393225,1751924767.9347138,1751925256.612598,batch_consumer-sts-0_20250707_215433_109556.csv,True,False,False,1751925379.8232613,611888.5474205017
393235,1751924767.9349527,1751925256.639252,batch_consumer-sts-0_20250707_215433_109556.csv,True,False,False,1751925379.8232613,611888.3085250854
393245,1751924767.9351869,1751925256.6662376,batch_consumer-sts-0_20250707_215433_109556.csv,True,False,False,1751925379.8232613,611888.0743980408
393255,1751924767.935423,1751925256.693249,batch_consumer-sts-0_20250707_215433_109556.csv,True,False,False,1751925379.8232613,611887.8383636475
393265,1751924767.9356625,1751925256.7193966,batch_consumer-sts-0_20250707_215433_109556.csv,True,False,False,1751925379.8232613,611887.5987529755
393275,1751924767.9359,1751925256.7460785,batch_consumer-sts-0_20250707_215433_109556.csv,True,False,False,1751925379.8232613,611887.3612880707
393285,1751924767.9361508,1751925256.7728753,batch_consumer-sts-0_20250707_215433_109556.csv,True,False,False,1751925379.8232613,611887.1104717255
393295,1751924767.936384,1751925256.7996798,batch_consumer-sts-0_20250707_215433_109556.csv,True,False,False,1751925379.8232613,611886.8772983551
393305,1751924767.9366264,1751925256.8314486,batch_consumer-sts-0_20250707_215433_109556.csv,True,False,False,1751925379.8232613,611886.6348266602
393315,1751924767.936881,1751925256.8577518,batch_consumer-sts-0_20250707_215433_109556.csv,True,False,False,1751925379.8232613,611886.3801956177
393325,1751924767.9370866,1751925256.8844209,batch_consumer-sts-0_20250707_215433_109556.csv,True,False,False,1751925379.8232613,611886.1746788025
393335,1751924767.9375784,1751925256.9104245,batch_consumer-sts-0_20250707_215433_109556.csv,True,False,False,1751925379.8232613,611885.6828212738
393345,1751924767.9378214,1751925256.9836495,batch_consumer-sts-0_20250707_215433_109556.csv,True,False,False,1751925379.8232613,611885.4398727417
393355,1751924767.9380586,1751925257.0095253,batch_consumer-sts-0_20250707_215433_109556.csv,True,False,False,1751925379.8232613,611885.2026462555
393365,1751924767.9383078,1751925257.0359251,batch_consumer-sts-0_20250707_215433_109556.csv,True,False,False,1751925379.8232613,611884.9534988403
393375,1751924767.9385395,1751925257.0624092,batch_consumer-sts-0_20250707_215433_109556.csv,True,False,False,1751925379.8232613,611884.7217559814
393385,1751924767.938774,1751925257.095184,batch_consumer-sts-0_20250707_215433_109556.csv,True,False,False,1751925379.8232613,611884.4871520996
393395,1751924767.939011,1751925257.1209488,batch_consumer-sts-0_20250707_215433_109556.csv,True,False,False,1751925379.8232613,611884.250164032
393405,1751924767.9392428,1751925257.1464553,batch_consumer-sts-0_20250707_215433_109556.csv,True,False,False,1751925379.8232613,611884.0184211731
393415,1751924767.939476,1751925257.1737373,batch_consumer-sts-0_20250707_215433_109556.csv,True,False,False,1751925379.8232613,611883.7852478027
393425,1751924767.9397078,1751925257.2004237,batch_consumer-sts-0_20250707_215433_109556.csv,True,False,False,1751925379.8232613,611883.5535049438
393435,1751924767.939934,1751925257.2272928,batch_consumer-sts-0_20250707_215433_109556.csv,True,False,False,1751925379.8232613,611883.3272457123
393445,1751924767.9401624,1751925257.25401,batch_consumer-sts-0_20250707_215433_109556.csv,True,False,False,1751925379.8232613,611883.0988407135
393455,1751924767.9404,1751925257.280554,batch_consumer-sts-0_20250707_215433_109556.csv,True,False,False,1751925379.8232613,611882.8613758087
393465,1751924767.940636,1751925257.3071153,batch_consumer-sts-0_20250707_215433_109556.csv,True,False,False,1751925379.8232613,611882.6253414154
393475,1751924767.9408712,1751925257.3332777,batch_consumer-sts-0_20250707_215433_109556.csv,True,False,False,1751925379.8232613,611882.3900222778
393485,1751924767.941099,1751925257.36024,batch_consumer-sts-0_20250707_215433_109556.csv,True,False,False,1751925379.8232613,611882.1623325348
393495,1751924767.9413388,1751925257.386932,batch_consumer-sts-0_20250707_215433_109556.csv,True,False,False,1751925379.8232613,611881.9224834442
393505,1751924767.9415777,1751925257.4128442,batch_consumer-sts-0_20250707_215433_109556.csv,True,False,False,1751925379.8232613,611881.683588028
393515,1751924767.9418085,1751925257.9467504,batch_consumer-sts-0_20250707_215433_109556.csv,True,False,False,1751925379.8232613,611881.4527988434
393525,1751924767.9420464,1751925257.9734054,batch_consumer-sts-0_20250707_215433_109556.csv,True,False,False,1751925379.8232613,611881.2148571014
393535,1751924767.942299,1751925258.0000346,batch_consumer-sts-0_20250707_215433_109556.csv,True,False,False,1751925379.8232613,611880.9623718262
393545,1751924767.942533,1751925258.0272448,batch_consumer-sts-0_20250707_215433_109556.csv,True,False,False,1751925379.8232613,611880.7282447815
393555,1751924767.9427738,1751925258.0537777,batch_consumer-sts-0_20250707_215433_109556.csv,True,False,False,1751925379.8232613,611880.4874420166
393565,1751924767.9430094,1751925258.0801094,batch_consumer-sts-0_20250707_215433_109556.csv,True,False,False,1751925379.8232613,611880.2518844604
393575,1751924767.9432411,1751925258.1062095,batch_consumer-sts-0_20250707_215433_109556.csv,True,False,False,1751925379.8232613,611880.0201416016
393585,1751924767.9434822,1751925258.1327393,batch_consumer-sts-0_20250707_215433_109556.csv,True,False,False,1751925379.8232613,611879.7791004181
393595,1751924767.943715,1751925258.1594548,batch_consumer-sts-0_20250707_215433_109556.csv,True,False,False,1751925379.8232613,611879.5461654663
393605,1751924767.943962,1751925258.186225,batch_consumer-sts-0_20250707_215433_109556.csv,True,False,False,1751925379.8232613,611879.2991638184
393615,1751924767.9442055,1751925258.2120068,batch_consumer-sts-0_20250707_215433_109556.csv,True,False,False,1751925379.8232613,611879.0557384491
393625,1751924767.944445,1751925258.2390962,batch_consumer-sts-0_20250707_215433_109556.csv,True,False,False,1751925379.8232613,611878.8163661957
393635,1751924767.9446795,1751925258.2658648,batch_consumer-sts-0_20250707_215433_109556.csv,True,False,False,1751925379.8232613,611878.5817623138
393645,1751924767.9449162,1751925258.2923963,batch_consumer-sts-0_20250707_215433_109556.csv,True,False,False,1751925379.8232613,611878.3450126648
393655,1751924767.9451482,1751925258.318682,batch_consumer-sts-0_20250707_215433_109556.csv,True,False,False,1751925379.8232613,611878.1130313873
393665,1751924767.9453628,1751925258.3454258,batch_consumer-sts-0_20250707_215433_109556.csv,True,False,False,1751925379.8232613,611877.8984546661
393675,1751924767.9456084,1751925258.3726652,batch_consumer-sts-0_20250707_215433_109556.csv,True,False,False,1751925379.8232613,611877.6528835297
393685,1751924767.9458518,1751925258.399537,batch_consumer-sts-0_20250707_215433_109556.csv,True,False,False,1751925379.8232613,611877.4094581604
393695,1751924767.9460874,1751925258.425629,batch_consumer-sts-0_20250707_215433_109556.csv,True,False,False,1751925379.8232613,611877.1739006042
393705,1751924767.946333,1751925258.4523897,batch_consumer-sts-0_20250707_215433_109556.csv,True,False,False,1751925379.8232613,611876.9283294678
393715,1751924767.946569,1751925258.4789507,batch_consumer-sts-0_20250707_215433_109556.csv,True,False,False,1751925379.8232613,611876.6922950745
393725,1751924767.9468071,1751925258.5050309,batch_consumer-sts-0_20250707_215433_109556.csv,True,False,False,1751925379.8232613,611876.4541149139
393735,1751924767.9470422,1751925258.531922,batch_consumer-sts-0_20250707_215433_109556.csv,True,False,False,1751925379.8232613,611876.219034195
393745,1751924767.9472744,1751925258.558979,batch_consumer-sts-0_20250707_215433_109556.csv,True,False,False,1751925379.8232613,611875.9868144989
393755,1751924767.9475105,1751925258.5853522,batch_consumer-sts-0_20250707_215433_109556.csv,True,False,False,1751925379.8232613,611875.7507801056
393765,1751924767.9477563,1751925258.6116116,batch_consumer-sts-0_20250707_215433_109556.csv,True,False,False,1751925379.8232613,611875.5049705505
393775,1751924767.9479935,1751925258.6379533,batch_consumer-sts-0_20250707_215433_109556.csv,True,False,False,1751925379.8232613,611875.2677440643
393785,1751924767.948227,1751925259.666234,batch_consumer-sts-0_20250707_215433_109556.csv,True,False,False,1751925379.8232613,611875.0343322754
393795,1751924767.9484563,1751925259.693248,batch_consumer-sts-0_20250707_215433_109556.csv,True,False,False,1751925379.8232613,611874.8049736023
393805,1751924767.9486966,1751925259.719827,batch_consumer-sts-0_20250707_215433_109556.csv,True,False,False,1751925379.8232613,611874.5646476746
393815,1751924767.948924,1751925259.747574,batch_consumer-sts-0_20250707_215433_109556.csv,True,False,False,1751925379.8232613,611874.3371963501
393825,1751924767.9491518,1751925259.771611,batch_consumer-sts-0_20250707_215433_109556.csv,True,False,False,1751925379.8232613,611874.109506607
393835,1751924767.9493802,1751925259.7980146,batch_consumer-sts-0_20250707_215433_109556.csv,True,False,False,1751925379.8232613,611873.8811016083
393845,1751924767.9496136,1751925259.8249493,batch_consumer-sts-0_20250707_215433_109556.csv,True,False,False,1751925379.8232613,611873.6476898193
393855,1751924767.9498465,1751925259.8514285,batch_consumer-sts-0_20250707_215433_109556.csv,True,False,False,1751925379.8232613,611873.4147548676
393865,1751924767.9500804,1751925259.878132,batch_consumer-sts-0_20250707_215433_109556.csv,True,False,False,1751925379.8232613,611873.1808662415
393875,1751924767.9513028,1751925259.9043348,batch_consumer-sts-0_20250707_215433_109556.csv,True,False,False,1751925379.8232613,611871.9584941864
393885,1751924767.9515374,1751925259.9307325,batch_consumer-sts-0_20250707_215433_109556.csv,True,False,False,1751925379.8232613,611871.7238903046
393895,1751924767.9517672,1751925259.9577174,batch_consumer-sts-0_20250707_215433_109556.csv,True,False,False,1751925379.8232613,611871.4940547943
393905,1751924767.9520009,1751925260.0794115,batch_consumer-sts-0_20250707_215433_109556.csv,True,False,False,1751925379.8232613,611871.2604045868
393915,1751924767.9523084,1751925260.1059768,batch_consumer-sts-0_20250707_215433_109556.csv,True,False,False,1751925379.8232613,611870.9528446198
393925,1751924767.9529874,1751925260.1329117,batch_consumer-sts-0_20250707_215433_109556.csv,True,False,False,1751925379.8232613,611870.2738285065
393935,1751924767.9533048,1751925260.1588185,batch_consumer-sts-0_20250707_215433_109556.csv,True,False,False,1751925379.8232613,611869.9564933777
393945,1751924767.954223,1751925260.185604,batch_consumer-sts-0_20250707_215433_109556.csv,True,False,False,1751925379.8232613,611869.0383434296
393955,1751924767.9544537,1751925260.211692,batch_consumer-sts-0_20250707_215433_109556.csv,True,False,False,1751925379.8232613,611868.807554245
393965,1751924767.95469,1751925260.2385888,batch_consumer-sts-0_20250707_215433_109556.csv,True,False,False,1751925379.8232613,611868.5712814331
393975,1751924767.9549215,1751925260.2653065,batch_consumer-sts-0_20250707_215433_109556.csv,True,False,False,1751925379.8232613,611868.3397769928
393985,1751924767.9551542,1751925260.2925088,batch_consumer-sts-0_20250707_215433_109556.csv,True,False,False,1751925379.8232613,611868.1070804596
393995,1751924767.9553874,1751925260.3183773,batch_consumer-sts-0_20250707_215433_109556.csv,True,False,False,1751925379.8232613,611867.8739070892
394005,1751924767.9556253,1751925260.3457544,batch_consumer-sts-0_20250707_215433_109556.csv,True,False,False,1751925379.8232613,611867.6359653473
394015,1751924767.9558978,1751925260.3722506,batch_consumer-sts-0_20250707_215433_109556.csv,True,False,False,1751925379.8232613,611867.3634529114
394025,1751924767.956613,1751925260.398871,batch_consumer-sts-0_20250707_215433_109556.csv,True,False,False,1751925379.8232613,611866.6481971741
394035,1751924767.9575946,1751925260.425073,batch_consumer-sts-0_20250707_215433_109556.csv,True,False,False,1751925379.8232613,611865.6666278839
394045,1751924767.9578302,1751925260.4515293,batch_consumer-sts-0_20250707_215433_109556.csv,True,False,False,1751925379.8232613,611865.4310703278
394055,1751924767.9580634,1751925260.4788268,batch_consumer-sts-0_20250707_215433_109556.csv,True,False,False,1751925379.8232613,611865.1978969574
394065,1751924767.9583132,1751925260.505276,batch_consumer-sts-0_20250707_215433_109556.csv,True,False,False,1751925379.8232613,611864.9480342865
394075,1751924767.9585452,1751925260.532092,batch_consumer-sts-0_20250707_215433_109556.csv,True,False,False,1751925379.8232613,611864.716053009
394085,1751924767.958784,1751925260.5590048,batch_consumer-sts-0_20250707_215433_109556.csv,True,False,False,1751925379.8232613,611864.4771575928
394095,1751924767.95902,1751925260.584723,batch_consumer-sts-0_20250707_215433_109556.csv,True,False,False,1751925379.8232613,611864.241361618
394105,1751924767.9592483,1751925260.610516,batch_consumer-sts-0_20250707_215433_109556.csv,True,False,False,1751925379.8232613,611864.0129566193
394115,1751924767.9594803,1751925260.6367452,batch_consumer-sts-0_20250707_215433_109556.csv,True,False,False,1751925379.8232613,611863.7809753418
421395,1751924768.601562,1751925260.6630414,batch_consumer-sts-0_20250707_215433_109556.csv,True,False,False,1751925379.8232613,611221.6992378235
421405,1751924768.6018193,1751925260.6898143,batch_consumer-sts-0_20250707_215433_109556.csv,True,False,False,1751925379.8232613,611221.4419841766
421415,1751924768.6020668,1751925260.7157962,batch_consumer-sts-0_20250707_215433_109556.csv,True,False,False,1751925379.8232613,611221.1945056915
421425,1751924768.6023097,1751925260.7425458,batch_consumer-sts-0_20250707_215433_109556.csv,True,False,False,1751925379.8232613,611220.9515571594
421435,1751924768.6025426,1751925260.7692862,batch_consumer-sts-0_20250707_215433_109556.csv,True,False,False,1751925379.8232613,611220.7186222076
421445,1751924768.6027815,1751925260.7963789,batch_consumer-sts-0_20250707_215433_109556.csv,True,False,False,1751925379.8232613,611220.4797267914
421455,1751924768.6030216,1751925260.821951,batch_consumer-sts-0_20250707_215433_109556.csv,True,False,False,1751925379.8232613,611220.2396392822
421465,1751924768.6032643,1751925260.8489194,batch_consumer-sts-0_20250707_215433_109556.csv,True,False,False,1751925379.8232613,611219.9969291687
421475,1751924768.6034946,1751925260.8756003,batch_consumer-sts-0_20250707_215433_109556.csv,True,False,False,1751925379.8232613,611219.7666168213
421485,1751924768.6037362,1751925260.9021385,batch_consumer-sts-0_20250707_215433_109556.csv,True,False,False,1751925379.8232613,611219.5250988007
421495,1751924768.6039796,1751925260.9284213,batch_consumer-sts-0_20250707_215433_109556.csv,True,False,False,1751925379.8232613,611219.2816734314
421505,1751924768.6042094,1751925260.955986,batch_consumer-sts-0_20250707_215433_109556.csv,True,False,False,1751925379.8232613,611219.0518379211
421515,1751924768.6044447,1751925260.982586,batch_consumer-sts-0_20250707_215433_109556.csv,True,False,False,1751925379.8232613,611218.8165187836
421525,1751924768.6046438,1751925261.008294,batch_consumer-sts-0_20250707_215433_109556.csv,True,False,False,1751925379.8232613,611218.61743927
421535,1751924768.6048288,1751925261.0351138,batch_consumer-sts-0_20250707_215433_109556.csv,True,False,False,1751925379.8232613,611218.4324264526
421545,1751924768.6050088,1751925261.0617943,batch_consumer-sts-0_20250707_215433_109556.csv,True,False,False,1751925379.8232613,611218.2524204254
421555,1751924768.6052036,1751925261.0888605,batch_consumer-sts-0_20250707_215433_109556.csv,True,False,False,1751925379.8232613,611218.0576324463
421565,1751924768.605386,1751925261.115167,batch_consumer-sts-0_20250707_215433_109556.csv,True,False,False,1751925379.8232613,611217.8752422333
421575,1751924768.605569,1751925261.1417098,batch_consumer-sts-0_20250707_215433_109556.csv,True,False,False,1751925379.8232613,611217.6923751831
421585,1751924768.6057467,1751925261.1683593,batch_consumer-sts-0_20250707_215433_109556.csv,True,False,False,1751925379.8232613,611217.5145149231
421595,1751924768.605925,1751925261.1954331,batch_consumer-sts-0_20250707_215433_109556.csv,True,False,False,1751925379.8232613,611217.3361778259
421605,1751924768.6061072,1751925261.2214496,batch_consumer-sts-0_20250707_215433_109556.csv,True,False,False,1751925379.8232613,611217.1540260315
421615,1751924768.6063714,1751925261.2495308,batch_consumer-sts-0_20250707_215433_109556.csv,True,False,False,1751925379.8232613,611216.8898582458
421625,1751924768.6068952,1751925261.2763853,batch_consumer-sts-0_20250707_215433_109556.csv,True,False,False,1751925379.8232613,611216.3660526276
421635,1751924768.607416,1751925261.3033354,batch_consumer-sts-0_20250707_215433_109556.csv,True,False,False,1751925379.8232613,611215.8453464508
421645,1751924768.607618,1751925261.3305595,batch_consumer-sts-0_20250707_215433_109556.csv,True,False,False,1751925379.8232613,611215.6431674957
421655,1751924768.6077986,1751925261.3587973,batch_consumer-sts-0_20250707_215433_109556.csv,True,False,False,1751925379.8232613,611215.4626846313
421665,1751924768.6079862,1751925261.3857496,batch_consumer-sts-0_20250707_215433_109556.csv,True,False,False,1751925379.8232613,611215.2750492096
421675,1751924768.6081824,1751925261.4119625,batch_consumer-sts-0_20250707_215433_109556.csv,True,False,False,1751925379.8232613,611215.078830719
421685,1751924768.6083622,1751925261.4387517,batch_consumer-sts-0_20250707_215433_109556.csv,True,False,False,1751925379.8232613,611214.8990631104
421695,1751924768.6085696,1751925261.4653504,batch_consumer-sts-0_20250707_215433_109556.csv,True,False,False,1751925379.8232613,611214.6916389465
421705,1751924768.60877,1751925261.49183,batch_consumer-sts-0_20250707_215433_109556.csv,True,False,False,1751925379.8232613,611214.4913673401
421715,1751924768.6089706,1751925261.517268,batch_consumer-sts-0_20250707_215433_109556.csv,True,False,False,1751925379.8232613,611214.2906188965
421725,1751924768.6091738,1751925261.5436876,batch_consumer-sts-0_20250707_215433_109556.csv,True,False,False,1751925379.8232613,611214.0874862671
421735,1751924768.6095123,1751925261.5701835,batch_consumer-sts-0_20250707_215433_109556.csv,True,False,False,1751925379.8232613,611213.7489318848
421745,1751924768.6102183,1751925261.596406,batch_consumer-sts-0_20250707_215433_109556.csv,True,False,False,1751925379.8232613,611213.042974472
421755,1751924768.6109073,1751925261.6219647,batch_consumer-sts-0_20250707_215433_109556.csv,True,False,False,1751925379.8232613,611212.3539447784
421765,1751924768.611982,1751925261.6491797,batch_consumer-sts-0_20250707_215433_109556.csv,True,False,False,1751925379.8232613,611211.2791538239
421775,1751924768.612194,1751925261.675943,batch_consumer-sts-0_20250707_215433_109556.csv,True,False,False,1751925379.8232613,611211.067199707
421785,1751924768.6123884,1751925261.701323,batch_consumer-sts-0_20250707_215433_109556.csv,True,False,False,1751925379.8232613,611210.8728885651
421795,1751924768.6125703,1751925261.727463,batch_consumer-sts-0_20250707_215433_109556.csv,True,False,False,1751925379.8232613,611210.6909751892
421805,1751924768.612756,1751925261.7538352,batch_consumer-sts-0_20250707_215433_109556.csv,True,False,False,1751925379.8232613,611210.5052471161
421815,1751924768.612936,1751925261.780015,batch_consumer-sts-0_20250707_215433_109556.csv,True,False,False,1751925379.8232613,611210.3252410889
421825,1751924768.61312,1751925261.8064718,batch_consumer-sts-0_20250707_215433_109556.csv,True,False,False,1751925379.8232613,611210.1411819458
421835,1751924768.6133227,1751925261.8362772,batch_consumer-sts-0_20250707_215433_109556.csv,True,False,False,1751925379.8232613,611209.9385261536
421845,1751924768.6135185,1751925261.8629951,batch_consumer-sts-0_20250707_215433_109556.csv,True,False,False,1751925379.8232613,611209.7427845001
421855,1751924768.613761,1751925261.889753,batch_consumer-sts-0_20250707_215433_109556.csv,True,False,False,1751925379.8232613,611209.5003128052
421865,1751924768.6140373,1751925261.915568,batch_consumer-sts-0_20250707_215433_109556.csv,True,False,False,1751925379.8232613,611209.223985672
421875,1751924768.6147304,1751925261.9419336,batch_consumer-sts-0_20250707_215433_109556.csv,True,False,False,1751925379.8232613,611208.5309028625
421885,1751924768.6149914,1751925261.967621,batch_consumer-sts-0_20250707_215433_109556.csv,True,False,False,1751925379.8232613,611208.2698345184
421895,1751924768.615228,1751925261.9947376,batch_consumer-sts-0_20250707_215433_109556.csv,True,False,False,1751925379.8232613,611208.033323288
421905,1751924768.6154609,1751925262.0204546,batch_consumer-sts-0_20250707_215433_109556.csv,True,False,False,1751925379.8232613,611207.8003883362
421915,1751924768.6160648,1751925262.0831687,batch_consumer-sts-0_20250707_215433_109556.csv,True,False,False,1751925379.8232613,611207.1964740753
421925,1751924768.6163585,1751925262.1079588,batch_consumer-sts-0_20250707_215433_109556.csv,True,False,False,1751925379.8232613,611206.9027423859
421935,1751924768.6168604,1751925262.1346486,batch_consumer-sts-0_20250707_215433_109556.csv,True,False,False,1751925379.8232613,611206.4008712769
421945,1751924768.617038,1751925262.1660209,batch_consumer-sts-0_20250707_215433_109556.csv,True,False,False,1751925379.8232613,611206.2232494354
421955,1751924768.6172278,1751925262.192961,batch_consumer-sts-0_20250707_215433_109556.csv,True,False,False,1751925379.8232613,611206.0334682465
421965,1751924768.6174064,1751925262.2187266,batch_consumer-sts-0_20250707_215433_109556.csv,True,False,False,1751925379.8232613,611205.8548927307
421975,1751924768.6175833,1751925262.2449586,batch_consumer-sts-0_20250707_215433_109556.csv,True,False,False,1751925379.8232613,611205.677986145
421985,1751924768.6177604,1751925262.271099,batch_consumer-sts-0_20250707_215433_109556.csv,True,False,False,1751925379.8232613,611205.5008411407
421995,1751924768.6179378,1751925262.2971146,batch_consumer-sts-0_20250707_215433_109556.csv,True,False,False,1751925379.8232613,611205.3234577179
422005,1751924768.6181126,1751925262.32331,batch_consumer-sts-0_20250707_215433_109556.csv,True,False,False,1751925379.8232613,611205.1486968994
422015,1751924768.6183543,1751925262.3501596,batch_consumer-sts-0_20250707_215433_109556.csv,True,False,False,1751925379.8232613,611204.9069404602
422025,1751924768.618579,1751925262.3766906,batch_consumer-sts-0_20250707_215433_109556.csv,True,False,False,1751925379.8232613,611204.6823501587
422035,1751924768.6188064,1751925262.4029973,batch_consumer-sts-0_20250707_215433_109556.csv,True,False,False,1751925379.8232613,611204.4548988342
422045,1751924768.6190302,1751925262.4290757,batch_consumer-sts-0_20250707_215433_109556.csv,True,False,False,1751925379.8232613,611204.2310237885
422055,1751924768.61925,1751925262.4557707,batch_consumer-sts-0_20250707_215433_109556.csv,True,False,False,1751925379.8232613,611204.0112018585
422065,1751924768.619516,1751925262.4825184,batch_consumer-sts-0_20250707_215433_109556.csv,True,False,False,1751925379.8232613,611203.7453651428
422075,1751924768.619995,1751925262.5089295,batch_consumer-sts-0_20250707_215433_109556.csv,True,False,False,1751925379.8232613,611203.2661437988
422085,1751924768.620304,1751925262.535593,batch_consumer-sts-0_20250707_215433_109556.csv,True,False,False,1751925379.8232613,611202.9571533203
422095,1751924768.6211853,1751925262.5961154,batch_consumer-sts-0_20250707_215433_109556.csv,True,False,False,1751925379.8232613,611202.075958252
422105,1751924768.6216583,1751925262.6219645,batch_consumer-sts-0_20250707_215433_109556.csv,True,False,False,1751925379.8232613,611201.602935791
422115,1751924768.622093,1751925262.6476743,batch_consumer-sts-0_20250707_215433_109556.csv,True,False,False,1751925379.8232613,611201.1682987213
422125,1751924768.622651,1751925262.6743476,batch_consumer-sts-0_20250707_215433_109556.csv,True,False,False,1751925379.8232613,611200.6101608276
422135,1751924768.622882,1751925263.3649952,batch_consumer-sts-0_20250707_215433_109556.csv,True,False,False,1751925379.8232613,611200.3793716431
422145,1751924768.6231165,1751925263.3910253,batch_consumer-sts-0_20250707_215433_109556.csv,True,False,False,1751925379.8232613,611200.1447677612
422155,1751924768.6233604,1751925263.4167926,batch_consumer-sts-0_20250707_215433_109556.csv,True,False,False,1751925379.8232613,611199.9008655548
422165,1751924768.623566,1751925263.4437246,batch_consumer-sts-0_20250707_215433_109556.csv,True,False,False,1751925379.8232613,611199.6953487396
422175,1751924768.6237445,1751925263.470214,batch_consumer-sts-0_20250707_215433_109556.csv,True,False,False,1751925379.8232613,611199.5167732239
422185,1751924768.6239283,1751925263.4968517,batch_consumer-sts-0_20250707_215433_109556.csv,True,False,False,1751925379.8232613,611199.3329524994
422195,1751924768.624112,1751925263.52275,batch_consumer-sts-0_20250707_215433_109556.csv,True,False,False,1751925379.8232613,611199.1493701935
422205,1751924768.6242883,1751925263.549394,batch_consumer-sts-0_20250707_215433_109556.csv,True,False,False,1751925379.8232613,611198.972940445
422215,1751924768.6244688,1751925263.5759895,batch_consumer-sts-0_20250707_215433_109556.csv,True,False,False,1751925379.8232613,611198.7924575806
422225,1751924768.6246612,1751925263.603212,batch_consumer-sts-0_20250707_215433_109556.csv,True,False,False,1751925379.8232613,611198.6000537872
422235,1751924768.624853,1751925263.629532,batch_consumer-sts-0_20250707_215433_109556.csv,True,False,False,1751925379.8232613,611198.4083652496
422245,1751924768.6250348,1751925263.6557534,batch_consumer-sts-0_20250707_215433_109556.csv,True,False,False,1751925379.8232613,611198.2264518738
422255,1751924768.6252148,1751925264.6844091,batch_consumer-sts-0_20250707_215433_109556.csv,True,False,False,1751925379.8232613,611198.0464458466
422265,1751924768.625647,1751925264.7114954,batch_consumer-sts-0_20250707_215433_109556.csv,True,False,False,1751925379.8232613,611197.6141929626
422275,1751924768.625827,1751925264.7391922,batch_consumer-sts-0_20250707_215433_109556.csv,True,False,False,1751925379.8232613,611197.4341869354
422285,1751924768.6263273,1751925264.7658246,batch_consumer-sts-0_20250707_215433_109556.csv,True,False,False,1751925379.8232613,611196.9339847565
422295,1751924768.626539,1751925264.7935069,batch_consumer-sts-0_20250707_215433_109556.csv,True,False,False,1751925379.8232613,611196.7222690582
422305,1751924768.6267862,1751925264.8188746,batch_consumer-sts-0_20250707_215433_109556.csv,True,False,False,1751925379.8232613,611196.4750289917
422315,1751924768.6270113,1751925264.8469205,batch_consumer-sts-0_20250707_215433_109556.csv,True,False,False,1751925379.8232613,611196.249961853
422325,1751924768.6272478,1751925264.8743231,batch_consumer-sts-0_20250707_215433_109556.csv,True,False,False,1751925379.8232613,611196.0134506226
422335,1751924768.6274817,1751925264.9014044,batch_consumer-sts-0_20250707_215433_109556.csv,True,False,False,1751925379.8232613,611195.7795619965
422345,1751924768.6276836,1751925264.92781,batch_consumer-sts-0_20250707_215433_109556.csv,True,False,False,1751925379.8232613,611195.57762146
422355,1751924768.627869,1751925264.9543438,batch_consumer-sts-0_20250707_215433_109556.csv,True,False,False,1751925379.8232613,611195.392370224
422365,1751924768.6280808,1751925264.981264,batch_consumer-sts-0_20250707_215433_109556.csv,True,False,False,1751925379.8232613,611195.1804161072
422375,1751924768.6282966,1751925265.0076666,batch_consumer-sts-0_20250707_215433_109556.csv,True,False,False,1751925379.8232613,611194.9646472931
422385,1751924768.628506,1751925265.0346162,batch_consumer-sts-0_20250707_215433_109556.csv,True,False,False,1751925379.8232613,611194.7553157806
422395,1751924768.628719,1751925265.061595,batch_consumer-sts-0_20250707_215433_109556.csv,True,False,False,1751925379.8232613,611194.5421695709
422405,1751924768.6289334,1751925265.0887125,batch_consumer-sts-0_20250707_215433_109556.csv,True,False,False,1751925379.8232613,611194.3278312683
422415,1751924768.6291597,1751925265.2515285,batch_consumer-sts-0_20250707_215433_109556.csv,True,False,False,1751925379.8232613,611194.1015720367
422425,1751924768.6293566,1751925265.2774107,batch_consumer-sts-0_20250707_215433_109556.csv,True,False,False,1751925379.8232613,611193.9046382904
422435,1751924768.6303408,1751925265.3037386,batch_consumer-sts-0_20250707_215433_109556.csv,True,False,False,1751925379.8232613,611192.9204463959
422445,1751924768.6307385,1751925265.3305774,batch_consumer-sts-0_20250707_215433_109556.csv,True,False,False,1751925379.8232613,611192.5227642059
422455,1751924768.630953,1751925265.357789,batch_consumer-sts-0_20250707_215433_109556.csv,True,False,False,1751925379.8232613,611192.3081874847
422465,1751924768.6311677,1751925265.3898826,batch_consumer-sts-0_20250707_215433_109556.csv,True,False,False,1751925379.8232613,611192.0936107635
422475,1751924768.631379,1751925265.416036,batch_consumer-sts-0_20250707_215433_109556.csv,True,False,False,1751925379.8232613,611191.8823719025
422485,1751924768.6315827,1751925265.442874,batch_consumer-sts-0_20250707_215433_109556.csv,True,False,False,1751925379.8232613,611191.6785240173
422495,1751924768.631779,1751925265.4702015,batch_consumer-sts-0_20250707_215433_109556.csv,True,False,False,1751925379.8232613,611191.4823055267
422505,1751924768.6319592,1751925265.497138,batch_consumer-sts-0_20250707_215433_109556.csv,True,False,False,1751925379.8232613,611191.3020610809
422515,1751924768.6321588,1751925265.5223002,batch_consumer-sts-0_20250707_215433_109556.csv,True,False,False,1751925379.8232613,611191.1025047302
422525,1751924768.6323512,1751925265.548979,batch_consumer-sts-0_20250707_215433_109556.csv,True,False,False,1751925379.8232613,611190.9101009369
422535,1751924768.632541,1751925265.5757165,batch_consumer-sts-0_20250707_215433_109556.csv,True,False,False,1751925379.8232613,611190.7203197479
422545,1751924768.6327305,1751925265.602488,batch_consumer-sts-0_20250707_215433_109556.csv,True,False,False,1751925379.8232613,611190.5307769775
422555,1751924768.632922,1751925265.6291907,batch_consumer-sts-0_20250707_215433_109556.csv,True,False,False,1751925379.8232613,611190.3393268585
422565,1751924768.6331246,1751925265.655576,batch_consumer-sts-0_20250707_215433_109556.csv,True,False,False,1751925379.8232613,611190.1366710663
422575,1751924768.6333165,1751925265.6824706,batch_consumer-sts-0_20250707_215433_109556.csv,True,False,False,1751925379.8232613,611189.9447441101
422585,1751924768.63351,1751925265.7090678,batch_consumer-sts-0_20250707_215433_109556.csv,True,False,False,1751925379.8232613,611189.7511482239
422595,1751924768.6336882,1751925265.73545,batch_consumer-sts-0_20250707_215433_109556.csv,True,False,False,1751925379.8232613,611189.5730495453
422605,1751924768.6338685,1751925265.7619426,batch_consumer-sts-0_20250707_215433_109556.csv,True,False,False,1751925379.8232613,611189.3928050995
422615,1751924768.634048,1751925265.7876475,batch_consumer-sts-0_20250707_215433_109556.csv,True,False,False,1751925379.8232613,611189.2132759094
422625,1751924768.6342742,1751925265.814195,batch_consumer-sts-0_20250707_215433_109556.csv,True,False,False,1751925379.8232613,611188.9870166779
422635,1751924768.634493,1751925265.8409646,batch_consumer-sts-0_20250707_215433_109556.csv,True,False,False,1751925379.8232613,611188.7681484222
422645,1751924768.634725,1751925265.8678577,batch_consumer-sts-0_20250707_215433_109556.csv,True,False,False,1751925379.8232613,611188.5361671448
422655,1751924768.634976,1751925265.8937645,batch_consumer-sts-0_20250707_215433_109556.csv,True,False,False,1751925379.8232613,611188.2853507996
422665,1751924768.635215,1751925265.9201565,batch_consumer-sts-0_20250707_215433_109556.csv,True,False,False,1751925379.8232613,611188.0462169647
422675,1751924768.6354542,1751925265.9469564,batch_consumer-sts-0_20250707_215433_109556.csv,True,False,False,1751925379.8232613,611187.8070831299
422685,1751924768.6356945,1751925265.97352,batch_consumer-sts-0_20250707_215433_109556.csv,True,False,False,1751925379.8232613,611187.5667572021
422695,1751924768.6358905,1751925266.0002313,batch_consumer-sts-0_20250707_215433_109556.csv,True,False,False,1751925379.8232613,611187.3707771301
422705,1751924768.6360946,1751925266.0271678,batch_consumer-sts-0_20250707_215433_109556.csv,True,False,False,1751925379.8232613,611187.1666908264
422715,1751924768.6362789,1751925266.0537117,batch_consumer-sts-0_20250707_215433_109556.csv,True,False,False,1751925379.8232613,611186.9823932648
422725,1751924768.636463,1751925266.0807147,batch_consumer-sts-0_20250707_215433_109556.csv,True,False,False,1751925379.8232613,611186.7983341217
422735,1751924768.6366508,1751925266.1084063,batch_consumer-sts-0_20250707_215433_109556.csv,True,False,False,1751925379.8232613,611186.6104602814
422745,1751924768.6368318,1751925266.1353705,batch_consumer-sts-0_20250707_215433_109556.csv,True,False,False,1751925379.8232613,611186.4295005798
422755,1751924768.6370194,1751925266.162047,batch_consumer-sts-0_20250707_215433_109556.csv,True,False,False,1751925379.8232613,611186.2418651581
422765,1751924768.6372042,1751925266.1889164,batch_consumer-sts-0_20250707_215433_109556.csv,True,False,False,1751925379.8232613,611186.0570907593
422775,1751924768.637388,1751925266.215117,batch_consumer-sts-0_20250707_215433_109556.csv,True,False,False,1751925379.8232613,611185.8732700348
422785,1751924768.637569,1751925266.2415292,batch_consumer-sts-0_20250707_215433_109556.csv,True,False,False,1751925379.8232613,611185.6923103333
422795,1751924768.6377497,1751925266.2676992,batch_consumer-sts-0_20250707_215433_109556.csv,True,False,False,1751925379.8232613,611185.5115890503
422805,1751924768.6379292,1751925266.294218,batch_consumer-sts-0_20250707_215433_109556.csv,True,False,False,1751925379.8232613,611185.3320598602
422815,1751924768.638108,1751925266.320352,batch_consumer-sts-0_20250707_215433_109556.csv,True,False,False,1751925379.8232613,611185.1532459259
422825,1751924768.638322,1751925266.3477046,batch_consumer-sts-0_20250707_215433_109556.csv,True,False,False,1751925379.8232613,611184.9391460419
422835,1751924768.638509,1751925266.3745332,batch_consumer-sts-0_20250707_215433_109556.csv,True,False,False,1751925379.8232613,611184.7522258759
422845,1751924768.638708,1751925266.4014354,batch_consumer-sts-0_20250707_215433_109556.csv,True,False,False,1751925379.8232613,611184.5531463623
422855,1751924768.638903,1751925266.4277997,batch_consumer-sts-0_20250707_215433_109556.csv,True,False,False,1751925379.8232613,611184.3583583832
422865,1751924768.6390977,1751925266.4547997,batch_consumer-sts-0_20250707_215433_109556.csv,True,False,False,1751925379.8232613,611184.163570404
422875,1751924768.639294,1751925266.481482,batch_consumer-sts-0_20250707_215433_109556.csv,True,False,False,1751925379.8232613,611183.9673519135
422885,1751924768.639505,1751925266.5085995,batch_consumer-sts-0_20250707_215433_109556.csv,True,False,False,1751925379.8232613,611183.756351471
422895,1751924768.639686,1751925266.5355003,batch_consumer-sts-0_20250707_215433_109556.csv,True,False,False,1751925379.8232613,611183.5751533508
422905,1751924768.63987,1751925266.562224,batch_consumer-sts-0_20250707_215433_109556.csv,True,False,False,1751925379.8232613,611183.3913326263
422915,1751924768.6400542,1751925266.589033,batch_consumer-sts-0_20250707_215433_109556.csv,True,False,False,1751925379.8232613,611183.2070350647
422925,1751924768.6402433,1751925266.6147673,batch_consumer-sts-0_20250707_215433_109556.csv,True,False,False,1751925379.8232613,611183.0179691315
422935,1751924768.640421,1751925266.6414144,batch_consumer-sts-0_20250707_215433_109556.csv,True,False,False,1751925379.8232613,611182.84034729
422945,1751924768.6406026,1751925266.6683807,batch_consumer-sts-0_20250707_215433_109556.csv,True,False,False,1751925379.8232613,611182.6586723328
422955,1751924768.640784,1751925266.6958628,batch_consumer-sts-0_20250707_215433_109556.csv,True,False,False,1751925379.8232613,611182.4772357941
422965,1751924768.6409657,1751925266.7220757,batch_consumer-sts-0_20250707_215433_109556.csv,True,False,False,1751925379.8232613,611182.2955608368
422975,1751924768.641148,1751925266.749307,batch_consumer-sts-0_20250707_215433_109556.csv,True,False,False,1751925379.8232613,611182.1131706238
422985,1751924768.6413243,1751925266.7783751,batch_consumer-sts-0_20250707_215433_109556.csv,True,False,False,1751925379.8232613,611181.9369792938
422995,1751924768.6415236,1751925266.8049874,batch_consumer-sts-0_20250707_215433_109556.csv,True,False,False,1751925379.8232613,611181.7376613617
426515,1751924768.7222333,1751925266.8334205,batch_consumer-sts-0_20250707_215433_109556.csv,True,False,False,1751925379.8232613,611101.0279655457
426525,1751924768.722433,1751925266.8608208,batch_consumer-sts-0_20250707_215433_109556.csv,True,False,False,1751925379.8232613,611100.8281707764
426535,1751924768.7226243,1751925266.8876994,batch_consumer-sts-0_20250707_215433_109556.csv,True,False,False,1751925379.8232613,611100.6369590759
426545,1751924768.7228134,1751925266.9135363,batch_consumer-sts-0_20250707_215433_109556.csv,True,False,False,1751925379.8232613,611100.4478931427
426555,1751924768.7230122,1751925266.9402869,batch_consumer-sts-0_20250707_215433_109556.csv,True,False,False,1751925379.8232613,611100.2490520477
426565,1751924768.723217,1751925266.9670725,batch_consumer-sts-0_20250707_215433_109556.csv,True,False,False,1751925379.8232613,611100.0442504883
426575,1751924768.7234328,1751925266.9935262,batch_consumer-sts-0_20250707_215433_109556.csv,True,False,False,1751925379.8232613,611099.8284816742
426585,1751924768.7236266,1751925267.019658,batch_consumer-sts-0_20250707_215433_109556.csv,True,False,False,1751925379.8232613,611099.6346473694
426595,1751924768.723824,1751925267.046546,batch_consumer-sts-0_20250707_215433_109556.csv,True,False,False,1751925379.8232613,611099.4372367859
426605,1751924768.724013,1751925267.0734525,batch_consumer-sts-0_20250707_215433_109556.csv,True,False,False,1751925379.8232613,611099.2481708527
426615,1751924768.7242024,1751925267.100657,batch_consumer-sts-0_20250707_215433_109556.csv,True,False,False,1751925379.8232613,611099.0588665009
426625,1751924768.7244296,1751925267.1274087,batch_consumer-sts-0_20250707_215433_109556.csv,True,False,False,1751925379.8232613,611098.831653595
426635,1751924768.7246587,1751925267.1889648,batch_consumer-sts-0_20250707_215433_109556.csv,True,False,False,1751925379.8232613,611098.6025333405
426645,1751924768.724853,1751925267.2153263,batch_consumer-sts-0_20250707_215433_109556.csv,True,False,False,1751925379.8232613,611098.4082221985
426655,1751924768.7250726,1751925267.2420158,batch_consumer-sts-0_20250707_215433_109556.csv,True,False,False,1751925379.8232613,611098.1886386871
426665,1751924768.7253015,1751925267.268654,batch_consumer-sts-0_20250707_215433_109556.csv,True,False,False,1751925379.8232613,611097.9597568512
426675,1751924768.725525,1751925267.2975652,batch_consumer-sts-0_20250707_215433_109556.csv,True,False,False,1751925379.8232613,611097.7363586426
426685,1751924768.7257462,1751925267.324077,batch_consumer-sts-0_20250707_215433_109556.csv,True,False,False,1751925379.8232613,611097.5151062012
426695,1751924768.7259414,1751925267.3514233,batch_consumer-sts-0_20250707_215433_109556.csv,True,False,False,1751925379.8232613,611097.3198413849
426705,1751924768.7261417,1751925267.3787053,batch_consumer-sts-0_20250707_215433_109556.csv,True,False,False,1751925379.8232613,611097.1195697784
426715,1751924768.7263963,1751925267.406398,batch_consumer-sts-0_20250707_215433_109556.csv,True,False,False,1751925379.8232613,611096.864938736
426725,1751924768.7266352,1751925267.445207,batch_consumer-sts-0_20250707_215433_109556.csv,True,False,False,1751925379.8232613,611096.6260433197
426735,1751924768.727113,1751925267.4720633,batch_consumer-sts-0_20250707_215433_109556.csv,True,False,False,1751925379.8232613,611096.1482524872
426745,1751924768.7273543,1751925267.4983306,batch_consumer-sts-0_20250707_215433_109556.csv,True,False,False,1751925379.8232613,611095.9069728851
426755,1751924768.7278352,1751925267.5251138,batch_consumer-sts-0_20250707_215433_109556.csv,True,False,False,1751925379.8232613,611095.4260826111
426765,1751924768.7280345,1751925267.5520935,batch_consumer-sts-0_20250707_215433_109556.csv,True,False,False,1751925379.8232613,611095.226764679
426775,1751924768.7282176,1751925267.5775456,batch_consumer-sts-0_20250707_215433_109556.csv,True,False,False,1751925379.8232613,611095.0436592102
426785,1751924768.7283957,1751925267.6040254,batch_consumer-sts-0_20250707_215433_109556.csv,True,False,False,1751925379.8232613,611094.8655605316
426795,1751924768.7286143,1751925267.6311488,batch_consumer-sts-0_20250707_215433_109556.csv,True,False,False,1751925379.8232613,611094.6469306946
426805,1751924768.7288194,1751925267.6577544,batch_consumer-sts-0_20250707_215433_109556.csv,True,False,False,1751925379.8232613,611094.4418907166
426815,1751924768.729009,1751925267.728682,batch_consumer-sts-0_20250707_215433_109556.csv,True,False,False,1751925379.8232613,611094.2523479462
426825,1751924768.7291958,1751925267.7562947,batch_consumer-sts-0_20250707_215433_109556.csv,True,False,False,1751925379.8232613,611094.0654277802
426835,1751924768.7293942,1751925267.7835178,batch_consumer-sts-0_20250707_215433_109556.csv,True,False,False,1751925379.8232613,611093.8670635223
426845,1751924768.7295873,1751925267.8106174,batch_consumer-sts-0_20250707_215433_109556.csv,True,False,False,1751925379.8232613,611093.6739444733
426855,1751924768.7297928,1751925267.8427942,batch_consumer-sts-0_20250707_215433_109556.csv,True,False,False,1751925379.8232613,611093.4684276581
426865,1751924768.7299805,1751925267.869923,batch_consumer-sts-0_20250707_215433_109556.csv,True,False,False,1751925379.8232613,611093.2807922363
426875,1751924768.7301726,1751925267.8960876,batch_consumer-sts-0_20250707_215433_109556.csv,True,False,False,1751925379.8232613,611093.0886268616
426885,1751924768.7304072,1751925267.926627,batch_consumer-sts-0_20250707_215433_109556.csv,True,False,False,1751925379.8232613,611092.8540229797
426895,1751924768.7306316,1751925267.9537587,batch_consumer-sts-0_20250707_215433_109556.csv,True,False,False,1751925379.8232613,611092.6296710968
426905,1751924768.730854,1751925267.9815145,batch_consumer-sts-0_20250707_215433_109556.csv,True,False,False,1751925379.8232613,611092.4072265625
426915,1751924768.7310758,1751925268.0090568,batch_consumer-sts-0_20250707_215433_109556.csv,True,False,False,1751925379.8232613,611092.1854972839
426925,1751924768.731293,1751925268.0357652,batch_consumer-sts-0_20250707_215433_109556.csv,True,False,False,1751925379.8232613,611091.9682979584
426935,1751924768.7315168,1751925268.0627284,batch_consumer-sts-0_20250707_215433_109556.csv,True,False,False,1751925379.8232613,611091.7444229126
426945,1751924768.7317135,1751925268.08943,batch_consumer-sts-0_20250707_215433_109556.csv,True,False,False,1751925379.8232613,611091.5477275848
426955,1751924768.7319136,1751925268.2058551,batch_consumer-sts-0_20250707_215433_109556.csv,True,False,False,1751925379.8232613,611091.347694397
426965,1751924768.7320943,1751925268.232602,batch_consumer-sts-0_20250707_215433_109556.csv,True,False,False,1751925379.8232613,611091.166973114
426975,1751924768.7322795,1751925268.259052,batch_consumer-sts-0_20250707_215433_109556.csv,True,False,False,1751925379.8232613,611090.981721878
426985,1751924768.7324646,1751925268.2865686,batch_consumer-sts-0_20250707_215433_109556.csv,True,False,False,1751925379.8232613,611090.7967090607
426995,1751924768.7326517,1751925268.3129773,batch_consumer-sts-0_20250707_215433_109556.csv,True,False,False,1751925379.8232613,611090.6095504761
427005,1751924768.732841,1751925268.3417974,batch_consumer-sts-0_20250707_215433_109556.csv,True,False,False,1751925379.8232613,611090.4202461243
427015,1751924768.7330377,1751925268.368343,batch_consumer-sts-0_20250707_215433_109556.csv,True,False,False,1751925379.8232613,611090.2235507965
427025,1751924768.7332246,1751925268.3950386,batch_consumer-sts-0_20250707_215433_109556.csv,True,False,False,1751925379.8232613,611090.0366306305
427035,1751924768.7334116,1751925268.421106,batch_consumer-sts-0_20250707_215433_109556.csv,True,False,False,1751925379.8232613,611089.8497104645
427045,1751924768.7335958,1751925268.447468,batch_consumer-sts-0_20250707_215433_109556.csv,True,False,False,1751925379.8232613,611089.6654129028
427055,1751924768.7337792,1751925268.4740615,batch_consumer-sts-0_20250707_215433_109556.csv,True,False,False,1751925379.8232613,611089.4820690155
427065,1751924768.7339623,1751925268.5036724,batch_consumer-sts-0_20250707_215433_109556.csv,True,False,False,1751925379.8232613,611089.2989635468
427075,1751924768.7341504,1751925268.530544,batch_consumer-sts-0_20250707_215433_109556.csv,True,False,False,1751925379.8232613,611089.1108512878
427085,1751924768.7343855,1751925268.557021,batch_consumer-sts-0_20250707_215433_109556.csv,True,False,False,1751925379.8232613,611088.8757705688
427095,1751924768.7348752,1751925268.583821,batch_consumer-sts-0_20250707_215433_109556.csv,True,False,False,1751925379.8232613,611088.3860588074
427105,1751924768.7356608,1751925268.6103103,batch_consumer-sts-0_20250707_215433_109556.csv,True,False,False,1751925379.8232613,611087.6004695892
427115,1751924768.7358737,1751925268.6372907,batch_consumer-sts-0_20250707_215433_109556.csv,True,False,False,1751925379.8232613,611087.3875617981
427125,1751924768.7360892,1751925268.6649315,batch_consumer-sts-0_20250707_215433_109556.csv,True,False,False,1751925379.8232613,611087.1720314026
427135,1751924768.7363026,1751925268.6923034,batch_consumer-sts-0_20250707_215433_109556.csv,True,False,False,1751925379.8232613,611086.9586467743
427145,1751924768.736523,1751925268.7185562,batch_consumer-sts-0_20250707_215433_109556.csv,True,False,False,1751925379.8232613,611086.7383480072
427155,1751924768.7367115,1751925268.7456384,batch_consumer-sts-0_20250707_215433_109556.csv,True,False,False,1751925379.8232613,611086.5497589111
427165,1751924768.736911,1751925269.7741714,batch_consumer-sts-0_20250707_215433_109556.csv,True,False,False,1751925379.8232613,611086.3502025604
427175,1751924768.7371087,1751925269.8018994,batch_consumer-sts-0_20250707_215433_109556.csv,True,False,False,1751925379.8232613,611086.1525535583
427185,1751924768.7373612,1751925269.829052,batch_consumer-sts-0_20250707_215433_109556.csv,True,False,False,1751925379.8232613,611085.9000682831
427195,1751924768.738027,1751925269.856179,batch_consumer-sts-0_20250707_215433_109556.csv,True,False,False,1751925379.8232613,611085.2341651917
427205,1751924768.7386074,1751925269.8807192,batch_consumer-sts-0_20250707_215433_109556.csv,True,False,False,1751925379.8232613,611084.6538543701
427215,1751924768.7393267,1751925269.9076035,batch_consumer-sts-0_20250707_215433_109556.csv,True,False,False,1751925379.8232613,611083.934545517
427225,1751924768.739536,1751925269.9391096,batch_consumer-sts-0_20250707_215433_109556.csv,True,False,False,1751925379.8232613,611083.7252140045
427235,1751924768.7397635,1751925269.9664395,batch_consumer-sts-0_20250707_215433_109556.csv,True,False,False,1751925379.8232613,611083.49776268
427245,1751924768.7399795,1751925269.9933813,batch_consumer-sts-0_20250707_215433_109556.csv,True,False,False,1751925379.8232613,611083.2817554474
427255,1751924768.740204,1751925270.019781,batch_consumer-sts-0_20250707_215433_109556.csv,True,False,False,1751925379.8232613,611083.0571651459
427265,1751924768.740393,1751925270.047561,batch_consumer-sts-0_20250707_215433_109556.csv,True,False,False,1751925379.8232613,611082.8683376312
427275,1751924768.740581,1751925270.0748734,batch_consumer-sts-0_20250707_215433_109556.csv,True,False,False,1751925379.8232613,611082.6802253723
427285,1751924768.740767,1751925270.102923,batch_consumer-sts-0_20250707_215433_109556.csv,True,False,False,1751925379.8232613,611082.4942588806
427295,1751924768.740966,1751925270.1295092,batch_consumer-sts-0_20250707_215433_109556.csv,True,False,False,1751925379.8232613,611082.2951793671
427305,1751924768.7411442,1751925270.157202,batch_consumer-sts-0_20250707_215433_109556.csv,True,False,False,1751925379.8232613,611082.1170806885
427315,1751924768.7413206,1751925270.1850207,batch_consumer-sts-0_20250707_215433_109556.csv,True,False,False,1751925379.8232613,611081.9406509399
427325,1751924768.741568,1751925270.2112448,batch_consumer-sts-0_20250707_215433_109556.csv,True,False,False,1751925379.8232613,611081.6931724548
427335,1751924768.7421744,1751925270.674312,batch_consumer-sts-0_20250707_215433_109556.csv,True,False,False,1751925379.8232613,611081.0868740082
427345,1751924768.742409,1751925270.7011678,batch_consumer-sts-0_20250707_215433_109556.csv,True,False,False,1751925379.8232613,611080.8522701263
427355,1751924768.7426353,1751925270.7269194,batch_consumer-sts-0_20250707_215433_109556.csv,True,False,False,1751925379.8232613,611080.6260108948
427365,1751924768.742853,1751925270.7535377,batch_consumer-sts-0_20250707_215433_109556.csv,True,False,False,1751925379.8232613,611080.408334732
427375,1751924768.7430885,1751925270.7808597,batch_consumer-sts-0_20250707_215433_109556.csv,True,False,False,1751925379.8232613,611080.1727771759
427385,1751924768.7433386,1751925270.806473,batch_consumer-sts-0_20250707_215433_109556.csv,True,False,False,1751925379.8232613,611079.9226760864
427395,1751924768.7440925,1751925270.833639,batch_consumer-sts-0_20250707_215433_109556.csv,True,False,False,1751925379.8232613,611079.1687965393
427405,1751924768.7451477,1751925270.861058,batch_consumer-sts-0_20250707_215433_109556.csv,True,False,False,1751925379.8232613,611078.1135559082
427415,1751924768.7453618,1751925270.886971,batch_consumer-sts-0_20250707_215433_109556.csv,True,False,False,1751925379.8232613,611077.8994560242
427425,1751924768.745541,1751925270.9127831,batch_consumer-sts-0_20250707_215433_109556.csv,True,False,False,1751925379.8232613,611077.7201652527
427435,1751924768.7457223,1751925270.9390347,batch_consumer-sts-0_20250707_215433_109556.csv,True,False,False,1751925379.8232613,611077.5389671326
427445,1751924768.745906,1751925270.9657426,batch_consumer-sts-0_20250707_215433_109556.csv,True,False,False,1751925379.8232613,611077.3551464081
427455,1751924768.746107,1751925270.9925425,batch_consumer-sts-0_20250707_215433_109556.csv,True,False,False,1751925379.8232613,611077.1541595459
427465,1751924768.7463365,1751925271.0180414,batch_consumer-sts-0_20250707_215433_109556.csv,True,False,False,1751925379.8232613,611076.9248008728
427475,1751924768.7465568,1751925271.044562,batch_consumer-sts-0_20250707_215433_109556.csv,True,False,False,1751925379.8232613,611076.7045021057
427485,1751924768.7467444,1751925271.071278,batch_consumer-sts-0_20250707_215433_109556.csv,True,False,False,1751925379.8232613,611076.516866684
427495,1751924768.7469442,1751925271.0978415,batch_consumer-sts-0_20250707_215433_109556.csv,True,False,False,1751925379.8232613,611076.3170719147
427505,1751924768.74717,1751925271.1242316,batch_consumer-sts-0_20250707_215433_109556.csv,True,False,False,1751925379.8232613,611076.0912895203
427515,1751924768.7473905,1751925271.1516995,batch_consumer-sts-0_20250707_215433_109556.csv,True,False,False,1751925379.8232613,611075.8707523346
427525,1751924768.7475832,1751925271.1790085,batch_consumer-sts-0_20250707_215433_109556.csv,True,False,False,1751925379.8232613,611075.6781101227
427535,1751924768.747774,1751925271.2053957,batch_consumer-sts-0_20250707_215433_109556.csv,True,False,False,1751925379.8232613,611075.4873752594
427545,1751924768.748287,1751925271.2316587,batch_consumer-sts-0_20250707_215433_109556.csv,True,False,False,1751925379.8232613,611074.9742984772
427555,1751924768.7484956,1751925271.2574108,batch_consumer-sts-0_20250707_215433_109556.csv,True,False,False,1751925379.8232613,611074.7656822205
427565,1751924768.748687,1751925271.283986,batch_consumer-sts-0_20250707_215433_109556.csv,True,False,False,1751925379.8232613,611074.5742321014
427575,1751924768.7491531,1751925271.3099496,batch_consumer-sts-0_20250707_215433_109556.csv,True,False,False,1751925379.8232613,611074.1081237793
427585,1751924768.7495806,1751925271.338468,batch_consumer-sts-0_20250707_215433_109556.csv,True,False,False,1751925379.8232613,611073.680639267
427595,1751924768.7500072,1751925271.3656995,batch_consumer-sts-0_20250707_215433_109556.csv,True,False,False,1751925379.8232613,611073.254108429
427605,1751924768.7502155,1751925271.3930156,batch_consumer-sts-0_20250707_215433_109556.csv,True,False,False,1751925379.8232613,611073.0457305908
427615,1751924768.7506766,1751925271.419043,batch_consumer-sts-0_20250707_215433_109556.csv,True,False,False,1751925379.8232613,611072.5846290588
427625,1751924768.7508962,1751925271.446304,batch_consumer-sts-0_20250707_215433_109556.csv,True,False,False,1751925379.8232613,611072.3650455475
427635,1751924768.75111,1751925271.4730246,batch_consumer-sts-0_20250707_215433_109556.csv,True,False,False,1751925379.8232613,611072.151184082
427645,1751924768.7513306,1751925271.4997952,batch_consumer-sts-0_20250707_215433_109556.csv,True,False,False,1751925379.8232613,611071.9306468964
427655,1751924768.7515316,1751925271.5259404,batch_consumer-sts-0_20250707_215433_109556.csv,True,False,False,1751925379.8232613,611071.7296600342
427665,1751924768.751726,1751925271.5516446,batch_consumer-sts-0_20250707_215433_109556.csv,True,False,False,1751925379.8232613,611071.5353488922
427675,1751924768.7519004,1751925271.577974,batch_consumer-sts-0_20250707_215433_109556.csv,True,False,False,1751925379.8232613,611071.3608264923
427685,1751924768.752078,1751925271.604207,batch_consumer-sts-0_20250707_215433_109556.csv,True,False,False,1751925379.8232613,611071.1832046509
427695,1751924768.7522526,1751925271.6308296,batch_consumer-sts-0_20250707_215433_109556.csv,True,False,False,1751925379.8232613,611071.008682251
427705,1751924768.752435,1751925271.6573458,batch_consumer-sts-0_20250707_215433_109556.csv,True,False,False,1751925379.8232613,611070.826292038
427715,1751924768.7526171,1751925271.6844022,batch_consumer-sts-0_20250707_215433_109556.csv,True,False,False,1751925379.8232613,611070.6441402435
427725,1751924768.7528193,1751925271.7113729,batch_consumer-sts-0_20250707_215433_109556.csv,True,False,False,1751925379.8232613,611070.4419612885
427735,1751924768.7530224,1751925271.73781,batch_consumer-sts-0_20250707_215433_109556.csv,True,False,False,1751925379.8232613,611070.238828659
427745,1751924768.7532134,1751925271.7653782,batch_consumer-sts-0_20250707_215433_109556.csv,True,False,False,1751925379.8232613,611070.0478553772
427755,1751924768.7537837,1751925271.7928274,batch_consumer-sts-0_20250707_215433_109556.csv,True,False,False,1751925379.8232613,611069.477558136
427765,1751924768.7539804,1751925271.818679,batch_consumer-sts-0_20250707_215433_109556.csv,True,False,False,1751925379.8232613,611069.2808628082
427775,1751924768.754722,1751925271.846002,batch_consumer-sts-0_20250707_215433_109556.csv,True,False,False,1751925379.8232613,611068.5391426086
427785,1751924768.7549307,1751925271.8802834,batch_consumer-sts-0_20250707_215433_109556.csv,True,False,False,1751925379.8232613,611068.3305263519
427795,1751924768.755142,1751925271.906722,batch_consumer-sts-0_20250707_215433_109556.csv,True,False,False,1751925379.8232613,611068.1192874908
427805,1751924768.7553527,1751925271.9343867,batch_consumer-sts-0_20250707_215433_109556.csv,True,False,False,1751925379.8232613,611067.9085254669
427815,1751924768.755576,1751925271.961708,batch_consumer-sts-0_20250707_215433_109556.csv,True,False,False,1751925379.8232613,611067.6853656769
427825,1751924768.755772,1751925271.988756,batch_consumer-sts-0_20250707_215433_109556.csv,True,False,False,1751925379.8232613,611067.4891471863
427835,1751924768.755963,1751925272.01502,batch_consumer-sts-0_20250707_215433_109556.csv,True,False,False,1751925379.8232613,611067.2981739044
427845,1751924768.7561622,1751925272.0420687,batch_consumer-sts-0_20250707_215433_109556.csv,True,False,False,1751925379.8232613,611067.0990943909
427855,1751924768.756353,1751925272.0696087,batch_consumer-sts-0_20250707_215433_109556.csv,True,False,False,1751925379.8232613,611066.9083595276
427865,1751924768.7565477,1751925272.096764,batch_consumer-sts-0_20250707_215433_109556.csv,True,False,False,1751925379.8232613,611066.7135715485
427875,1751924768.756746,1751925272.1265066,batch_consumer-sts-0_20250707_215433_109556.csv,True,False,False,1751925379.8232613,611066.5152072906
427885,1751924768.7569318,1751925272.1539445,batch_consumer-sts-0_20250707_215433_109556.csv,True,False,False,1751925379.8232613,611066.3294792175
427895,1751924768.7571237,1751925272.181173,batch_consumer-sts-0_20250707_215433_109556.csv,True,False,False,1751925379.8232613,611066.1375522614
427905,1751924768.7580788,1751925272.2075748,batch_consumer-sts-0_20250707_215433_109556.csv,True,False,False,1751925379.8232613,611065.1824474335
427915,1751924768.7582924,1751925272.234543,batch_consumer-sts-0_20250707_215433_109556.csv,True,False,False,1751925379.8232613,611064.9688243866
427925,1751924768.7584815,1751925272.261869,batch_consumer-sts-0_20250707_215433_109556.csv,True,False,False,1751925379.8232613,611064.7797584534
427935,1751924768.75867,1751925272.4074032,batch_consumer-sts-0_20250707_215433_109556.csv,True,False,False,1751925379.8232613,611064.5911693573
427945,1751924768.7588606,1751925272.43405,batch_consumer-sts-0_20250707_215433_109556.csv,True,False,False,1751925379.8232613,611064.4006729126
427955,1751924768.7590492,1751925272.46092,batch_consumer-sts-0_20250707_215433_109556.csv,True,False,False,1751925379.8232613,611064.2120838165
427965,1751924768.7592368,1751925272.4873402,batch_consumer-sts-0_20250707_215433_109556.csv,True,False,False,1751925379.8232613,611064.0244483948
427975,1751924768.759437,1751925272.513044,batch_consumer-sts-0_20250707_215433_109556.csv,True,False,False,1751925379.8232613,611063.8241767883
427985,1751924768.759616,1751925272.5396872,batch_consumer-sts-0_20250707_215433_109556.csv,True,False,False,1751925379.8232613,611063.645362854
427995,1751924768.759795,1751925272.5666535,batch_consumer-sts-0_20250707_215433_109556.csv,True,False,False,1751925379.8232613,611063.4663105011
428005,1751924768.7599857,1751925272.594428,batch_consumer-sts-0_20250707_215433_109556.csv,True,False,False,1751925379.8232613,611063.2755756378
428015,1751924768.7601604,1751925272.6209483,batch_consumer-sts-0_20250707_215433_109556.csv,True,False,False,1751925379.8232613,611063.1008148193
428025,1751924768.7603376,1751925272.6488044,batch_consumer-sts-0_20250707_215433_109556.csv,True,False,False,1751925379.8232613,611062.9236698151
428035,1751924768.7605178,1751925272.6902244,batch_consumer-sts-0_20250707_215433_109556.csv,True,False,False,1751925379.8232613,611062.7434253693
428045,1751924768.760692,1751925272.7173035,batch_consumer-sts-0_20250707_215433_109556.csv,True,False,False,1751925379.8232613,611062.5693798065
428055,1751924768.7608678,1751925272.74501,batch_consumer-sts-0_20250707_215433_109556.csv,True,False,False,1751925379.8232613,611062.3934268951
428065,1751924768.7610462,1751925272.772181,batch_consumer-sts-0_20250707_215433_109556.csv,True,False,False,1751925379.8232613,611062.215089798
428075,1751924768.7612195,1751925272.8625972,batch_consumer-sts-0_20250707_215433_109556.csv,True,False,False,1751925379.8232613,611062.041759491
428085,1751924768.761398,1751925272.889809,batch_consumer-sts-0_20250707_215433_109556.csv,True,False,False,1751925379.8232613,611061.8631839752
428095,1751924768.7615693,1751925272.915908,batch_consumer-sts-0_20250707_215433_109556.csv,True,False,False,1751925379.8232613,611061.6919994354
428105,1751924768.7617493,1751925272.9429364,batch_consumer-sts-0_20250707_215433_109556.csv,True,False,False,1751925379.8232613,611061.5119934082
428115,1751924768.7619257,1751925272.969977,batch_consumer-sts-0_20250707_215433_109556.csv,True,False,False,1751925379.8232613,611061.3355636597
428125,1751924768.7621205,1751925272.9973872,batch_consumer-sts-0_20250707_215433_109556.csv,True,False,False,1751925379.8232613,611061.1407756805
430115,1751924768.802493,1751925273.0237396,batch_consumer-sts-0_20250707_215433_109556.csv,True,False,False,1751925379.8232613,611020.7681655884
430125,1751924768.802932,1751925273.0551105,batch_consumer-sts-0_20250707_215433_109556.csv,True,False,False,1751925379.8232613,611020.3292369843
430135,1751924768.803378,1751925273.0823286,batch_consumer-sts-0_20250707_215433_109556.csv,True,False,False,1751925379.8232613,611019.8831558228
430145,1751924768.803797,1751925273.349208,batch_consumer-sts-0_20250707_215452_869642.csv,True,False,False,1751925379.8232613,611019.4642543793
430155,1751924768.8042293,1751925273.376628,batch_consumer-sts-0_20250707_215452_869642.csv,True,False,False,1751925379.8232613,611019.0320014954
430165,1751924768.8044093,1751925273.403962,batch_consumer-sts-0_20250707_215452_869642.csv,True,False,False,1751925379.8232613,611018.8519954681
430175,1751924768.8045866,1751925273.4311404,batch_consumer-sts-0_20250707_215452_869642.csv,True,False,False,1751925379.8232613,611018.6746120453
430185,1751924768.8047628,1751925273.4580162,batch_consumer-sts-0_20250707_215452_869642.csv,True,False,False,1751925379.8232613,611018.4984207153
430195,1751924768.804938,1751925273.4849334,batch_consumer-sts-0_20250707_215452_869642.csv,True,False,False,1751925379.8232613,611018.3231830597
430205,1751924768.8051186,1751925273.5118072,batch_consumer-sts-0_20250707_215452_869642.csv,True,False,False,1751925379.8232613,611018.1427001953
430215,1751924768.8053012,1751925273.5387287,batch_consumer-sts-0_20250707_215452_869642.csv,True,False,False,1751925379.8232613,611017.9600715637
430225,1751924768.8058393,1751925273.5658894,batch_consumer-sts-0_20250707_215452_869642.csv,True,False,False,1751925379.8232613,611017.4219608307
430235,1751924768.806116,1751925273.5929258,batch_consumer-sts-0_20250707_215452_869642.csv,True,False,False,1751925379.8232613,611017.1451568604
430245,1751924768.807283,1751925273.6197965,batch_consumer-sts-0_20250707_215452_869642.csv,True,False,False,1751925379.8232613,611015.9783363342
430255,1751924768.8079414,1751925273.646998,batch_consumer-sts-0_20250707_215452_869642.csv,True,False,False,1751925379.8232613,611015.3198242188
430265,1751924768.808432,1751925273.6743915,batch_consumer-sts-0_20250707_215452_869642.csv,True,False,False,1751925379.8232613,611014.829158783
430275,1751924768.808654,1751925273.7017016,batch_consumer-sts-0_20250707_215452_869642.csv,True,False,False,1751925379.8232613,611014.6071910858
430285,1751924768.8088453,1751925273.7313735,batch_consumer-sts-0_20250707_215452_869642.csv,True,False,False,1751925379.8232613,611014.4159793854
430295,1751924768.8090408,1751925273.7597554,batch_consumer-sts-0_20250707_215452_869642.csv,True,False,False,1751925379.8232613,611014.2204761505
430305,1751924768.809514,1751925273.7877245,batch_consumer-sts-0_20250707_215452_869642.csv,True,False,False,1751925379.8232613,611013.747215271
430315,1751924768.8097074,1751925273.8154166,batch_consumer-sts-0_20250707_215452_869642.csv,True,False,False,1751925379.8232613,611013.5538578033
430325,1751924768.8099012,1751925273.84301,batch_consumer-sts-0_20250707_215452_869642.csv,True,False,False,1751925379.8232613,611013.3600234985
430335,1751924768.810109,1751925273.8699763,batch_consumer-sts-0_20250707_215452_869642.csv,True,False,False,1751925379.8232613,611013.1523609161
430345,1751924768.8103056,1751925274.899669,batch_consumer-sts-0_20250707_215452_869642.csv,True,False,False,1751925379.8232613,611012.9556655884
430355,1751924768.810491,1751925274.9261153,batch_consumer-sts-0_20250707_215452_869642.csv,True,False,False,1751925379.8232613,611012.7701759338
430365,1751924768.8106863,1751925274.9533167,batch_consumer-sts-0_20250707_215452_869642.csv,True,False,False,1751925379.8232613,611012.5749111176
430375,1751924768.8108993,1751925274.9802449,batch_consumer-sts-0_20250707_215452_869642.csv,True,False,False,1751925379.8232613,611012.3620033264
430385,1751924768.811099,1751925275.007633,batch_consumer-sts-0_20250707_215452_869642.csv,True,False,False,1751925379.8232613,611012.1622085571
430395,1751924768.8112788,1751925275.0349767,batch_consumer-sts-0_20250707_215452_869642.csv,True,False,False,1751925379.8232613,611011.9824409485
430405,1751924768.8114605,1751925275.0623922,batch_consumer-sts-0_20250707_215452_869642.csv,True,False,False,1751925379.8232613,611011.8007659912
430415,1751924768.811644,1751925275.0893693,batch_consumer-sts-0_20250707_215452_869642.csv,True,False,False,1751925379.8232613,611011.6171836853
430425,1751924768.8118265,1751925275.117101,batch_consumer-sts-0_20250707_215452_869642.csv,True,False,False,1751925379.8232613,611011.4347934723
430435,1751924768.8120642,1751925275.1435213,batch_consumer-sts-0_20250707_215452_869642.csv,True,False,False,1751925379.8232613,611011.1970901489
430445,1751924768.8125648,1751925275.1713924,batch_consumer-sts-0_20250707_215452_869642.csv,True,False,False,1751925379.8232613,611010.6964111328
430455,1751924768.813239,1751925275.1987429,batch_consumer-sts-0_20250707_215452_869642.csv,True,False,False,1751925379.8232613,611010.0221633911
430465,1751924768.813423,1751925275.226339,batch_consumer-sts-0_20250707_215452_869642.csv,True,False,False,1751925379.8232613,611009.8383426666
430475,1751924768.8139913,1751925275.253456,batch_consumer-sts-0_20250707_215452_869642.csv,True,False,False,1751925379.8232613,611009.269952774
430485,1751924768.814204,1751925275.2799828,batch_consumer-sts-0_20250707_215452_869642.csv,True,False,False,1751925379.8232613,611009.0572834015
430495,1751924768.8143969,1751925275.3072443,batch_consumer-sts-0_20250707_215452_869642.csv,True,False,False,1751925379.8232613,611008.864402771
430505,1751924768.814593,1751925275.334094,batch_consumer-sts-0_20250707_215452_869642.csv,True,False,False,1751925379.8232613,611008.6681842804
430515,1751924768.814831,1751925275.6367311,batch_consumer-sts-0_20250707_215452_869642.csv,True,False,False,1751925379.8232613,611008.4302425385
430525,1751924768.8150637,1751925275.6660762,batch_consumer-sts-0_20250707_215452_869642.csv,True,False,False,1751925379.8232613,611008.1975460052
430535,1751924768.815281,1751925275.6928248,batch_consumer-sts-0_20250707_215452_869642.csv,True,False,False,1751925379.8232613,611007.9803466797
430545,1751924768.8155036,1751925275.7195754,batch_consumer-sts-0_20250707_215452_869642.csv,True,False,False,1751925379.8232613,611007.7576637268
430555,1751924768.8157225,1751925275.7469962,batch_consumer-sts-0_20250707_215452_869642.csv,True,False,False,1751925379.8232613,611007.5387954712
430565,1751924768.8159258,1751925275.7739575,batch_consumer-sts-0_20250707_215452_869642.csv,True,False,False,1751925379.8232613,611007.3354244232
430575,1751924768.8161235,1751925275.7998042,batch_consumer-sts-0_20250707_215452_869642.csv,True,False,False,1751925379.8232613,611007.1377754211
430585,1751924768.816301,1751925275.8262086,batch_consumer-sts-0_20250707_215452_869642.csv,True,False,False,1751925379.8232613,611006.9601535797
430595,1751924768.8164828,1751925275.8560412,batch_consumer-sts-0_20250707_215452_869642.csv,True,False,False,1751925379.8232613,611006.7784786224
430605,1751924768.816666,1751925275.8825977,batch_consumer-sts-0_20250707_215452_869642.csv,True,False,False,1751925379.8232613,611006.5953731537
430615,1751924768.8168488,1751925275.9098206,batch_consumer-sts-0_20250707_215452_869642.csv,True,False,False,1751925379.8232613,611006.4125061035
430625,1751924768.817034,1751925275.9363756,batch_consumer-sts-0_20250707_215452_869642.csv,True,False,False,1751925379.8232613,611006.2272548676
430635,1751924768.8174322,1751925275.965244,batch_consumer-sts-0_20250707_215452_869642.csv,True,False,False,1751925379.8232613,611005.8290958405
430645,1751924768.8180883,1751925275.992803,batch_consumer-sts-0_20250707_215452_869642.csv,True,False,False,1751925379.8232613,611005.1729679108
430655,1751924768.81828,1751925276.0202825,batch_consumer-sts-0_20250707_215452_869642.csv,True,False,False,1751925379.8232613,611004.9812793732
430665,1751924768.8184595,1751925276.047459,batch_consumer-sts-0_20250707_215452_869642.csv,True,False,False,1751925379.8232613,611004.8017501831
430675,1751924768.8186393,1751925276.0750391,batch_consumer-sts-0_20250707_215452_869642.csv,True,False,False,1751925379.8232613,611004.6219825745
430685,1751924768.818813,1751925276.1023183,batch_consumer-sts-0_20250707_215452_869642.csv,True,False,False,1751925379.8232613,611004.4481754303
430695,1751924768.818992,1751925276.1294763,batch_consumer-sts-0_20250707_215452_869642.csv,True,False,False,1751925379.8232613,611004.269361496
430705,1751924768.8191662,1751925276.156456,batch_consumer-sts-0_20250707_215452_869642.csv,True,False,False,1751925379.8232613,611004.0950775146
430715,1751924768.8193405,1751925276.183499,batch_consumer-sts-0_20250707_215452_869642.csv,True,False,False,1751925379.8232613,611003.9207935333
430725,1751924768.8195176,1751925276.2104824,batch_consumer-sts-0_20250707_215452_869642.csv,True,False,False,1751925379.8232613,611003.743648529
430735,1751924768.8196917,1751925276.239946,batch_consumer-sts-0_20250707_215452_869642.csv,True,False,False,1751925379.8232613,611003.5696029663
430745,1751924768.8198702,1751925276.267768,batch_consumer-sts-0_20250707_215452_869642.csv,True,False,False,1751925379.8232613,611003.3910274506
430755,1751924768.8200448,1751925276.2949932,batch_consumer-sts-0_20250707_215452_869642.csv,True,False,False,1751925379.8232613,611003.2165050507
430765,1751924768.8202248,1751925276.3209164,batch_consumer-sts-0_20250707_215452_869642.csv,True,False,False,1751925379.8232613,611003.0364990234
430775,1751924768.8203976,1751925276.3487017,batch_consumer-sts-0_20250707_215452_869642.csv,True,False,False,1751925379.8232613,611002.8636455536
430785,1751924768.8205843,1751925276.3758848,batch_consumer-sts-0_20250707_215452_869642.csv,True,False,False,1751925379.8232613,611002.6769638062
430795,1751924768.8207655,1751925276.4028833,batch_consumer-sts-0_20250707_215452_869642.csv,True,False,False,1751925379.8232613,611002.495765686
430805,1751924768.8209453,1751925276.4285555,batch_consumer-sts-0_20250707_215452_869642.csv,True,False,False,1751925379.8232613,611002.3159980774
430815,1751924768.8211272,1751925276.4555502,batch_consumer-sts-0_20250707_215452_869642.csv,True,False,False,1751925379.8232613,611002.1340847015
430825,1751924768.8216214,1751925276.482534,batch_consumer-sts-0_20250707_215452_869642.csv,True,False,False,1751925379.8232613,611001.6398429871
430835,1751924768.8218148,1751925276.509945,batch_consumer-sts-0_20250707_215452_869642.csv,True,False,False,1751925379.8232613,611001.4464855194
430845,1751924768.8220973,1751925276.5371091,batch_consumer-sts-0_20250707_215452_869642.csv,True,False,False,1751925379.8232613,611001.1639595032
430855,1751924768.822291,1751925276.5658283,batch_consumer-sts-0_20250707_215452_869642.csv,True,False,False,1751925379.8232613,611000.970363617
430865,1751924768.8227408,1751925276.5929098,batch_consumer-sts-0_20250707_215452_869642.csv,True,False,False,1751925379.8232613,611000.5204677582
430875,1751924768.8232565,1751925276.619619,batch_consumer-sts-0_20250707_215452_869642.csv,True,False,False,1751925379.8232613,611000.0047683716
430885,1751924768.8235354,1751925276.6475213,batch_consumer-sts-0_20250707_215452_869642.csv,True,False,False,1751925379.8232613,610999.725818634
430895,1751924768.8237164,1751925276.6744597,batch_consumer-sts-0_20250707_215452_869642.csv,True,False,False,1751925379.8232613,610999.5448589325
430905,1751924768.8238945,1751925276.7011566,batch_consumer-sts-0_20250707_215452_869642.csv,True,False,False,1751925379.8232613,610999.3667602539
430915,1751924768.8240783,1751925276.727831,batch_consumer-sts-0_20250707_215452_869642.csv,True,False,False,1751925379.8232613,610999.1829395294
430925,1751924768.8242557,1751925276.7545764,batch_consumer-sts-0_20250707_215452_869642.csv,True,False,False,1751925379.8232613,610999.0055561066
430935,1751924768.8244348,1751925276.7820504,batch_consumer-sts-0_20250707_215452_869642.csv,True,False,False,1751925379.8232613,610998.8265037537
430945,1751924768.8246174,1751925276.8090525,batch_consumer-sts-0_20250707_215452_869642.csv,True,False,False,1751925379.8232613,610998.6438751221
430955,1751924768.824799,1751925276.836167,batch_consumer-sts-0_20250707_215452_869642.csv,True,False,False,1751925379.8232613,610998.4622001648
430965,1751924768.8249812,1751925276.8633718,batch_consumer-sts-0_20250707_215452_869642.csv,True,False,False,1751925379.8232613,610998.2800483704
430975,1751924768.8251574,1751925276.8902624,batch_consumer-sts-0_20250707_215452_869642.csv,True,False,False,1751925379.8232613,610998.1038570404
430985,1751924768.8253472,1751925276.9170852,batch_consumer-sts-0_20250707_215452_869642.csv,True,False,False,1751925379.8232613,610997.9140758514
430995,1751924768.825523,1751925276.9438443,batch_consumer-sts-0_20250707_215452_869642.csv,True,False,False,1751925379.8232613,610997.7383613586
431005,1751924768.8256965,1751925276.970755,batch_consumer-sts-0_20250707_215452_869642.csv,True,False,False,1751925379.8232613,610997.564792633
431015,1751924768.8258717,1751925276.9973962,batch_consumer-sts-0_20250707_215452_869642.csv,True,False,False,1751925379.8232613,610997.3895549774
431025,1751924768.826049,1751925277.024542,batch_consumer-sts-0_20250707_215452_869642.csv,True,False,False,1751925379.8232613,610997.2121715546
431035,1751924768.826254,1751925277.0515769,batch_consumer-sts-0_20250707_215452_869642.csv,True,False,False,1751925379.8232613,610997.0073699951
431045,1751924768.826434,1751925277.0785267,batch_consumer-sts-0_20250707_215452_869642.csv,True,False,False,1751925379.8232613,610996.8273639679
431055,1751924768.8266144,1751925277.1058648,batch_consumer-sts-0_20250707_215452_869642.csv,True,False,False,1751925379.8232613,610996.6468811035
431065,1751924768.8267975,1751925277.1330678,batch_consumer-sts-0_20250707_215452_869642.csv,True,False,False,1751925379.8232613,610996.4637756348
431075,1751924768.8269796,1751925277.1608057,batch_consumer-sts-0_20250707_215452_869642.csv,True,False,False,1751925379.8232613,610996.2816238403
431085,1751924768.8271563,1751925277.1877265,batch_consumer-sts-0_20250707_215452_869642.csv,True,False,False,1751925379.8232613,610996.1049556732
431095,1751924768.8273358,1751925277.214844,batch_consumer-sts-0_20250707_215452_869642.csv,True,False,False,1751925379.8232613,610995.9254264832
431105,1751924768.8275185,1751925277.2415235,batch_consumer-sts-0_20250707_215452_869642.csv,True,False,False,1751925379.8232613,610995.7427978516
431115,1751924768.827704,1751925277.2684877,batch_consumer-sts-0_20250707_215452_869642.csv,True,False,False,1751925379.8232613,610995.557308197
431125,1751924768.8278875,1751925277.2955344,batch_consumer-sts-0_20250707_215452_869642.csv,True,False,False,1751925379.8232613,610995.3737258911
431135,1751924768.828076,1751925277.3226616,batch_consumer-sts-0_20250707_215452_869642.csv,True,False,False,1751925379.8232613,610995.1853752136
431145,1751924768.8282547,1751925277.3505151,batch_consumer-sts-0_20250707_215452_869642.csv,True,False,False,1751925379.8232613,610995.0065612793
431155,1751924768.828467,1751925277.3774383,batch_consumer-sts-0_20250707_215452_869642.csv,True,False,False,1751925379.8232613,610994.7943687439
431165,1751924768.8286924,1751925277.4462707,batch_consumer-sts-0_20250707_215452_869642.csv,True,False,False,1751925379.8232613,610994.5688247681
431175,1751924768.828889,1751925277.4740727,batch_consumer-sts-0_20250707_215452_869642.csv,True,False,False,1751925379.8232613,610994.3723678589
431185,1751924768.8290842,1751925277.501778,batch_consumer-sts-0_20250707_215452_869642.csv,True,False,False,1751925379.8232613,610994.1771030426
431195,1751924768.8292775,1751925277.5289748,batch_consumer-sts-0_20250707_215452_869642.csv,True,False,False,1751925379.8232613,610993.983745575
431205,1751924768.8294635,1751925277.5560856,batch_consumer-sts-0_20250707_215452_869642.csv,True,False,False,1751925379.8232613,610993.7977790833
431215,1751924768.8296542,1751925277.911237,batch_consumer-sts-0_20250707_215452_869642.csv,True,False,False,1751925379.8232613,610993.60704422
431225,1751924768.8298533,1751925277.9411805,batch_consumer-sts-0_20250707_215452_869642.csv,True,False,False,1751925379.8232613,610993.4079647064
431235,1751924768.8300345,1751925277.968259,batch_consumer-sts-0_20250707_215452_869642.csv,True,False,False,1751925379.8232613,610993.2267665863
431245,1751924768.8302252,1751925277.9952345,batch_consumer-sts-0_20250707_215452_869642.csv,True,False,False,1751925379.8232613,610993.036031723
431255,1751924768.830408,1751925278.0221117,batch_consumer-sts-0_20250707_215452_869642.csv,True,False,False,1751925379.8232613,610992.8531646729
431265,1751924768.8305936,1751925278.0494218,batch_consumer-sts-0_20250707_215452_869642.csv,True,False,False,1751925379.8232613,610992.6676750183
431275,1751924768.830778,1751925278.0768545,batch_consumer-sts-0_20250707_215452_869642.csv,True,False,False,1751925379.8232613,610992.4833774567
431285,1751924768.8309774,1751925278.1041074,batch_consumer-sts-0_20250707_215452_869642.csv,True,False,False,1751925379.8232613,610992.283821106
431295,1751924768.8311615,1751925278.1432855,batch_consumer-sts-0_20250707_215452_869642.csv,True,False,False,1751925379.8232613,610992.0997619629
431305,1751924768.831348,1751925278.1770473,batch_consumer-sts-0_20250707_215452_869642.csv,True,False,False,1751925379.8232613,610991.913318634
431315,1751924768.8315294,1751925278.2039971,batch_consumer-sts-0_20250707_215452_869642.csv,True,False,False,1751925379.8232613,610991.7318820953
431325,1751924768.8317423,1751925278.231702,batch_consumer-sts-0_20250707_215452_869642.csv,True,False,False,1751925379.8232613,610991.5189743042
431335,1751924768.8319733,1751925278.2594757,batch_consumer-sts-0_20250707_215452_869642.csv,True,False,False,1751925379.8232613,610991.287946701
431345,1751924768.8321629,1751925278.2879384,batch_consumer-sts-0_20250707_215452_869642.csv,True,False,False,1751925379.8232613,610991.0984039307
431355,1751924768.8323696,1751925278.3150508,batch_consumer-sts-0_20250707_215452_869642.csv,True,False,False,1751925379.8232613,610990.8916950226
431365,1751924768.8325465,1751925278.3423512,batch_consumer-sts-0_20250707_215452_869642.csv,True,False,False,1751925379.8232613,610990.7147884369
431375,1751924768.8327322,1751925278.369425,batch_consumer-sts-0_20250707_215452_869642.csv,True,False,False,1751925379.8232613,610990.5290603638
431385,1751924768.832913,1751925278.396136,batch_consumer-sts-0_20250707_215452_869642.csv,True,False,False,1751925379.8232613,610990.3483390808
431395,1751924768.8331163,1751925278.4233794,batch_consumer-sts-0_20250707_215452_869642.csv,True,False,False,1751925379.8232613,610990.1449680328
431405,1751924768.8333137,1751925278.4502697,batch_consumer-sts-0_20250707_215452_869642.csv,True,False,False,1751925379.8232613,610989.9475574493
431415,1751924768.833507,1751925278.4775827,batch_consumer-sts-0_20250707_215452_869642.csv,True,False,False,1751925379.8232613,610989.7541999817
431425,1751924768.8337004,1751925278.5055125,batch_consumer-sts-0_20250707_215452_869642.csv,True,False,False,1751925379.8232613,610989.560842514
431435,1751924768.8339024,1751925278.533043,batch_consumer-sts-0_20250707_215452_869642.csv,True,False,False,1751925379.8232613,610989.3589019775
431445,1751924768.834091,1751925278.5603414,batch_consumer-sts-0_20250707_215452_869642.csv,True,False,False,1751925379.8232613,610989.1703128815
431455,1751924768.8342783,1751925278.587532,batch_consumer-sts-0_20250707_215452_869642.csv,True,False,False,1751925379.8232613,610988.9829158783
431465,1751924768.8344665,1751925278.6147008,batch_consumer-sts-0_20250707_215452_869642.csv,True,False,False,1751925379.8232613,610988.7948036194
431475,1751924768.83465,1751925278.6441703,batch_consumer-sts-0_20250707_215452_869642.csv,True,False,False,1751925379.8232613,610988.6112213135
431485,1751924768.8348377,1751925278.67124,batch_consumer-sts-0_20250707_215452_869642.csv,True,False,False,1751925379.8232613,610988.4235858917
431495,1751924768.8350492,1751925278.698251,batch_consumer-sts-0_20250707_215452_869642.csv,True,False,False,1751925379.8232613,610988.2121086121
431505,1751924768.8352563,1751925278.7250504,batch_consumer-sts-0_20250707_215452_869642.csv,True,False,False,1751925379.8232613,610988.0049228668
431515,1751924768.8354654,1751925278.7518487,batch_consumer-sts-0_20250707_215452_869642.csv,True,False,False,1751925379.8232613,610987.795829773
431525,1751924768.8356457,1751925278.7788231,batch_consumer-sts-0_20250707_215452_869642.csv,True,False,False,1751925379.8232613,610987.6155853271
431535,1751924768.8358307,1751925278.805821,batch_consumer-sts-0_20250707_215452_869642.csv,True,False,False,1751925379.8232613,610987.4305725098
431545,1751924768.8360178,1751925278.8328524,batch_consumer-sts-0_20250707_215452_869642.csv,True,False,False,1751925379.8232613,610987.2434139252
431555,1751924768.836202,1751925278.861969,batch_consumer-sts-0_20250707_215452_869642.csv,True,False,False,1751925379.8232613,610987.0593547821
431565,1751924768.8363907,1751925278.8894749,batch_consumer-sts-0_20250707_215452_869642.csv,True,False,False,1751925379.8232613,610986.8705272675
431575,1751924768.836575,1751925278.9166305,batch_consumer-sts-0_20250707_215452_869642.csv,True,False,False,1751925379.8232613,610986.6862297058
431585,1751924768.83693,1751925278.943724,batch_consumer-sts-0_20250707_215452_869642.csv,True,False,False,1751925379.8232613,610986.3312244415
431595,1751924768.8371184,1751925278.9709263,batch_consumer-sts-0_20250707_215452_869642.csv,True,False,False,1751925379.8232613,610986.142873764
431605,1751924768.837299,1751925278.997026,batch_consumer-sts-0_20250707_215452_869642.csv,True,False,False,1751925379.8232613,610985.9621524811
431615,1751924768.837483,1751925279.0242689,batch_consumer-sts-0_20250707_215452_869642.csv,True,False,False,1751925379.8232613,610985.7783317566
431625,1751924768.8376637,1751925279.0515945,batch_consumer-sts-0_20250707_215452_869642.csv,True,False,False,1751925379.8232613,610985.5976104736
431635,1751924768.837843,1751925279.0789087,batch_consumer-sts-0_20250707_215452_869642.csv,True,False,False,1751925379.8232613,610985.4183197021
431645,1751924768.838021,1751925279.104993,batch_consumer-sts-0_20250707_215452_869642.csv,True,False,False,1751925379.8232613,610985.2402210236
431655,1751924768.8382185,1751925279.131291,batch_consumer-sts-0_20250707_215452_869642.csv,True,False,False,1751925379.8232613,610985.0428104401
431665,1751924768.8384068,1751925279.1587884,batch_consumer-sts-0_20250707_215452_869642.csv,True,False,False,1751925379.8232613,610984.8544597626
431675,1751924768.8385935,1751925279.185991,batch_consumer-sts-0_20250707_215452_869642.csv,True,False,False,1751925379.8232613,610984.6677780151
431685,1751924768.8387764,1751925279.2134092,batch_consumer-sts-0_20250707_215452_869642.csv,True,False,False,1751925379.8232613,610984.484910965
431695,1751924768.8389645,1751925279.2439177,batch_consumer-sts-0_20250707_215452_869642.csv,True,False,False,1751925379.8232613,610984.296798706
431705,1751924768.8391445,1751925279.26747,batch_consumer-sts-0_20250707_215452_869642.csv,True,False,False,1751925379.8232613,610984.1167926788
431715,1751924768.8393314,1751925279.2947636,batch_consumer-sts-0_20250707_215452_869642.csv,True,False,False,1751925379.8232613,610983.9298725128
431725,1751924768.8395116,1751925279.3214717,batch_consumer-sts-0_20250707_215452_869642.csv,True,False,False,1751925379.8232613,610983.749628067
431735,1751924768.8396888,1751925279.348962,batch_consumer-sts-0_20250707_215452_869642.csv,True,False,False,1751925379.8232613,610983.5724830627
431745,1751924768.8398638,1751925280.3789897,batch_consumer-sts-0_20250707_215452_869642.csv,True,False,False,1751925379.8232613,610983.3974838257
431755,1751924768.840051,1751925280.405344,batch_consumer-sts-0_20250707_215452_869642.csv,True,False,False,1751925379.8232613,610983.2103252411
431765,1751924768.8402314,1751925280.432441,batch_consumer-sts-0_20250707_215452_869642.csv,True,False,False,1751925379.8232613,610983.0298423767
431775,1751924768.8404176,1751925280.4596162,batch_consumer-sts-0_20250707_215452_869642.csv,True,False,False,1751925379.8232613,610982.8436374664
431785,1751924768.840722,1751925280.5256248,batch_consumer-sts-0_20250707_215452_869642.csv,True,False,False,1751925379.8232613,610982.5391769409
431795,1751924768.8409152,1751925280.5528631,batch_consumer-sts-0_20250707_215452_869642.csv,True,False,False,1751925379.8232613,610982.3460578918
431805,1751924768.8410995,1751925280.5794296,batch_consumer-sts-0_20250707_215452_869642.csv,True,False,False,1751925379.8232613,610982.1617603302
431815,1751924768.841279,1751925280.6072085,batch_consumer-sts-0_20250707_215452_869642.csv,True,False,False,1751925379.8232613,610981.9822311401
431825,1751924768.8414626,1751925280.6345096,batch_consumer-sts-0_20250707_215452_869642.csv,True,False,False,1751925379.8232613,610981.7986488342
431835,1751924768.841669,1751925280.6611693,batch_consumer-sts-0_20250707_215452_869642.csv,True,False,False,1751925379.8232613,610981.5921783447
431845,1751924768.8418653,1751925280.68863,batch_consumer-sts-0_20250707_215452_869642.csv,True,False,False,1751925379.8232613,610981.3959598541
431855,1751924768.842057,1751925280.7150028,batch_consumer-sts-0_20250707_215452_869642.csv,True,False,False,1751925379.8232613,610981.2042713165
431865,1751924768.8422923,1751925280.742357,batch_consumer-sts-0_20250707_215452_869642.csv,True,False,False,1751925379.8232613,610980.968952179
435445,1751924768.922805,1751925280.768585,batch_consumer-sts-0_20250707_215452_869642.csv,True,False,False,1751925379.8232613,610900.4561901093
435455,1751924768.9230514,1751925280.7958498,batch_consumer-sts-0_20250707_215452_869642.csv,True,False,False,1751925379.8232613,610900.209903717
435465,1751924768.9232883,1751925280.8221402,batch_consumer-sts-0_20250707_215452_869642.csv,True,False,False,1751925379.8232613,610899.9729156494
435475,1751924768.9235313,1751925281.0309536,batch_consumer-sts-0_20250707_215452_869642.csv,True,False,False,1751925379.8232613,610899.7299671173
435485,1751924768.9237206,1751925281.0580454,batch_consumer-sts-0_20250707_215452_869642.csv,True,False,False,1751925379.8232613,610899.5406627655
435495,1751924768.9239104,1751925281.0849185,batch_consumer-sts-0_20250707_215452_869642.csv,True,False,False,1751925379.8232613,610899.3508815765
435505,1751924768.9240918,1751925281.1110375,batch_consumer-sts-0_20250707_215452_869642.csv,True,False,False,1751925379.8232613,610899.1694450378
435515,1751924768.9243,1751925281.1377752,batch_consumer-sts-0_20250707_215452_869642.csv,True,False,False,1751925379.8232613,610898.9613056183
435525,1751924768.9244957,1751925281.1644576,batch_consumer-sts-0_20250707_215452_869642.csv,True,False,False,1751925379.8232613,610898.7655639648
435535,1751924768.9246907,1751925281.1909292,batch_consumer-sts-0_20250707_215452_869642.csv,True,False,False,1751925379.8232613,610898.5705375671
435545,1751924768.9248974,1751925281.216787,batch_consumer-sts-0_20250707_215452_869642.csv,True,False,False,1751925379.8232613,610898.363828659
435555,1751924768.9250815,1751925281.2439551,batch_consumer-sts-0_20250707_215452_869642.csv,True,False,False,1751925379.8232613,610898.179769516
435565,1751924768.9252908,1751925281.269365,batch_consumer-sts-0_20250707_215452_869642.csv,True,False,False,1751925379.8232613,610897.9704380035
435575,1751924768.9255066,1751925281.296069,batch_consumer-sts-0_20250707_215452_869642.csv,True,False,False,1751925379.8232613,610897.7546691895
435585,1751924768.9256904,1751925281.3223746,batch_consumer-sts-0_20250707_215452_869642.csv,True,False,False,1751925379.8232613,610897.570848465
435595,1751924768.925907,1751925281.350185,batch_consumer-sts-0_20250707_215452_869642.csv,True,False,False,1751925379.8232613,610897.3543643951
435605,1751924768.9260983,1751925281.376915,batch_consumer-sts-0_20250707_215452_869642.csv,True,False,False,1751925379.8232613,610897.1629142761
435615,1751924768.9263785,1751925281.4033935,batch_consumer-sts-0_20250707_215452_869642.csv,True,False,False,1751925379.8232613,610896.8827724457
435625,1751924768.927164,1751925281.430082,batch_consumer-sts-0_20250707_215452_869642.csv,True,False,False,1751925379.8232613,610896.0971832275
435635,1751924768.9274046,1751925281.456586,batch_consumer-sts-0_20250707_215452_869642.csv,True,False,False,1751925379.8232613,610895.8566188812
435645,1751924768.9276032,1751925281.483422,batch_consumer-sts-0_20250707_215452_869642.csv,True,False,False,1751925379.8232613,610895.6580162048
435655,1751924768.9277794,1751925281.5096262,batch_consumer-sts-0_20250707_215452_869642.csv,True,False,False,1751925379.8232613,610895.4818248749
435665,1751924768.9279642,1751925281.5360684,batch_consumer-sts-0_20250707_215452_869642.csv,True,False,False,1751925379.8232613,610895.2970504761
435675,1751924768.928156,1751925281.56158,batch_consumer-sts-0_20250707_215452_869642.csv,True,False,False,1751925379.8232613,610895.1053619385
435685,1751924768.9283328,1751925281.5886576,batch_consumer-sts-0_20250707_215452_869642.csv,True,False,False,1751925379.8232613,610894.9284553528
435695,1751924768.9285142,1751925281.6150022,batch_consumer-sts-0_20250707_215452_869642.csv,True,False,False,1751925379.8232613,610894.7470188141
435705,1751924768.9286995,1751925281.6418753,batch_consumer-sts-0_20250707_215452_869642.csv,True,False,False,1751925379.8232613,610894.5617675781
435715,1751924768.92888,1751925281.6689634,batch_consumer-sts-0_20250707_215452_869642.csv,True,False,False,1751925379.8232613,610894.3812847137
435725,1751924768.9290884,1751925281.6958995,batch_consumer-sts-0_20250707_215452_869642.csv,True,False,False,1751925379.8232613,610894.1729068756
435735,1751924768.9292932,1751925281.721504,batch_consumer-sts-0_20250707_215452_869642.csv,True,False,False,1751925379.8232613,610893.9681053162
435745,1751924768.9295585,1751925281.7480674,batch_consumer-sts-0_20250707_215452_869642.csv,True,False,False,1751925379.8232613,610893.7027454376
435755,1751924768.92986,1751925281.7763314,batch_consumer-sts-0_20250707_215452_869642.csv,True,False,False,1751925379.8232613,610893.4011459351
435765,1751924768.9311676,1751925281.8018568,batch_consumer-sts-0_20250707_215452_869642.csv,True,False,False,1751925379.8232613,610892.0936584473
435775,1751924768.9319189,1751925281.8278112,batch_consumer-sts-0_20250707_215452_869642.csv,True,False,False,1751925379.8232613,610891.3424015045
435785,1751924768.9321375,1751925281.8543744,batch_consumer-sts-0_20250707_215452_869642.csv,True,False,False,1751925379.8232613,610891.1237716675
435795,1751924768.9323556,1751925281.8803728,batch_consumer-sts-0_20250707_215452_869642.csv,True,False,False,1751925379.8232613,610890.9056186676
435805,1751924768.9325757,1751925281.9065597,batch_consumer-sts-0_20250707_215452_869642.csv,True,False,False,1751925379.8232613,610890.6855583191
435815,1751924768.932767,1751925281.9326189,batch_consumer-sts-0_20250707_215452_869642.csv,True,False,False,1751925379.8232613,610890.4943466187
435825,1751924768.9329665,1751925281.959232,batch_consumer-sts-0_20250707_215452_869642.csv,True,False,False,1751925379.8232613,610890.294790268
435835,1751924768.9331903,1751925281.9858053,batch_consumer-sts-0_20250707_215452_869642.csv,True,False,False,1751925379.8232613,610890.0709152222
435845,1751924768.9334435,1751925282.011668,batch_consumer-sts-0_20250707_215452_869642.csv,True,False,False,1751925379.8232613,610889.8177146912
435855,1751924768.9343677,1751925282.0381184,batch_consumer-sts-0_20250707_215452_869642.csv,True,False,False,1751925379.8232613,610888.8936042786
435865,1751924768.9345958,1751925282.0648987,batch_consumer-sts-0_20250707_215452_869642.csv,True,False,False,1751925379.8232613,610888.6654376984
435875,1751924768.9348204,1751925282.1035948,batch_consumer-sts-0_20250707_215452_869642.csv,True,False,False,1751925379.8232613,610888.4408473969
435885,1751924768.9350393,1751925282.1327548,batch_consumer-sts-0_20250707_215452_869642.csv,True,False,False,1751925379.8232613,610888.2219791412
435895,1751924768.935256,1751925282.1649764,batch_consumer-sts-0_20250707_215452_869642.csv,True,False,False,1751925379.8232613,610888.0052566528
435905,1751924768.9354727,1751925282.1917195,batch_consumer-sts-0_20250707_215452_869642.csv,True,False,False,1751925379.8232613,610887.7885341644
435915,1751924768.935664,1751925282.2179022,batch_consumer-sts-0_20250707_215452_869642.csv,True,False,False,1751925379.8232613,610887.597322464
435925,1751924768.9358602,1751925282.245215,batch_consumer-sts-0_20250707_215452_869642.csv,True,False,False,1751925379.8232613,610887.4011039734
435935,1751924768.9360533,1751925282.2725294,batch_consumer-sts-0_20250707_215452_869642.csv,True,False,False,1751925379.8232613,610887.2079849243
435945,1751924768.9362433,1751925282.29962,batch_consumer-sts-0_20250707_215452_869642.csv,True,False,False,1751925379.8232613,610887.0179653168
435955,1751924768.936437,1751925282.3264415,batch_consumer-sts-0_20250707_215452_869642.csv,True,False,False,1751925379.8232613,610886.8243694305
435965,1751924768.9366314,1751925282.353485,batch_consumer-sts-0_20250707_215452_869642.csv,True,False,False,1751925379.8232613,610886.62981987
435975,1751924768.936813,1751925282.380728,batch_consumer-sts-0_20250707_215452_869642.csv,True,False,False,1751925379.8232613,610886.4481449127
435985,1751924768.9370017,1751925282.40767,batch_consumer-sts-0_20250707_215452_869642.csv,True,False,False,1751925379.8232613,610886.2595558167
435995,1751924768.9372828,1751925282.434907,batch_consumer-sts-0_20250707_215452_869642.csv,True,False,False,1751925379.8232613,610885.9784603119
436005,1751924768.9377708,1751925282.4627607,batch_consumer-sts-0_20250707_215452_869642.csv,True,False,False,1751925379.8232613,610885.4904174805
436015,1751924768.9379594,1751925282.4904788,batch_consumer-sts-0_20250707_215452_869642.csv,True,False,False,1751925379.8232613,610885.3018283844
436025,1751924768.9381502,1751925282.554587,batch_consumer-sts-0_20250707_215452_869642.csv,True,False,False,1751925379.8232613,610885.1110935211
436035,1751924768.9383874,1751925282.5816548,batch_consumer-sts-0_20250707_215452_869642.csv,True,False,False,1751925379.8232613,610884.8738670349
436045,1751924768.938602,1751925282.6091783,batch_consumer-sts-0_20250707_215452_869642.csv,True,False,False,1751925379.8232613,610884.6592903137
436055,1751924768.9388444,1751925282.636051,batch_consumer-sts-0_20250707_215452_869642.csv,True,False,False,1751925379.8232613,610884.4168186188
436065,1751924768.9390757,1751925282.662995,batch_consumer-sts-0_20250707_215452_869642.csv,True,False,False,1751925379.8232613,610884.185552597
436075,1751924768.939299,1751925282.6901977,batch_consumer-sts-0_20250707_215452_869642.csv,True,False,False,1751925379.8232613,610883.9621543884
436085,1751924768.9395297,1751925282.7162142,batch_consumer-sts-0_20250707_215452_869642.csv,True,False,False,1751925379.8232613,610883.7316036224
436095,1751924768.9398398,1751925283.1890469,batch_consumer-sts-0_20250707_215452_869642.csv,True,False,False,1751925379.8232613,610883.421421051
436105,1751924768.9427402,1751925283.215489,batch_consumer-sts-0_20250707_215452_869642.csv,True,False,False,1751925379.8232613,610880.5210590363
436115,1751924768.9429798,1751925283.241963,batch_consumer-sts-0_20250707_215452_869642.csv,True,False,False,1751925379.8232613,610880.2814483643
436125,1751924768.9432263,1751925283.2683794,batch_consumer-sts-0_20250707_215452_869642.csv,True,False,False,1751925379.8232613,610880.0349235535
436135,1751924768.9434695,1751925283.2950935,batch_consumer-sts-0_20250707_215452_869642.csv,True,False,False,1751925379.8232613,610879.7917366028
436145,1751924768.94365,1751925283.3208318,batch_consumer-sts-0_20250707_215452_869642.csv,True,False,False,1751925379.8232613,610879.6112537384
436155,1751924768.9438274,1751925283.3478346,batch_consumer-sts-0_20250707_215452_869642.csv,True,False,False,1751925379.8232613,610879.4338703156
436165,1751924768.944008,1751925283.3745005,batch_consumer-sts-0_20250707_215452_869642.csv,True,False,False,1751925379.8232613,610879.2531490326
436175,1751924768.9441898,1751925283.401222,batch_consumer-sts-0_20250707_215452_869642.csv,True,False,False,1751925379.8232613,610879.0714740753
436185,1751924768.944374,1751925283.4270506,batch_consumer-sts-0_20250707_215452_869642.csv,True,False,False,1751925379.8232613,610878.8871765137
436195,1751924768.944579,1751925283.453929,batch_consumer-sts-0_20250707_215452_869642.csv,True,False,False,1751925379.8232613,610878.6823749542
436205,1751924768.9451833,1751925283.4806626,batch_consumer-sts-0_20250707_215452_869642.csv,True,False,False,1751925379.8232613,610878.0779838562
436215,1751924768.9453783,1751925283.5072408,batch_consumer-sts-0_20250707_215452_869642.csv,True,False,False,1751925379.8232613,610877.8829574585
436225,1751924768.945566,1751925283.5337572,batch_consumer-sts-0_20250707_215452_869642.csv,True,False,False,1751925379.8232613,610877.6953220367
436235,1751924768.946108,1751925283.5607626,batch_consumer-sts-0_20250707_215452_869642.csv,True,False,False,1751925379.8232613,610877.1531581879
436245,1751924768.946632,1751925283.5876398,batch_consumer-sts-0_20250707_215452_869642.csv,True,False,False,1751925379.8232613,610876.6293525696
436255,1751924768.9471338,1751925283.613737,batch_consumer-sts-0_20250707_215452_869642.csv,True,False,False,1751925379.8232613,610876.1274814606
436265,1751924768.947368,1751925283.6403034,batch_consumer-sts-0_20250707_215452_869642.csv,True,False,False,1751925379.8232613,610875.8933544159
436275,1751924768.947558,1751925283.6698482,batch_consumer-sts-0_20250707_215452_869642.csv,True,False,False,1751925379.8232613,610875.7033348083
436285,1751924768.9477334,1751925283.6964314,batch_consumer-sts-0_20250707_215452_869642.csv,True,False,False,1751925379.8232613,610875.5278587341
436295,1751924768.9479191,1751925283.7232935,batch_consumer-sts-0_20250707_215452_869642.csv,True,False,False,1751925379.8232613,610875.342130661
436305,1751924768.948096,1751925283.750172,batch_consumer-sts-0_20250707_215452_869642.csv,True,False,False,1751925379.8232613,610875.1652240753
436315,1751924768.948274,1751925283.777393,batch_consumer-sts-0_20250707_215452_869642.csv,True,False,False,1751925379.8232613,610874.9873638153
436325,1751924768.9484532,1751925283.8083804,batch_consumer-sts-0_20250707_215452_869642.csv,True,False,False,1751925379.8232613,610874.8080730438
436335,1751924768.948632,1751925283.8347628,batch_consumer-sts-0_20250707_215452_869642.csv,True,False,False,1751925379.8232613,610874.6292591095
436345,1751924768.948814,1751925283.861699,batch_consumer-sts-0_20250707_215452_869642.csv,True,False,False,1751925379.8232613,610874.4473457336
436355,1751924768.9492478,1751925283.8879998,batch_consumer-sts-0_20250707_215452_869642.csv,True,False,False,1751925379.8232613,610874.0134239197
436365,1751924768.9497082,1751925283.9143162,batch_consumer-sts-0_20250707_215452_869642.csv,True,False,False,1751925379.8232613,610873.5530376434
436375,1751924768.9498916,1751925283.9409916,batch_consumer-sts-0_20250707_215452_869642.csv,True,False,False,1751925379.8232613,610873.3696937561
436385,1751924768.9500685,1751925283.9668837,batch_consumer-sts-0_20250707_215452_869642.csv,True,False,False,1751925379.8232613,610873.1927871704
436395,1751924768.9502962,1751925283.9931953,batch_consumer-sts-0_20250707_215452_869642.csv,True,False,False,1751925379.8232613,610872.9650974274
436405,1751924768.950528,1751925284.019066,batch_consumer-sts-0_20250707_215452_869642.csv,True,False,False,1751925379.8232613,610872.7333545685
436415,1751924768.9507551,1751925284.0459712,batch_consumer-sts-0_20250707_215452_869642.csv,True,False,False,1751925379.8232613,610872.5061416626
436425,1751924768.950987,1751925284.0733242,batch_consumer-sts-0_20250707_215452_869642.csv,True,False,False,1751925379.8232613,610872.2741603851
436435,1751924768.951224,1751925284.0999804,batch_consumer-sts-0_20250707_215452_869642.csv,True,False,False,1751925379.8232613,610872.0371723175
436445,1751924768.9514592,1751925284.1261854,batch_consumer-sts-0_20250707_215452_869642.csv,True,False,False,1751925379.8232613,610871.8020915985
436455,1751924768.951635,1751925284.1527522,batch_consumer-sts-0_20250707_215452_869642.csv,True,False,False,1751925379.8232613,610871.6263771057
436465,1751924768.9518151,1751925284.180174,batch_consumer-sts-0_20250707_215452_869642.csv,True,False,False,1751925379.8232613,610871.4461326599
436475,1751924768.9519944,1751925284.206537,batch_consumer-sts-0_20250707_215452_869642.csv,True,False,False,1751925379.8232613,610871.2668418884
436485,1751924768.9521778,1751925284.2331746,batch_consumer-sts-0_20250707_215452_869642.csv,True,False,False,1751925379.8232613,610871.0834980011
436495,1751924768.9523592,1751925284.2601056,batch_consumer-sts-0_20250707_215452_869642.csv,True,False,False,1751925379.8232613,610870.9020614624
436505,1751924768.9525416,1751925284.2872496,batch_consumer-sts-0_20250707_215452_869642.csv,True,False,False,1751925379.8232613,610870.7196712494
436515,1751924768.9527214,1751925284.3130083,batch_consumer-sts-0_20250707_215452_869642.csv,True,False,False,1751925379.8232613,610870.5399036407
436525,1751924768.952905,1751925284.3387692,batch_consumer-sts-0_20250707_215452_869642.csv,True,False,False,1751925379.8232613,610870.3563213348
436535,1751924768.9530933,1751925284.365748,batch_consumer-sts-0_20250707_215452_869642.csv,True,False,False,1751925379.8232613,610870.1679706573
436545,1751924768.953283,1751925284.3921957,batch_consumer-sts-0_20250707_215452_869642.csv,True,False,False,1751925379.8232613,610869.9781894684
436555,1751924768.9534678,1751925284.418367,batch_consumer-sts-0_20250707_215452_869642.csv,True,False,False,1751925379.8232613,610869.7934150696
436565,1751924768.9536483,1751925284.4450526,batch_consumer-sts-0_20250707_215452_869642.csv,True,False,False,1751925379.8232613,610869.6129322052
436575,1751924768.9538317,1751925284.470711,batch_consumer-sts-0_20250707_215452_869642.csv,True,False,False,1751925379.8232613,610869.4295883179
436585,1751924768.9540143,1751925284.497018,batch_consumer-sts-0_20250707_215452_869642.csv,True,False,False,1751925379.8232613,610869.2469596863
436595,1751924768.9542282,1751925284.5231133,batch_consumer-sts-0_20250707_215452_869642.csv,True,False,False,1751925379.8232613,610869.0330982208
436605,1751924768.9544687,1751925284.5497756,batch_consumer-sts-0_20250707_215452_869642.csv,True,False,False,1751925379.8232613,610868.7925338745
436615,1751924768.9547017,1751925284.5761907,batch_consumer-sts-0_20250707_215452_869642.csv,True,False,False,1751925379.8232613,610868.5595989227
436625,1751924768.9549425,1751925284.6024628,batch_consumer-sts-0_20250707_215452_869642.csv,True,False,False,1751925379.8232613,610868.3187961578
436635,1751924768.9551787,1751925284.6283343,batch_consumer-sts-0_20250707_215452_869642.csv,True,False,False,1751925379.8232613,610868.082523346
436645,1751924768.955426,1751925284.6554272,batch_consumer-sts-0_20250707_215452_869642.csv,True,False,False,1751925379.8232613,610867.8352832794
436655,1751924768.9556308,1751925284.6818583,batch_consumer-sts-0_20250707_215452_869642.csv,True,False,False,1751925379.8232613,610867.63048172
436665,1751924768.9558165,1751925284.707616,batch_consumer-sts-0_20250707_215452_869642.csv,True,False,False,1751925379.8232613,610867.4447536469
436675,1751924768.9559968,1751925284.7348485,batch_consumer-sts-0_20250707_215452_869642.csv,True,False,False,1751925379.8232613,610867.264509201
436685,1751924768.9561827,1751925284.7614574,batch_consumer-sts-0_20250707_215452_869642.csv,True,False,False,1751925379.8232613,610867.0785427094
436695,1751924768.9563644,1751925284.7885454,batch_consumer-sts-0_20250707_215452_869642.csv,True,False,False,1751925379.8232613,610866.8968677521
436705,1751924768.9565513,1751925284.8155072,batch_consumer-sts-0_20250707_215452_869642.csv,True,False,False,1751925379.8232613,610866.7099475861
436715,1751924768.9567318,1751925285.8488102,batch_consumer-sts-0_20250707_215452_869642.csv,True,False,False,1751925379.8232613,610866.5294647217
436725,1751924768.9569204,1751925285.8807597,batch_consumer-sts-0_20250707_215452_869642.csv,True,False,False,1751925379.8232613,610866.3408756256
436735,1751924768.9571028,1751925285.9063509,batch_consumer-sts-0_20250707_215452_869642.csv,True,False,False,1751925379.8232613,610866.1584854126
436745,1751924768.957281,1751925285.93268,batch_consumer-sts-0_20250707_215452_869642.csv,True,False,False,1751925379.8232613,610865.9801483154
436755,1751924768.9574616,1751925285.959395,batch_consumer-sts-0_20250707_215452_869642.csv,True,False,False,1751925379.8232613,610865.799665451
436765,1751924768.9576435,1751925285.987048,batch_consumer-sts-0_20250707_215452_869642.csv,True,False,False,1751925379.8232613,610865.6177520752
436775,1751924768.9578342,1751925286.0130646,batch_consumer-sts-0_20250707_215452_869642.csv,True,False,False,1751925379.8232613,610865.4270172119
436785,1751924768.958012,1751925286.0400426,batch_consumer-sts-0_20250707_215452_869642.csv,True,False,False,1751925379.8232613,610865.2491569519
436795,1751924768.958218,1751925286.066718,batch_consumer-sts-0_20250707_215452_869642.csv,True,False,False,1751925379.8232613,610865.0431632996
436805,1751924768.9584146,1751925286.0937505,batch_consumer-sts-0_20250707_215452_869642.csv,True,False,False,1751925379.8232613,610864.8467063904
436815,1751924768.9586062,1751925286.1194985,batch_consumer-sts-0_20250707_215452_869642.csv,True,False,False,1751925379.8232613,610864.6550178528
436825,1751924768.958828,1751925286.1464648,batch_consumer-sts-0_20250707_215452_869642.csv,True,False,False,1751925379.8232613,610864.4332885742
436835,1751924768.9590428,1751925286.1726108,batch_consumer-sts-0_20250707_215452_869642.csv,True,False,False,1751925379.8232613,610864.2184734344
436845,1751924768.959264,1751925286.1989615,batch_consumer-sts-0_20250707_215452_869642.csv,True,False,False,1751925379.8232613,610863.997220993
436855,1751924768.959483,1751925286.224907,batch_consumer-sts-0_20250707_215452_869642.csv,True,False,False,1751925379.8232613,610863.7783527374
436865,1751924768.959674,1751925286.2553482,batch_consumer-sts-0_20250707_215452_869642.csv,True,False,False,1751925379.8232613,610863.5873794556
436875,1751924768.959859,1751925286.2865813,batch_consumer-sts-0_20250707_215452_869642.csv,True,False,False,1751925379.8232613,610863.4023666382
436885,1751924768.96004,1751925286.3134112,batch_consumer-sts-0_20250707_215452_869642.csv,True,False,False,1751925379.8232613,610863.2211685181
436895,1751924768.960224,1751925286.3411012,batch_consumer-sts-0_20250707_215452_869642.csv,True,False,False,1751925379.8232613,610863.0373477936
436905,1751924768.9604113,1751925286.3682594,batch_consumer-sts-0_20250707_215452_869642.csv,True,False,False,1751925379.8232613,610862.8499507904
436915,1751924768.9605956,1751925286.3952527,batch_consumer-sts-0_20250707_215452_869642.csv,True,False,False,1751925379.8232613,610862.6656532288
436925,1751924768.9607756,1751925286.421443,batch_consumer-sts-0_20250707_215452_869642.csv,True,False,False,1751925379.8232613,610862.4856472015
436935,1751924768.9609544,1751925286.4488602,batch_consumer-sts-0_20250707_215452_869642.csv,True,False,False,1751925379.8232613,610862.3068332672
436945,1751924768.961131,1751925286.4754212,batch_consumer-sts-0_20250707_215452_869642.csv,True,False,False,1751925379.8232613,610862.1301651001
436955,1751924768.961309,1751925286.5024471,batch_consumer-sts-0_20250707_215452_869642.csv,True,False,False,1751925379.8232613,610861.9523048401
436965,1751924768.9614885,1751925286.5290012,batch_consumer-sts-0_20250707_215452_869642.csv,True,False,False,1751925379.8232613,610861.77277565
436975,1751924768.9616685,1751925286.5554883,batch_consumer-sts-0_20250707_215452_869642.csv,True,False,False,1751925379.8232613,610861.5927696228
436985,1751924768.9618511,1751925286.5823276,batch_consumer-sts-0_20250707_215452_869642.csv,True,False,False,1751925379.8232613,610861.4101409912
436995,1751924768.9620316,1751925286.6084323,batch_consumer-sts-0_20250707_215452_869642.csv,True,False,False,1751925379.8232613,610861.2296581268
437005,1751924768.9622357,1751925286.636001,batch_consumer-sts-0_20250707_215452_869642.csv,True,False,False,1751925379.8232613,610861.0255718231
437015,1751924768.9624295,1751925286.6633692,batch_consumer-sts-0_20250707_215452_869642.csv,True,False,False,1751925379.8232613,610860.8317375183
437025,1751924768.9626207,1751925286.6899767,batch_consumer-sts-0_20250707_215452_869642.csv,True,False,False,1751925379.8232613,610860.6405258179
444255,1751924769.1271248,1751925286.7220976,batch_consumer-sts-0_20250707_215452_869642.csv,True,False,False,1751925379.8232613,610696.1364746094
444265,1751924769.1273358,1751925286.7487998,batch_consumer-sts-0_20250707_215452_869642.csv,True,False,False,1751925379.8232613,610695.9254741669
444275,1751924769.1275237,1751925286.775801,batch_consumer-sts-0_20250707_215452_869642.csv,True,False,False,1751925379.8232613,610695.7376003265
444285,1751924769.1277206,1751925286.8026538,batch_consumer-sts-0_20250707_215452_869642.csv,True,False,False,1751925379.8232613,610695.5406665802
444295,1751924769.127903,1751925286.8293386,batch_consumer-sts-0_20250707_215452_869642.csv,True,False,False,1751925379.8232613,610695.3582763672
444305,1751924769.128098,1751925286.8563962,batch_consumer-sts-0_20250707_215452_869642.csv,True,False,False,1751925379.8232613,610695.1632499695
444315,1751924769.128278,1751925286.8834317,batch_consumer-sts-0_20250707_215452_869642.csv,True,False,False,1751925379.8232613,610694.9832439423
444325,1751924769.1284642,1751925286.9100032,batch_consumer-sts-0_20250707_215452_869642.csv,True,False,False,1751925379.8232613,610694.797039032
444335,1751924769.1286466,1751925286.9371748,batch_consumer-sts-0_20250707_215452_869642.csv,True,False,False,1751925379.8232613,610694.614648819
444345,1751924769.1288953,1751925286.9682684,batch_consumer-sts-0_20250707_215452_869642.csv,True,False,False,1751925379.8232613,610694.365978241
444355,1751924769.1292875,1751925286.995355,batch_consumer-sts-0_20250707_215452_869642.csv,True,False,False,1751925379.8232613,610693.9737796783
444365,1751924769.1298497,1751925287.022194,batch_consumer-sts-0_20250707_215452_869642.csv,True,False,False,1751925379.8232613,610693.4115886688
444375,1751924769.1300492,1751925287.0538533,batch_consumer-sts-0_20250707_215452_869642.csv,True,False,False,1751925379.8232613,610693.2120323181
444385,1751924769.130252,1751925287.0808196,batch_consumer-sts-0_20250707_215452_869642.csv,True,False,False,1751925379.8232613,610693.0093765259
444395,1751924769.130444,1751925287.1073833,batch_consumer-sts-0_20250707_215452_869642.csv,True,False,False,1751925379.8232613,610692.8172111511
444405,1751924769.1306355,1751925287.1342256,batch_consumer-sts-0_20250707_215452_869642.csv,True,False,False,1751925379.8232613,610692.6257610321
444415,1751924769.1308317,1751925287.161272,batch_consumer-sts-0_20250707_215452_869642.csv,True,False,False,1751925379.8232613,610692.4295425415
444425,1751924769.1310227,1751925287.187559,batch_consumer-sts-0_20250707_215452_869642.csv,True,False,False,1751925379.8232613,610692.2385692596
444435,1751924769.1312127,1751925287.214111,batch_consumer-sts-0_20250707_215452_869642.csv,True,False,False,1751925379.8232613,610692.0485496521
444445,1751924769.1314046,1751925287.2413745,batch_consumer-sts-0_20250707_215452_869642.csv,True,False,False,1751925379.8232613,610691.8566226959
444455,1751924769.1315968,1751925287.2684467,batch_consumer-sts-0_20250707_215452_869642.csv,True,False,False,1751925379.8232613,610691.6644573212
444465,1751924769.1317978,1751925287.295615,batch_consumer-sts-0_20250707_215452_869642.csv,True,False,False,1751925379.8232613,610691.463470459
444475,1751924769.1319933,1751925287.3223236,batch_consumer-sts-0_20250707_215452_869642.csv,True,False,False,1751925379.8232613,610691.2679672241
444485,1751924769.1321902,1751925287.3493724,batch_consumer-sts-0_20250707_215452_869642.csv,True,False,False,1751925379.8232613,610691.0710334778
444495,1751924769.1335227,1751925287.376326,batch_consumer-sts-0_20250707_215452_869642.csv,True,False,False,1751925379.8232613,610689.7385120392
444505,1751924769.1337078,1751925287.4036727,batch_consumer-sts-0_20250707_215452_869642.csv,True,False,False,1751925379.8232613,610689.5534992218
444515,1751924769.133891,1751925287.4314113,batch_consumer-sts-0_20250707_215452_869642.csv,True,False,False,1751925379.8232613,610689.3701553345
444525,1751924769.134081,1751925287.4589894,batch_consumer-sts-0_20250707_215452_869642.csv,True,False,False,1751925379.8232613,610689.1803741455
444535,1751924769.1342945,1751925287.4866655,batch_consumer-sts-0_20250707_215452_869642.csv,True,False,False,1751925379.8232613,610688.9667510986
444545,1751924769.1344895,1751925287.513656,batch_consumer-sts-0_20250707_215452_869642.csv,True,False,False,1751925379.8232613,610688.7717247009
444555,1751924769.134683,1751925287.5411236,batch_consumer-sts-0_20250707_215452_869642.csv,True,False,False,1751925379.8232613,610688.5783672333
444565,1751924769.1348774,1751925287.5681894,batch_consumer-sts-0_20250707_215452_869642.csv,True,False,False,1751925379.8232613,610688.3838176727
444575,1751924769.1350672,1751925287.5955455,batch_consumer-sts-0_20250707_215452_869642.csv,True,False,False,1751925379.8232613,610688.1940364838
444585,1751924769.1352687,1751925287.6220393,batch_consumer-sts-0_20250707_215452_869642.csv,True,False,False,1751925379.8232613,610687.9925727844
444595,1751924769.1354733,1751925287.6944566,batch_consumer-sts-0_20250707_215452_869642.csv,True,False,False,1751925379.8232613,610687.7880096436
444605,1751924769.1356554,1751925287.719658,batch_consumer-sts-0_20250707_215452_869642.csv,True,False,False,1751925379.8232613,610687.6058578491
444615,1751924769.1358404,1751925287.7464445,batch_consumer-sts-0_20250707_215452_869642.csv,True,False,False,1751925379.8232613,610687.4208450317
444625,1751924769.1360257,1751925287.7727768,batch_consumer-sts-0_20250707_215452_869642.csv,True,False,False,1751925379.8232613,610687.2355937958
444635,1751924769.1362078,1751925287.7996662,batch_consumer-sts-0_20250707_215452_869642.csv,True,False,False,1751925379.8232613,610687.0534420013
444645,1751924769.1365657,1751925287.8255427,batch_consumer-sts-0_20250707_215452_869642.csv,True,False,False,1751925379.8232613,610686.6955757141
444655,1751924769.1371648,1751925287.8522122,batch_consumer-sts-0_20250707_215452_869642.csv,True,False,False,1751925379.8232613,610686.0964298248
444665,1751924769.1373482,1751925287.8792422,batch_consumer-sts-0_20250707_215452_869642.csv,True,False,False,1751925379.8232613,610685.9130859375
444675,1751924769.1375296,1751925287.9042945,batch_consumer-sts-0_20250707_215452_869642.csv,True,False,False,1751925379.8232613,610685.7316493988
444685,1751924769.1377137,1751925287.9308712,batch_consumer-sts-0_20250707_215452_869642.csv,True,False,False,1751925379.8232613,610685.5475902557
444695,1751924769.137895,1751925287.9570014,batch_consumer-sts-0_20250707_215452_869642.csv,True,False,False,1751925379.8232613,610685.366153717
444705,1751924769.1380773,1751925287.983269,batch_consumer-sts-0_20250707_215452_869642.csv,True,False,False,1751925379.8232613,610685.1840019226
444715,1751924769.1382828,1751925288.0098815,batch_consumer-sts-0_20250707_215452_869642.csv,True,False,False,1751925379.8232613,610684.9784851074
444725,1751924769.138475,1751925288.0366132,batch_consumer-sts-0_20250707_215452_869642.csv,True,False,False,1751925379.8232613,610684.7863197327
444735,1751924769.1386664,1751925288.063393,batch_consumer-sts-0_20250707_215452_869642.csv,True,False,False,1751925379.8232613,610684.5948696136
444745,1751924769.1388605,1751925288.090045,batch_consumer-sts-0_20250707_215452_869642.csv,True,False,False,1751925379.8232613,610684.4007968903
444755,1751924769.1390808,1751925288.1151223,batch_consumer-sts-0_20250707_215452_869642.csv,True,False,False,1751925379.8232613,610684.1804981232
444765,1751924769.1392975,1751925288.1418908,batch_consumer-sts-0_20250707_215452_869642.csv,True,False,False,1751925379.8232613,610683.9637756348
444775,1751924769.1395197,1751925288.1911497,batch_consumer-sts-0_20250707_215452_869642.csv,True,False,False,1751925379.8232613,610683.741569519
444785,1751924769.1396985,1751925288.635465,batch_consumer-sts-0_20250707_215452_869642.csv,True,False,False,1751925379.8232613,610683.5627555847
444795,1751924769.1398869,1751925288.6623485,batch_consumer-sts-0_20250707_215452_869642.csv,True,False,False,1751925379.8232613,610683.3744049072
444805,1751924769.1400647,1751925288.6888397,batch_consumer-sts-0_20250707_215452_869642.csv,True,False,False,1751925379.8232613,610683.1965446472
444815,1751924769.1402614,1751925288.7149448,batch_consumer-sts-0_20250707_215452_869642.csv,True,False,False,1751925379.8232613,610682.9998493195
444825,1751924769.1406949,1751925288.7516344,batch_consumer-sts-0_20250707_215452_869642.csv,True,False,False,1751925379.8232613,610682.5664043427
444835,1751924769.141106,1751925288.782701,batch_consumer-sts-0_20250707_215452_869642.csv,True,False,False,1751925379.8232613,610682.1553707123
444845,1751924769.141282,1751925288.8095045,batch_consumer-sts-0_20250707_215452_869642.csv,True,False,False,1751925379.8232613,610681.9791793823
444855,1751924769.1414633,1751925288.836624,batch_consumer-sts-0_20250707_215452_869642.csv,True,False,False,1751925379.8232613,610681.7979812622
444865,1751924769.1416492,1751925288.8635037,batch_consumer-sts-0_20250707_215452_869642.csv,True,False,False,1751925379.8232613,610681.6120147705
444875,1751924769.1418302,1751925288.890583,batch_consumer-sts-0_20250707_215452_869642.csv,True,False,False,1751925379.8232613,610681.431055069
444885,1751924769.142009,1751925288.917137,batch_consumer-sts-0_20250707_215452_869642.csv,True,False,False,1751925379.8232613,610681.2522411346
444895,1751924769.1422164,1751925288.9464734,batch_consumer-sts-0_20250707_215452_869642.csv,True,False,False,1751925379.8232613,610681.0448169708
444905,1751924769.1424313,1751925288.9727364,batch_consumer-sts-0_20250707_215452_869642.csv,True,False,False,1751925379.8232613,610680.830001831
444915,1751924769.142646,1751925288.9987538,batch_consumer-sts-0_20250707_215452_869642.csv,True,False,False,1751925379.8232613,610680.6151866913
444925,1751924769.142869,1751925289.0248466,batch_consumer-sts-0_20250707_215452_869642.csv,True,False,False,1751925379.8232613,610680.3922653198
444935,1751924769.143088,1751925289.0516815,batch_consumer-sts-0_20250707_215452_869642.csv,True,False,False,1751925379.8232613,610680.1731586456
444945,1751924769.1432986,1751925289.078102,batch_consumer-sts-0_20250707_215452_869642.csv,True,False,False,1751925379.8232613,610679.9626350403
444955,1751924769.1434972,1751925289.105074,batch_consumer-sts-0_20250707_215452_869642.csv,True,False,False,1751925379.8232613,610679.7640323639
444965,1751924769.1436815,1751925289.1321282,batch_consumer-sts-0_20250707_215452_869642.csv,True,False,False,1751925379.8232613,610679.5797348022
444975,1751924769.143861,1751925289.1591067,batch_consumer-sts-0_20250707_215452_869642.csv,True,False,False,1751925379.8232613,610679.4002056122
444985,1751924769.144039,1751925289.1861706,batch_consumer-sts-0_20250707_215452_869642.csv,True,False,False,1751925379.8232613,610679.2223453522
444995,1751924769.144218,1751925289.212651,batch_consumer-sts-0_20250707_215452_869642.csv,True,False,False,1751925379.8232613,610679.0432929993
445005,1751924769.1443996,1751925289.2395985,batch_consumer-sts-0_20250707_215452_869642.csv,True,False,False,1751925379.8232613,610678.861618042
445015,1751924769.1445813,1751925289.2665331,batch_consumer-sts-0_20250707_215452_869642.csv,True,False,False,1751925379.8232613,610678.6799430847
445025,1751924769.1447642,1751925289.2929802,batch_consumer-sts-0_20250707_215452_869642.csv,True,False,False,1751925379.8232613,610678.4970760345
445035,1751924769.1449444,1751925289.319066,batch_consumer-sts-0_20250707_215452_869642.csv,True,False,False,1751925379.8232613,610678.3168315887
445045,1751924769.1451287,1751925289.345632,batch_consumer-sts-0_20250707_215452_869642.csv,True,False,False,1751925379.8232613,610678.1325340271
445055,1751924769.1453104,1751925289.3719974,batch_consumer-sts-0_20250707_215452_869642.csv,True,False,False,1751925379.8232613,610677.9508590698
445065,1751924769.1454935,1751925289.398868,batch_consumer-sts-0_20250707_215452_869642.csv,True,False,False,1751925379.8232613,610677.7677536011
445075,1751924769.1456728,1751925289.4247274,batch_consumer-sts-0_20250707_215452_869642.csv,True,False,False,1751925379.8232613,610677.5884628296
445085,1751924769.1458602,1751925289.4584236,batch_consumer-sts-0_20250707_215452_869642.csv,True,False,False,1751925379.8232613,610677.4010658264
445095,1751924769.1460462,1751925289.487681,batch_consumer-sts-0_20250707_215452_869642.csv,True,False,False,1751925379.8232613,610677.2150993347
445105,1751924769.1462622,1751925289.5138962,batch_consumer-sts-0_20250707_215452_869642.csv,True,False,False,1751925379.8232613,610676.999092102
445115,1751924769.1464589,1751925289.5424397,batch_consumer-sts-0_20250707_215452_869642.csv,True,False,False,1751925379.8232613,610676.8023967743
445125,1751924769.1466408,1751925289.5690625,batch_consumer-sts-0_20250707_215452_869642.csv,True,False,False,1751925379.8232613,610676.6204833984
445135,1751924769.146821,1751925289.5956252,batch_consumer-sts-0_20250707_215452_869642.csv,True,False,False,1751925379.8232613,610676.4402389526
445145,1751924769.1470027,1751925289.6220472,batch_consumer-sts-0_20250707_215452_869642.csv,True,False,False,1751925379.8232613,610676.2585639954
445155,1751924769.147189,1751925289.6479836,batch_consumer-sts-0_20250707_215452_869642.csv,True,False,False,1751925379.8232613,610676.0723590851
445165,1751924769.147373,1751925289.6751046,batch_consumer-sts-0_20250707_215452_869642.csv,True,False,False,1751925379.8232613,610675.888299942
445175,1751924769.1475532,1751925289.7016883,batch_consumer-sts-0_20250707_215452_869642.csv,True,False,False,1751925379.8232613,610675.7080554962
445185,1751924769.14774,1751925289.7282443,batch_consumer-sts-0_20250707_215452_869642.csv,True,False,False,1751925379.8232613,610675.5213737488
445195,1751924769.147926,1751925289.7550838,batch_consumer-sts-0_20250707_215452_869642.csv,True,False,False,1751925379.8232613,610675.3351688385
445205,1751924769.1481068,1751925289.7820835,batch_consumer-sts-0_20250707_215452_869642.csv,True,False,False,1751925379.8232613,610675.1544475555
445215,1751924769.1482873,1751925289.808568,batch_consumer-sts-0_20250707_215452_869642.csv,True,False,False,1751925379.8232613,610674.9739646912
445225,1751924769.1484709,1751925289.836293,batch_consumer-sts-0_20250707_215452_869642.csv,True,False,False,1751925379.8232613,610674.7903823853
445235,1751924769.148649,1751925289.867813,batch_consumer-sts-0_20250707_215452_869642.csv,True,False,False,1751925379.8232613,610674.6122837067
445245,1751924769.148839,1751925289.893963,batch_consumer-sts-0_20250707_215452_869642.csv,True,False,False,1751925379.8232613,610674.4222640991
445255,1751924769.1490123,1751925289.9210052,batch_consumer-sts-0_20250707_215452_869642.csv,True,False,False,1751925379.8232613,610674.2489337921
445265,1751924769.1491933,1751925289.947429,batch_consumer-sts-0_20250707_215452_869642.csv,True,False,False,1751925379.8232613,610674.0679740906
445275,1751924769.1493669,1751925289.9744709,batch_consumer-sts-0_20250707_215452_869642.csv,True,False,False,1751925379.8232613,610673.894405365
445285,1751924769.1495569,1751925290.00122,batch_consumer-sts-0_20250707_215452_869642.csv,True,False,False,1751925379.8232613,610673.7043857574
445295,1751924769.149733,1751925290.0278509,batch_consumer-sts-0_20250707_215452_869642.csv,True,False,False,1751925379.8232613,610673.5281944275
445305,1751924769.1499157,1751925290.055391,batch_consumer-sts-0_20250707_215452_869642.csv,True,False,False,1751925379.8232613,610673.3455657959
445315,1751924769.1500962,1751925290.0820956,batch_consumer-sts-0_20250707_215452_869642.csv,True,False,False,1751925379.8232613,610673.1650829315
445325,1751924769.1502829,1751925290.1087196,batch_consumer-sts-0_20250707_215452_869642.csv,True,False,False,1751925379.8232613,610672.9784011841
445335,1751924769.150463,1751925291.1460862,batch_consumer-sts-0_20250707_215452_869642.csv,True,False,False,1751925379.8232613,610672.7981567383
445345,1751924769.1506624,1751925291.1734092,batch_consumer-sts-0_20250707_215452_869642.csv,True,False,False,1751925379.8232613,610672.5988388062
445355,1751924769.1508555,1751925291.2009594,batch_consumer-sts-0_20250707_215452_869642.csv,True,False,False,1751925379.8232613,610672.4057197571
445365,1751924769.1510484,1751925291.2273698,batch_consumer-sts-0_20250707_215452_869642.csv,True,False,False,1751925379.8232613,610672.2128391266
445375,1751924769.1512418,1751925291.254944,batch_consumer-sts-0_20250707_215452_869642.csv,True,False,False,1751925379.8232613,610672.0194816589
445385,1751924769.1514468,1751925291.2817838,batch_consumer-sts-0_20250707_215452_869642.csv,True,False,False,1751925379.8232613,610671.8144416809
445395,1751924769.1516309,1751925291.3078244,batch_consumer-sts-0_20250707_215452_869642.csv,True,False,False,1751925379.8232613,610671.6303825378
445405,1751924769.1518178,1751925291.3343897,batch_consumer-sts-0_20250707_215452_869642.csv,True,False,False,1751925379.8232613,610671.4434623718
445415,1751924769.1519978,1751925291.3616316,batch_consumer-sts-0_20250707_215452_869642.csv,True,False,False,1751925379.8232613,610671.2634563446
445425,1751924769.1521802,1751925291.390178,batch_consumer-sts-0_20250707_215452_869642.csv,True,False,False,1751925379.8232613,610671.0810661316
445435,1751924769.1523578,1751925291.4166584,batch_consumer-sts-0_20250707_215452_869642.csv,True,False,False,1751925379.8232613,610670.9034442902
445445,1751924769.152546,1751925291.4489615,batch_consumer-sts-0_20250707_215452_869642.csv,True,False,False,1751925379.8232613,610670.7153320312
445455,1751924769.1527257,1751925291.4760134,batch_consumer-sts-0_20250707_215452_869642.csv,True,False,False,1751925379.8232613,610670.5355644226
445465,1751924769.1529207,1751925291.503048,batch_consumer-sts-0_20250707_215452_869642.csv,True,False,False,1751925379.8232613,610670.3405380249
445475,1751924769.1531112,1751925291.5331187,batch_consumer-sts-0_20250707_215452_869642.csv,True,False,False,1751925379.8232613,610670.1500415802
445485,1751924769.153318,1751925291.559667,batch_consumer-sts-0_20250707_215452_869642.csv,True,False,False,1751925379.8232613,610669.9433326721
445495,1751924769.153507,1751925291.5865571,batch_consumer-sts-0_20250707_215452_869642.csv,True,False,False,1751925379.8232613,610669.7542667389
445505,1751924769.1537097,1751925291.6130426,batch_consumer-sts-0_20250707_215452_869642.csv,True,False,False,1751925379.8232613,610669.5516109467
445515,1751924769.153901,1751925291.639893,batch_consumer-sts-0_20250707_215452_869642.csv,True,False,False,1751925379.8232613,610669.3601608276
445525,1751924769.154237,1751925291.665593,batch_consumer-sts-0_20250707_215452_869642.csv,True,False,False,1751925379.8232613,610669.0242290497
445535,1751924769.154434,1751925291.6921277,batch_consumer-sts-0_20250707_215452_869642.csv,True,False,False,1751925379.8232613,610668.8272953033
445545,1751924769.1546383,1751925291.7184188,batch_consumer-sts-0_20250707_215452_869642.csv,True,False,False,1751925379.8232613,610668.622970581
445555,1751924769.1548216,1751925291.744961,batch_consumer-sts-0_20250707_215452_869642.csv,True,False,False,1751925379.8232613,610668.4396266937
445565,1751924769.1550007,1751925291.7717235,batch_consumer-sts-0_20250707_215452_869642.csv,True,False,False,1751925379.8232613,610668.2605743408
445575,1751924769.1551871,1751925291.799051,batch_consumer-sts-0_20250707_215452_869642.csv,True,False,False,1751925379.8232613,610668.074131012
445585,1751924769.1553855,1751925291.825287,batch_consumer-sts-0_20250707_215452_869642.csv,True,False,False,1751925379.8232613,610667.8757667542
445595,1751924769.1555605,1751925291.8528714,batch_consumer-sts-0_20250707_215452_869642.csv,True,False,False,1751925379.8232613,610667.7007675171
445605,1751924769.1557422,1751925291.8816154,batch_consumer-sts-0_20250707_215452_869642.csv,True,False,False,1751925379.8232613,610667.5190925598
445615,1751924769.1559224,1751925291.9087296,batch_consumer-sts-0_20250707_215452_869642.csv,True,False,False,1751925379.8232613,610667.338848114
445625,1751924769.1561007,1751925291.9356394,batch_consumer-sts-0_20250707_215452_869642.csv,True,False,False,1751925379.8232613,610667.1605110168
445635,1751924769.1563003,1751925291.9634907,batch_consumer-sts-0_20250707_215452_869642.csv,True,False,False,1751925379.8232613,610666.9609546661
445645,1751924769.1564853,1751925291.9905958,batch_consumer-sts-0_20250707_215452_869642.csv,True,False,False,1751925379.8232613,610666.7759418488
445655,1751924769.1566672,1751925292.0169964,batch_consumer-sts-0_20250707_215452_869642.csv,True,False,False,1751925379.8232613,610666.5940284729
445665,1751924769.1568527,1751925292.0440102,batch_consumer-sts-0_20250707_215452_869642.csv,True,False,False,1751925379.8232613,610666.4085388184
445675,1751924769.157033,1751925292.0749466,batch_consumer-sts-0_20250707_215452_869642.csv,True,False,False,1751925379.8232613,610666.2282943726
445685,1751924769.1572115,1751925292.1017938,batch_consumer-sts-0_20250707_215452_869642.csv,True,False,False,1751925379.8232613,610666.0497188568
445695,1751924769.1573915,1751925292.128786,batch_consumer-sts-0_20250707_215452_869642.csv,True,False,False,1751925379.8232613,610665.8697128296
445705,1751924769.1575782,1751925292.1661575,batch_consumer-sts-0_20250707_215452_869642.csv,True,False,False,1751925379.8232613,610665.6830310822
445715,1751924769.1577594,1751925292.193611,batch_consumer-sts-0_20250707_215452_869642.csv,True,False,False,1751925379.8232613,610665.501832962
445725,1751924769.1579406,1751925292.2201424,batch_consumer-sts-0_20250707_215452_869642.csv,True,False,False,1751925379.8232613,610665.3206348419
445735,1751924769.1581223,1751925292.2475765,batch_consumer-sts-0_20250707_215452_869642.csv,True,False,False,1751925379.8232613,610665.1389598846
445745,1751924769.158318,1751925292.2750523,batch_consumer-sts-0_20250707_215452_869642.csv,True,False,False,1751925379.8232613,610664.9432182312
445755,1751924769.1585011,1751925292.303412,batch_consumer-sts-0_20250707_215452_869642.csv,True,False,False,1751925379.8232613,610664.7601127625
445765,1751924769.1586888,1751925292.329693,batch_consumer-sts-0_20250707_215452_869642.csv,True,False,False,1751925379.8232613,610664.5724773407
445775,1751924769.158872,1751925292.3571634,batch_consumer-sts-0_20250707_215452_869642.csv,True,False,False,1751925379.8232613,610664.389371872
445785,1751924769.1590586,1751925292.3850942,batch_consumer-sts-0_20250707_215452_869642.csv,True,False,False,1751925379.8232613,610664.2026901245
445795,1751924769.159244,1751925292.4121482,batch_consumer-sts-0_20250707_215452_869642.csv,True,False,False,1751925379.8232613,610664.01720047
445805,1751924769.15944,1751925292.4396417,batch_consumer-sts-0_20250707_215452_869642.csv,True,False,False,1751925379.8232613,610663.821220398
445815,1751924769.1596365,1751925292.4673653,batch_consumer-sts-0_20250707_215452_869642.csv,True,False,False,1751925379.8232613,610663.6247634888
445825,1751924769.1598194,1751925292.4948423,batch_consumer-sts-0_20250707_215452_869642.csv,True,False,False,1751925379.8232613,610663.4418964386
445835,1751924769.160005,1751925292.5220685,batch_consumer-sts-0_20250707_215452_869642.csv,True,False,False,1751925379.8232613,610663.2561683655
445845,1751924769.1601918,1751925292.5450804,batch_consumer-sts-0_20250707_215452_869642.csv,True,False,False,1751925379.8232613,610663.069486618
445855,1751924769.1603796,1751925292.5719106,batch_consumer-sts-0_20250707_215452_869642.csv,True,False,False,1751925379.8232613,610662.8816127777
445865,1751924769.160566,1751925292.5986664,batch_consumer-sts-0_20250707_215452_869642.csv,True,False,False,1751925379.8232613,610662.6951694489
445875,1751924769.1607485,1751925292.6267097,batch_consumer-sts-0_20250707_215452_869642.csv,True,False,False,1751925379.8232613,610662.5127792358
445885,1751924769.1609335,1751925292.6534724,batch_consumer-sts-0_20250707_215452_869642.csv,True,False,False,1751925379.8232613,610662.3277664185
445895,1751924769.161118,1751925292.6798265,batch_consumer-sts-0_20250707_215452_869642.csv,True,False,False,1751925379.8232613,610662.1432304382
445905,1751924769.161301,1751925292.7063854,batch_consumer-sts-0_20250707_215452_869642.csv,True,False,False,1751925379.8232613,610661.9603633881
445915,1751924769.1614823,1751925292.7330124,batch_consumer-sts-0_20250707_215452_869642.csv,True,False,False,1751925379.8232613,610661.7789268494
445925,1751924769.1616652,1751925292.8424778,batch_consumer-sts-0_20250707_215452_869642.csv,True,False,False,1751925379.8232613,610661.5960597992
445935,1751924769.161846,1751925293.086638,batch_consumer-sts-0_20250707_215512_593614.csv,True,False,False,1751925379.8232613,610661.4153385162
445945,1751924769.1620386,1751925293.11182,batch_consumer-sts-0_20250707_215512_593614.csv,True,False,False,1751925379.8232613,610661.2226963043
445955,1751924769.1622438,1751925293.1401043,batch_consumer-sts-0_20250707_215512_593614.csv,True,False,False,1751925379.8232613,610661.0174179077
445965,1751924769.1624255,1751925293.1670184,batch_consumer-sts-0_20250707_215512_593614.csv,True,False,False,1751925379.8232613,610660.8357429504
445975,1751924769.1626148,1751925293.1941628,batch_consumer-sts-0_20250707_215512_593614.csv,True,False,False,1751925379.8232613,610660.6464385986
445985,1751924769.1628008,1751925293.22112,batch_consumer-sts-0_20250707_215512_593614.csv,True,False,False,1751925379.8232613,610660.4604721069
445995,1751924769.1629832,1751925293.249259,batch_consumer-sts-0_20250707_215512_593614.csv,True,False,False,1751925379.8232613,610660.2780818939
446005,1751924769.1631663,1751925293.314709,batch_consumer-sts-0_20250707_215512_593614.csv,True,False,False,1751925379.8232613,610660.0949764252
446015,1751924769.163349,1751925293.341187,batch_consumer-sts-0_20250707_215512_593614.csv,True,False,False,1751925379.8232613,610659.9123477936
446025,1751924769.1635334,1751925293.368368,batch_consumer-sts-0_20250707_215512_593614.csv,True,False,False,1751925379.8232613,610659.7278118134
446035,1751924769.163717,1751925293.395887,batch_consumer-sts-0_20250707_215512_593614.csv,True,False,False,1751925379.8232613,610659.5442295074
446045,1751924769.163902,1751925293.42217,batch_consumer-sts-0_20250707_215512_593614.csv,True,False,False,1751925379.8232613,610659.3592166901
446055,1751924769.1640823,1751925293.4493704,batch_consumer-sts-0_20250707_215512_593614.csv,True,False,False,1751925379.8232613,610659.1789722443
446065,1751924769.1642652,1751925293.4764717,batch_consumer-sts-0_20250707_215512_593614.csv,True,False,False,1751925379.8232613,610658.9961051941
446075,1751924769.1644487,1751925293.5031695,batch_consumer-sts-0_20250707_215512_593614.csv,True,False,False,1751925379.8232613,610658.8125228882
446085,1751924769.1646357,1751925294.0850053,batch_consumer-sts-0_20250707_215512_593614.csv,True,False,False,1751925379.8232613,610658.6256027222
446095,1751924769.1648345,1751925294.111383,batch_consumer-sts-0_20250707_215512_593614.csv,True,False,False,1751925379.8232613,610658.4267616272
446105,1751924769.1650183,1751925294.1382444,batch_consumer-sts-0_20250707_215512_593614.csv,True,False,False,1751925379.8232613,610658.2429409027
446115,1751924769.1652195,1751925294.170346,batch_consumer-sts-0_20250707_215512_593614.csv,True,False,False,1751925379.8232613,610658.041715622
446125,1751924769.1654046,1751925294.197276,batch_consumer-sts-0_20250707_215512_593614.csv,True,False,False,1751925379.8232613,610657.8567028046
446135,1751924769.165589,1751925294.225061,batch_consumer-sts-0_20250707_215512_593614.csv,True,False,False,1751925379.8232613,610657.6721668243
446145,1751924769.1657703,1751925294.2518108,batch_consumer-sts-0_20250707_215512_593614.csv,True,False,False,1751925379.8232613,610657.4909687042
446155,1751924769.1659527,1751925294.2777498,batch_consumer-sts-0_20250707_215512_593614.csv,True,False,False,1751925379.8232613,610657.3085784912
446165,1751924769.166138,1751925294.303496,batch_consumer-sts-0_20250707_215512_593614.csv,True,False,False,1751925379.8232613,610657.1233272552
446175,1751924769.1663258,1751925294.3312898,batch_consumer-sts-0_20250707_215512_593614.csv,True,False,False,1751925379.8232613,610656.9354534149
446185,1751924769.16651,1751925294.3584695,batch_consumer-sts-0_20250707_215512_593614.csv,True,False,False,1751925379.8232613,610656.7511558533
446195,1751924769.1666863,1751925294.3853085,batch_consumer-sts-0_20250707_215512_593614.csv,True,False,False,1751925379.8232613,610656.5749645233
446205,1751924769.1668704,1751925294.4120276,batch_consumer-sts-0_20250707_215512_593614.csv,True,False,False,1751925379.8232613,610656.3909053802
446215,1751924769.167054,1751925294.4388218,batch_consumer-sts-0_20250707_215512_593614.csv,True,False,False,1751925379.8232613,610656.2073230743
490175,1751924770.1624458,1751925294.471818,batch_consumer-sts-0_20250707_215512_593614.csv,True,False,False,1751925379.8232613,609660.8154773712
490185,1751924770.16443,1751925294.497903,batch_consumer-sts-0_20250707_215512_593614.csv,True,False,False,1751925379.8232613,609658.8313579559
490195,1751924770.164617,1751925294.5247676,batch_consumer-sts-0_20250707_215512_593614.csv,True,False,False,1751925379.8232613,609658.6441993713
490205,1751924770.164821,1751925294.55101,batch_consumer-sts-0_20250707_215512_593614.csv,True,False,False,1751925379.8232613,609658.4403514862
490215,1751924770.1650136,1751925294.5781362,batch_consumer-sts-0_20250707_215512_593614.csv,True,False,False,1751925379.8232613,609658.2477092743
490225,1751924770.1651917,1751925294.605435,batch_consumer-sts-0_20250707_215512_593614.csv,True,False,False,1751925379.8232613,609658.0696105957
490235,1751924770.1653674,1751925294.6389563,batch_consumer-sts-0_20250707_215512_593614.csv,True,False,False,1751925379.8232613,609657.8938961029
490245,1751924770.1655495,1751925294.6662562,batch_consumer-sts-0_20250707_215512_593614.csv,True,False,False,1751925379.8232613,609657.7117443085
490255,1751924770.1657343,1751925294.6927388,batch_consumer-sts-0_20250707_215512_593614.csv,True,False,False,1751925379.8232613,609657.5269699097
490265,1751924770.1659224,1751925294.7189589,batch_consumer-sts-0_20250707_215512_593614.csv,True,False,False,1751925379.8232613,609657.3388576508
490275,1751924770.1661088,1751925294.7456138,batch_consumer-sts-0_20250707_215512_593614.csv,True,False,False,1751925379.8232613,609657.1524143219
490285,1751924770.166295,1751925294.772549,batch_consumer-sts-0_20250707_215512_593614.csv,True,False,False,1751925379.8232613,609656.9662094116
490295,1751924770.1664808,1751925294.7994604,batch_consumer-sts-0_20250707_215512_593614.csv,True,False,False,1751925379.8232613,609656.7804813385
490305,1751924770.166667,1751925294.825906,batch_consumer-sts-0_20250707_215512_593614.csv,True,False,False,1751925379.8232613,609656.5942764282
490315,1751924770.1668468,1751925294.853101,batch_consumer-sts-0_20250707_215512_593614.csv,True,False,False,1751925379.8232613,609656.4145088196
490325,1751924770.1670308,1751925294.8800528,batch_consumer-sts-0_20250707_215512_593614.csv,True,False,False,1751925379.8232613,609656.2304496765
490335,1751924770.1672149,1751925294.9066854,batch_consumer-sts-0_20250707_215512_593614.csv,True,False,False,1751925379.8232613,609656.0463905334
490345,1751924770.167399,1751925294.9340734,batch_consumer-sts-0_20250707_215512_593614.csv,True,False,False,1751925379.8232613,609655.8623313904
490355,1751924770.16758,1751925294.9611702,batch_consumer-sts-0_20250707_215512_593614.csv,True,False,False,1751925379.8232613,609655.6813716888
490365,1751924770.1677656,1751925294.9881237,batch_consumer-sts-0_20250707_215512_593614.csv,True,False,False,1751925379.8232613,609655.4956436157
490375,1751924770.167947,1751925295.0144532,batch_consumer-sts-0_20250707_215512_593614.csv,True,False,False,1751925379.8232613,609655.314207077
490385,1751924770.1681323,1751925295.0415988,batch_consumer-sts-0_20250707_215512_593614.csv,True,False,False,1751925379.8232613,609655.1289558411
490395,1751924770.1683142,1751925295.068705,batch_consumer-sts-0_20250707_215512_593614.csv,True,False,False,1751925379.8232613,609654.9470424652
490405,1751924770.1685026,1751925295.0965817,batch_consumer-sts-0_20250707_215512_593614.csv,True,False,False,1751925379.8232613,609654.7586917877
490415,1751924770.1686862,1751925295.1237848,batch_consumer-sts-0_20250707_215512_593614.csv,True,False,False,1751925379.8232613,609654.5751094818
490425,1751924770.1688702,1751925295.150525,batch_consumer-sts-0_20250707_215512_593614.csv,True,False,False,1751925379.8232613,609654.3910503387
490435,1751924770.169059,1751925295.1779315,batch_consumer-sts-0_20250707_215512_593614.csv,True,False,False,1751925379.8232613,609654.2022228241
490445,1751924770.1692429,1751925295.204671,batch_consumer-sts-0_20250707_215512_593614.csv,True,False,False,1751925379.8232613,609654.0184020996
490455,1751924770.1696165,1751925295.231616,batch_consumer-sts-0_20250707_215512_593614.csv,True,False,False,1751925379.8232613,609653.6448001862
490465,1751924770.1699705,1751925295.2587996,batch_consumer-sts-0_20250707_215512_593614.csv,True,False,False,1751925379.8232613,609653.2907485962
490475,1751924770.1703374,1751925295.287476,batch_consumer-sts-0_20250707_215512_593614.csv,True,False,False,1751925379.8232613,609652.923822403
490485,1751924770.1706734,1751925296.315407,batch_consumer-sts-0_20250707_215512_593614.csv,True,False,False,1751925379.8232613,609652.587890625
490495,1751924770.1708553,1751925296.343125,batch_consumer-sts-0_20250707_215512_593614.csv,True,False,False,1751925379.8232613,609652.4059772491
490505,1751924770.1710515,1751925296.3707116,batch_consumer-sts-0_20250707_215512_593614.csv,True,False,False,1751925379.8232613,609652.2097587585
490515,1751924770.1712413,1751925296.398025,batch_consumer-sts-0_20250707_215512_593614.csv,True,False,False,1751925379.8232613,609652.0199775696
490525,1751924770.1714263,1751925296.4249969,batch_consumer-sts-0_20250707_215512_593614.csv,True,False,False,1751925379.8232613,609651.8349647522
490535,1751924770.1716173,1751925296.4526052,batch_consumer-sts-0_20250707_215512_593614.csv,True,False,False,1751925379.8232613,609651.6439914703
490545,1751924770.171828,1751925296.4799097,batch_consumer-sts-0_20250707_215512_593614.csv,True,False,False,1751925379.8232613,609651.4332294464
490555,1751924770.1720142,1751925296.5072336,batch_consumer-sts-0_20250707_215512_593614.csv,True,False,False,1751925379.8232613,609651.2470245361
490565,1751924770.1722186,1751925296.5370526,batch_consumer-sts-0_20250707_215512_593614.csv,True,False,False,1751925379.8232613,609651.0426998138
490575,1751924770.1723957,1751925296.564449,batch_consumer-sts-0_20250707_215512_593614.csv,True,False,False,1751925379.8232613,609650.8655548096
490585,1751924770.1725698,1751925296.5915806,batch_consumer-sts-0_20250707_215512_593614.csv,True,False,False,1751925379.8232613,609650.6915092468
490595,1751924770.1727488,1751925296.6184328,batch_consumer-sts-0_20250707_215512_593614.csv,True,False,False,1751925379.8232613,609650.5124568939
490605,1751924770.1729372,1751925296.646612,batch_consumer-sts-0_20250707_215512_593614.csv,True,False,False,1751925379.8232613,609650.3241062164
490615,1751924770.173117,1751925296.675413,batch_consumer-sts-0_20250707_215512_593614.csv,True,False,False,1751925379.8232613,609650.1443386078
490625,1751924770.1732924,1751925296.7024794,batch_consumer-sts-0_20250707_215512_593614.csv,True,False,False,1751925379.8232613,609649.9688625336
490635,1751924770.1734717,1751925296.729395,batch_consumer-sts-0_20250707_215512_593614.csv,True,False,False,1751925379.8232613,609649.7895717621
490645,1751924770.173658,1751925296.756151,batch_consumer-sts-0_20250707_215512_593614.csv,True,False,False,1751925379.8232613,609649.6033668518
490655,1751924770.1738386,1751925296.7830615,batch_consumer-sts-0_20250707_215512_593614.csv,True,False,False,1751925379.8232613,609649.4226455688
490665,1751924770.1740234,1751925296.8095465,batch_consumer-sts-0_20250707_215512_593614.csv,True,False,False,1751925379.8232613,609649.23787117
490675,1751924770.1742089,1751925296.83626,batch_consumer-sts-0_20250707_215512_593614.csv,True,False,False,1751925379.8232613,609649.0523815155
490685,1751924770.1743848,1751925296.863712,batch_consumer-sts-0_20250707_215512_593614.csv,True,False,False,1751925379.8232613,609648.8764286041
490695,1751924770.1745615,1751925296.8902986,batch_consumer-sts-0_20250707_215512_593614.csv,True,False,False,1751925379.8232613,609648.699760437
490705,1751924770.1747444,1751925296.916793,batch_consumer-sts-0_20250707_215512_593614.csv,True,False,False,1751925379.8232613,609648.5168933868
490715,1751924770.1749263,1751925296.9436734,batch_consumer-sts-0_20250707_215512_593614.csv,True,False,False,1751925379.8232613,609648.334980011
490725,1751924770.1751363,1751925296.9706564,batch_consumer-sts-0_20250707_215512_593614.csv,True,False,False,1751925379.8232613,609648.1249332428
490735,1751924770.1753309,1751925296.997815,batch_consumer-sts-0_20250707_215512_593614.csv,True,False,False,1751925379.8232613,609647.9303836823
490745,1751924770.17555,1751925297.0249088,batch_consumer-sts-0_20250707_215512_593614.csv,True,False,False,1751925379.8232613,609647.711277008
490755,1751924770.175747,1751925297.0514655,batch_consumer-sts-0_20250707_215512_593614.csv,True,False,False,1751925379.8232613,609647.5143432617
490765,1751924770.1759334,1751925297.078492,batch_consumer-sts-0_20250707_215512_593614.csv,True,False,False,1751925379.8232613,609647.3278999329
490775,1751924770.1761396,1751925297.1060956,batch_consumer-sts-0_20250707_215512_593614.csv,True,False,False,1751925379.8232613,609647.1216678619
490785,1751924770.1763237,1751925297.1331694,batch_consumer-sts-0_20250707_215512_593614.csv,True,False,False,1751925379.8232613,609646.9376087189
490795,1751924770.1765049,1751925297.1602204,batch_consumer-sts-0_20250707_215512_593614.csv,True,False,False,1751925379.8232613,609646.7564105988
490805,1751924770.1766963,1751925297.1867063,batch_consumer-sts-0_20250707_215512_593614.csv,True,False,False,1751925379.8232613,609646.5649604797
490815,1751924770.176884,1751925297.2132304,batch_consumer-sts-0_20250707_215512_593614.csv,True,False,False,1751925379.8232613,609646.377325058
490825,1751924770.1770678,1751925297.2398884,batch_consumer-sts-0_20250707_215512_593614.csv,True,False,False,1751925379.8232613,609646.1935043335
490835,1751924770.1772504,1751925297.2668076,batch_consumer-sts-0_20250707_215512_593614.csv,True,False,False,1751925379.8232613,609646.0108757019
490845,1751924770.1774356,1751925297.2934587,batch_consumer-sts-0_20250707_215512_593614.csv,True,False,False,1751925379.8232613,609645.825624466
490855,1751924770.177622,1751925297.31995,batch_consumer-sts-0_20250707_215512_593614.csv,True,False,False,1751925379.8232613,609645.6391811371
490865,1751924770.1778076,1751925297.3459558,batch_consumer-sts-0_20250707_215512_593614.csv,True,False,False,1751925379.8232613,609645.4536914825
490875,1751924770.177992,1751925297.3725955,batch_consumer-sts-0_20250707_215512_593614.csv,True,False,False,1751925379.8232613,609645.2691555023
490885,1751924770.178212,1751925297.3994126,batch_consumer-sts-0_20250707_215512_593614.csv,True,False,False,1751925379.8232613,609645.0493335724
490895,1751924770.178442,1751925297.4268322,batch_consumer-sts-0_20250707_215512_593614.csv,True,False,False,1751925379.8232613,609644.8192596436
490905,1751924770.178668,1751925297.4538684,batch_consumer-sts-0_20250707_215512_593614.csv,True,False,False,1751925379.8232613,609644.5932388306
490915,1751924770.178875,1751925297.480978,batch_consumer-sts-0_20250707_215512_593614.csv,True,False,False,1751925379.8232613,609644.3862915039
490925,1751924770.1790717,1751925297.5084152,batch_consumer-sts-0_20250707_215512_593614.csv,True,False,False,1751925379.8232613,609644.1895961761
490935,1751924770.179268,1751925297.5355022,batch_consumer-sts-0_20250707_215512_593614.csv,True,False,False,1751925379.8232613,609643.9933776855
490945,1751924770.179474,1751925297.562753,batch_consumer-sts-0_20250707_215512_593614.csv,True,False,False,1751925379.8232613,609643.7871456146
490955,1751924770.1796603,1751925297.5901103,batch_consumer-sts-0_20250707_215512_593614.csv,True,False,False,1751925379.8232613,609643.6009407043
490965,1751924770.1798456,1751925297.6164262,batch_consumer-sts-0_20250707_215512_593614.csv,True,False,False,1751925379.8232613,609643.4156894684
490975,1751924770.1800232,1751925297.645942,batch_consumer-sts-0_20250707_215512_593614.csv,True,False,False,1751925379.8232613,609643.238067627
490985,1751924770.1802075,1751925297.67337,batch_consumer-sts-0_20250707_215512_593614.csv,True,False,False,1751925379.8232613,609643.0537700653
490995,1751924770.1803942,1751925297.700668,batch_consumer-sts-0_20250707_215512_593614.csv,True,False,False,1751925379.8232613,609642.8670883179
491005,1751924770.1805787,1751925297.7283573,batch_consumer-sts-0_20250707_215512_593614.csv,True,False,False,1751925379.8232613,609642.6825523376
491015,1751924770.18076,1751925297.7560244,batch_consumer-sts-0_20250707_215512_593614.csv,True,False,False,1751925379.8232613,609642.5013542175
491025,1751924770.180943,1751925297.783308,batch_consumer-sts-0_20250707_215512_593614.csv,True,False,False,1751925379.8232613,609642.3182487488
491035,1751924770.1811302,1751925297.810163,batch_consumer-sts-0_20250707_215512_593614.csv,True,False,False,1751925379.8232613,609642.1310901642
491045,1751924770.181341,1751925297.8382623,batch_consumer-sts-0_20250707_215512_593614.csv,True,False,False,1751925379.8232613,609641.9203281403
491055,1751924770.181541,1751925297.865046,batch_consumer-sts-0_20250707_215512_593614.csv,True,False,False,1751925379.8232613,609641.7202949524
491065,1751924770.1817255,1751925297.9245577,batch_consumer-sts-0_20250707_215512_593614.csv,True,False,False,1751925379.8232613,609641.5357589722
491075,1751924770.18191,1751925297.951598,batch_consumer-sts-0_20250707_215512_593614.csv,True,False,False,1751925379.8232613,609641.351222992
491085,1751924770.1820931,1751925297.9785166,batch_consumer-sts-0_20250707_215512_593614.csv,True,False,False,1751925379.8232613,609641.1681175232
491095,1751924770.1823022,1751925298.004938,batch_consumer-sts-0_20250707_215512_593614.csv,True,False,False,1751925379.8232613,609640.9590244293
491105,1751924770.1824908,1751925298.036543,batch_consumer-sts-0_20250707_215512_593614.csv,True,False,False,1751925379.8232613,609640.7704353333
491115,1751924770.1826825,1751925298.063208,batch_consumer-sts-0_20250707_215512_593614.csv,True,False,False,1751925379.8232613,609640.5787467957
491125,1751924770.1828823,1751925298.089667,batch_consumer-sts-0_20250707_215512_593614.csv,True,False,False,1751925379.8232613,609640.3789520264
491135,1751924770.1830904,1751925298.1164196,batch_consumer-sts-0_20250707_215512_593614.csv,True,False,False,1751925379.8232613,609640.1708126068
491145,1751924770.1832817,1751925298.142856,batch_consumer-sts-0_20250707_215512_593614.csv,True,False,False,1751925379.8232613,609639.9796009064
491155,1751924770.1834636,1751925298.1701438,batch_consumer-sts-0_20250707_215512_593614.csv,True,False,False,1751925379.8232613,609639.7976875305
491165,1751924770.183651,1751925298.1971197,batch_consumer-sts-0_20250707_215512_593614.csv,True,False,False,1751925379.8232613,609639.6102905273
491175,1751924770.1838405,1751925298.2264993,batch_consumer-sts-0_20250707_215512_593614.csv,True,False,False,1751925379.8232613,609639.420747757
491185,1751924770.1840727,1751925298.2533865,batch_consumer-sts-0_20250707_215512_593614.csv,True,False,False,1751925379.8232613,609639.1885280609
491195,1751924770.1842637,1751925298.2803435,batch_consumer-sts-0_20250707_215512_593614.csv,True,False,False,1751925379.8232613,609638.997554779
491205,1751924770.184456,1751925298.307094,batch_consumer-sts-0_20250707_215512_593614.csv,True,False,False,1751925379.8232613,609638.8051509857
491215,1751924770.1846433,1751925298.335159,batch_consumer-sts-0_20250707_215512_593614.csv,True,False,False,1751925379.8232613,609638.6179924011
491225,1751924770.1848335,1751925298.3618548,batch_consumer-sts-0_20250707_215512_593614.csv,True,False,False,1751925379.8232613,609638.427734375
491235,1751924770.1850438,1751925298.4362762,batch_consumer-sts-0_20250707_215512_593614.csv,True,False,False,1751925379.8232613,609638.2174491882
491245,1751924770.1852467,1751925298.46336,batch_consumer-sts-0_20250707_215512_593614.csv,True,False,False,1751925379.8232613,609638.0145549774
491255,1751924770.1854408,1751925298.9392295,batch_consumer-sts-0_20250707_215512_593614.csv,True,False,False,1751925379.8232613,609637.820482254
491265,1751924770.1856325,1751925298.9667015,batch_consumer-sts-0_20250707_215512_593614.csv,True,False,False,1751925379.8232613,609637.6287937164
491275,1751924770.1858292,1751925298.9936223,batch_consumer-sts-0_20250707_215512_593614.csv,True,False,False,1751925379.8232613,609637.4320983887
491285,1751924770.186035,1751925299.0199237,batch_consumer-sts-0_20250707_215512_593614.csv,True,False,False,1751925379.8232613,609637.2263431549
491295,1751924770.186225,1751925299.0473423,batch_consumer-sts-0_20250707_215512_593614.csv,True,False,False,1751925379.8232613,609637.0363235474
491305,1751924770.186406,1751925299.0784953,batch_consumer-sts-0_20250707_215512_593614.csv,True,False,False,1751925379.8232613,609636.8553638458
491315,1751924770.1865904,1751925299.1059835,batch_consumer-sts-0_20250707_215512_593614.csv,True,False,False,1751925379.8232613,609636.6708278656
491325,1751924770.186782,1751925299.134121,batch_consumer-sts-0_20250707_215512_593614.csv,True,False,False,1751925379.8232613,609636.4793777466
491335,1751924770.186969,1751925299.160609,batch_consumer-sts-0_20250707_215512_593614.csv,True,False,False,1751925379.8232613,609636.292219162
491345,1751924770.1871505,1751925299.1888485,batch_consumer-sts-0_20250707_215512_593614.csv,True,False,False,1751925379.8232613,609636.1107826233
491355,1751924770.1873407,1751925299.2150009,batch_consumer-sts-0_20250707_215512_593614.csv,True,False,False,1751925379.8232613,609635.9205245972
491365,1751924770.1875324,1751925299.2407112,batch_consumer-sts-0_20250707_215512_593614.csv,True,False,False,1751925379.8232613,609635.7288360596
491375,1751924770.1877184,1751925299.2678273,batch_consumer-sts-0_20250707_215512_593614.csv,True,False,False,1751925379.8232613,609635.5428695679
491385,1751924770.1879015,1751925299.2948663,batch_consumer-sts-0_20250707_215512_593614.csv,True,False,False,1751925379.8232613,609635.3597640991
491395,1751924770.1880832,1751925299.323428,batch_consumer-sts-0_20250707_215512_593614.csv,True,False,False,1751925379.8232613,609635.1780891418
491405,1751924770.1882668,1751925299.3504076,batch_consumer-sts-0_20250707_215512_593614.csv,True,False,False,1751925379.8232613,609634.9945068359
491415,1751924770.188446,1751925299.377151,batch_consumer-sts-0_20250707_215512_593614.csv,True,False,False,1751925379.8232613,609634.8152160645
491425,1751924770.1886306,1751925299.404703,batch_consumer-sts-0_20250707_215512_593614.csv,True,False,False,1751925379.8232613,609634.6306800842
491435,1751924770.1888196,1751925299.434833,batch_consumer-sts-0_20250707_215512_593614.csv,True,False,False,1751925379.8232613,609634.441614151
491445,1751924770.1890056,1751925299.4615967,batch_consumer-sts-0_20250707_215512_593614.csv,True,False,False,1751925379.8232613,609634.2556476593
491455,1751924770.1891928,1751925299.4882529,batch_consumer-sts-0_20250707_215512_593614.csv,True,False,False,1751925379.8232613,609634.0684890747
491465,1751924770.189377,1751925299.5154033,batch_consumer-sts-0_20250707_215512_593614.csv,True,False,False,1751925379.8232613,609633.8841915131
491475,1751924770.1895638,1751925299.5427804,batch_consumer-sts-0_20250707_215512_593614.csv,True,False,False,1751925379.8232613,609633.6975097656
491485,1751924770.189745,1751925299.5694146,batch_consumer-sts-0_20250707_215512_593614.csv,True,False,False,1751925379.8232613,609633.5163116455
491495,1751924770.1899295,1751925299.5957618,batch_consumer-sts-0_20250707_215512_593614.csv,True,False,False,1751925379.8232613,609633.3317756653
491505,1751924770.1901093,1751925299.6220317,batch_consumer-sts-0_20250707_215512_593614.csv,True,False,False,1751925379.8232613,609633.1520080566
491515,1751924770.1902976,1751925299.6490717,batch_consumer-sts-0_20250707_215512_593614.csv,True,False,False,1751925379.8232613,609632.9636573792
491525,1751924770.190486,1751925299.6757972,batch_consumer-sts-0_20250707_215512_593614.csv,True,False,False,1751925379.8232613,609632.7753067017
491535,1751924770.1906655,1751925299.7023726,batch_consumer-sts-0_20250707_215512_593614.csv,True,False,False,1751925379.8232613,609632.5957775116
491545,1751924770.1908464,1751925299.7287636,batch_consumer-sts-0_20250707_215512_593614.csv,True,False,False,1751925379.8232613,609632.4148178101
491555,1751924770.1910307,1751925299.755494,batch_consumer-sts-0_20250707_215512_593614.csv,True,False,False,1751925379.8232613,609632.2305202484
491565,1751924770.1912203,1751925299.7823434,batch_consumer-sts-0_20250707_215512_593614.csv,True,False,False,1751925379.8232613,609632.040977478
491575,1751924770.1914024,1751925299.8086936,batch_consumer-sts-0_20250707_215512_593614.csv,True,False,False,1751925379.8232613,609631.8588256836
491585,1751924770.191586,1751925299.836085,batch_consumer-sts-0_20250707_215512_593614.csv,True,False,False,1751925379.8232613,609631.6752433777
491595,1751924770.1917706,1751925299.8627796,batch_consumer-sts-0_20250707_215512_593614.csv,True,False,False,1751925379.8232613,609631.4907073975
491605,1751924770.1919534,1751925299.8894985,batch_consumer-sts-0_20250707_215512_593614.csv,True,False,False,1751925379.8232613,609631.3078403473
491615,1751924770.1921377,1751925299.9158125,batch_consumer-sts-0_20250707_215512_593614.csv,True,False,False,1751925379.8232613,609631.1235427856
491625,1751924770.192323,1751925299.942473,batch_consumer-sts-0_20250707_215512_593614.csv,True,False,False,1751925379.8232613,609630.9382915497
491635,1751924770.1925056,1751925299.9693682,batch_consumer-sts-0_20250707_215512_593614.csv,True,False,False,1751925379.8232613,609630.7556629181
491645,1751924770.19269,1751925299.9960084,batch_consumer-sts-0_20250707_215512_593614.csv,True,False,False,1751925379.8232613,609630.5713653564
491655,1751924770.1928642,1751925300.0224404,batch_consumer-sts-0_20250707_215512_593614.csv,True,False,False,1751925379.8232613,609630.3970813751
491665,1751924770.1930509,1751925300.0496662,batch_consumer-sts-0_20250707_215512_593614.csv,True,False,False,1751925379.8232613,609630.2103996277
491675,1751924770.193244,1751925300.0764751,batch_consumer-sts-0_20250707_215512_593614.csv,True,False,False,1751925379.8232613,609630.0172805786
491685,1751924770.1934469,1751925300.1037874,batch_consumer-sts-0_20250707_215512_593614.csv,True,False,False,1751925379.8232613,609629.8143863678
491695,1751924770.1936412,1751925300.1323066,batch_consumer-sts-0_20250707_215512_593614.csv,True,False,False,1751925379.8232613,609629.6200752258
491705,1751924770.1938317,1751925300.1601844,batch_consumer-sts-0_20250707_215512_593614.csv,True,False,False,1751925379.8232613,609629.4295787811
491715,1751924770.1940322,1751925300.1870923,batch_consumer-sts-0_20250707_215512_593614.csv,True,False,False,1751925379.8232613,609629.2290687561
491725,1751924770.1942408,1751925300.2135434,batch_consumer-sts-0_20250707_215512_593614.csv,True,False,False,1751925379.8232613,609629.0204524994
491735,1751924770.1944394,1751925300.2426004,batch_consumer-sts-0_20250707_215512_593614.csv,True,False,False,1751925379.8232613,609628.821849823
491745,1751924770.1946397,1751925300.2695212,batch_consumer-sts-0_20250707_215512_593614.csv,True,False,False,1751925379.8232613,609628.6215782166
491755,1751924770.19482,1751925300.2965825,batch_consumer-sts-0_20250707_215512_593614.csv,True,False,False,1751925379.8232613,609628.4413337708
491765,1751924770.195007,1751925300.3260922,batch_consumer-sts-0_20250707_215512_593614.csv,True,False,False,1751925379.8232613,609628.2541751862
491775,1751924770.1951892,1751925300.352956,batch_consumer-sts-0_20250707_215512_593614.csv,True,False,False,1751925379.8232613,609628.0720233917
491785,1751924770.1954007,1751925300.38011,batch_consumer-sts-0_20250707_215512_593614.csv,True,False,False,1751925379.8232613,609627.8605461121
491795,1751924770.1955824,1751925300.4073822,batch_consumer-sts-0_20250707_215512_593614.csv,True,False,False,1751925379.8232613,609627.6788711548
491805,1751924770.1957695,1751925300.4340117,batch_consumer-sts-0_20250707_215512_593614.csv,True,False,False,1751925379.8232613,609627.4917125702
491815,1751924770.1959496,1751925300.460958,batch_consumer-sts-0_20250707_215512_593614.csv,True,False,False,1751925379.8232613,609627.311706543
491825,1751924770.196131,1751925300.4880044,batch_consumer-sts-0_20250707_215512_593614.csv,True,False,False,1751925379.8232613,609627.1302700043
491835,1751924770.196317,1751925300.5132575,batch_consumer-sts-0_20250707_215512_593614.csv,True,False,False,1751925379.8232613,609626.9443035126
491845,1751924770.1964982,1751925300.5404146,batch_consumer-sts-0_20250707_215512_593614.csv,True,False,False,1751925379.8232613,609626.7631053925
491855,1751924770.1966827,1751925300.5671988,batch_consumer-sts-0_20250707_215512_593614.csv,True,False,False,1751925379.8232613,609626.5785694122
491865,1751924770.1968634,1751925300.5942254,batch_consumer-sts-0_20250707_215512_593614.csv,True,False,False,1751925379.8232613,609626.3978481293
491875,1751924770.1970425,1751925300.620325,batch_consumer-sts-0_20250707_215512_593614.csv,True,False,False,1751925379.8232613,609626.2187957764
491885,1751924770.1972606,1751925301.6490705,batch_consumer-sts-0_20250707_215512_593614.csv,True,False,False,1751925379.8232613,609626.0006427765
491895,1751924770.197466,1751925301.6767616,batch_consumer-sts-0_20250707_215512_593614.csv,True,False,False,1751925379.8232613,609625.7953643799
491905,1751924770.1976595,1751925301.7022877,batch_consumer-sts-0_20250707_215512_593614.csv,True,False,False,1751925379.8232613,609625.6017684937
491915,1751924770.1978517,1751925301.7277288,batch_consumer-sts-0_20250707_215512_593614.csv,True,False,False,1751925379.8232613,609625.4096031189
491925,1751924770.1980426,1751925301.7546031,batch_consumer-sts-0_20250707_215512_593614.csv,True,False,False,1751925379.8232613,609625.218629837
491935,1751924770.198267,1751925301.7815378,batch_consumer-sts-0_20250707_215512_593614.csv,True,False,False,1751925379.8232613,609624.9942779541
491945,1751924770.198478,1751925301.808081,batch_consumer-sts-0_20250707_215512_593614.csv,True,False,False,1751925379.8232613,609624.7832775116
491955,1751924770.1986873,1751925301.8351774,batch_consumer-sts-0_20250707_215512_593614.csv,True,False,False,1751925379.8232613,609624.5739459991
491965,1751924770.198879,1751925301.862266,batch_consumer-sts-0_20250707_215512_593614.csv,True,False,False,1751925379.8232613,609624.3822574615
491975,1751924770.199072,1751925301.8875537,batch_consumer-sts-0_20250707_215512_593614.csv,True,False,False,1751925379.8232613,609624.189376831
491985,1751924770.1992657,1751925301.9141045,batch_consumer-sts-0_20250707_215512_593614.csv,True,False,False,1751925379.8232613,609623.9955425262
491995,1751924770.1994634,1751925301.940708,batch_consumer-sts-0_20250707_215512_593614.csv,True,False,False,1751925379.8232613,609623.7978935242
492005,1751924770.1996467,1751925301.968501,batch_consumer-sts-0_20250707_215512_593614.csv,True,False,False,1751925379.8232613,609623.6145496368
492015,1751924770.1998298,1751925301.9955363,batch_consumer-sts-0_20250707_215512_593614.csv,True,False,False,1751925379.8232613,609623.4314441681
492025,1751924770.2000108,1751925302.021646,batch_consumer-sts-0_20250707_215512_593614.csv,True,False,False,1751925379.8232613,609623.2504844666
492035,1751924770.200188,1751925302.048495,batch_consumer-sts-0_20250707_215512_593614.csv,True,False,False,1751925379.8232613,609623.0733394623
492045,1751924770.2003713,1751925302.07526,batch_consumer-sts-0_20250707_215512_593614.csv,True,False,False,1751925379.8232613,609622.889995575
492055,1751924770.200554,1751925302.10224,batch_consumer-sts-0_20250707_215512_593614.csv,True,False,False,1751925379.8232613,609622.7073669434
492065,1751924770.2007525,1751925302.1286302,batch_consumer-sts-0_20250707_215512_593614.csv,True,False,False,1751925379.8232613,609622.508764267
492075,1751924770.2009494,1751925302.1586678,batch_consumer-sts-0_20250707_215512_593614.csv,True,False,False,1751925379.8232613,609622.3118305206
492085,1751924770.201131,1751925302.187967,batch_consumer-sts-0_20250707_215512_593614.csv,True,False,False,1751925379.8232613,609622.1301555634
492095,1751924770.2013133,1751925302.214362,batch_consumer-sts-0_20250707_215512_593614.csv,True,False,False,1751925379.8232613,609621.9480037689
492105,1751924770.2014968,1751925302.2412543,batch_consumer-sts-0_20250707_215512_593614.csv,True,False,False,1751925379.8232613,609621.764421463
492115,1751924770.2016823,1751925302.268131,batch_consumer-sts-0_20250707_215512_593614.csv,True,False,False,1751925379.8232613,609621.5789318085
492125,1751924770.201861,1751925302.2950857,batch_consumer-sts-0_20250707_215512_593614.csv,True,False,False,1751925379.8232613,609621.4003562927
492135,1751924770.202068,1751925302.3211255,batch_consumer-sts-0_20250707_215512_593614.csv,True,False,False,1751925379.8232613,609621.1931705475
492145,1751924770.2022908,1751925302.3481562,batch_consumer-sts-0_20250707_215512_593614.csv,True,False,False,1751925379.8232613,609620.9704875946
496165,1751924770.2826028,1751925302.37507,batch_consumer-sts-0_20250707_215512_593614.csv,True,False,False,1751925379.8232613,609540.6584739685
496175,1751924770.2828176,1751925302.401731,batch_consumer-sts-0_20250707_215512_593614.csv,True,False,False,1751925379.8232613,609540.4436588287
496185,1751924770.2830362,1751925302.4309895,batch_consumer-sts-0_20250707_215512_593614.csv,True,False,False,1751925379.8232613,609540.2250289917
496195,1751924770.283255,1751925302.4578536,batch_consumer-sts-0_20250707_215512_593614.csv,True,False,False,1751925379.8232613,609540.0061607361
496205,1751924770.2834718,1751925302.4846995,batch_consumer-sts-0_20250707_215512_593614.csv,True,False,False,1751925379.8232613,609539.7894382477
496215,1751924770.2836795,1751925302.5113797,batch_consumer-sts-0_20250707_215512_593614.csv,True,False,False,1751925379.8232613,609539.5817756653
496225,1751924770.284193,1751925302.5383396,batch_consumer-sts-0_20250707_215512_593614.csv,True,False,False,1751925379.8232613,609539.0682220459
496235,1751924770.2844155,1751925302.5651884,batch_consumer-sts-0_20250707_215512_593614.csv,True,False,False,1751925379.8232613,609538.8457775116
496245,1751924770.2847772,1751925302.5913982,batch_consumer-sts-0_20250707_215512_593614.csv,True,False,False,1751925379.8232613,609538.4840965271
496255,1751924770.2851193,1751925302.6175308,batch_consumer-sts-0_20250707_215512_593614.csv,True,False,False,1751925379.8232613,609538.1419658661
496265,1751924770.2852924,1751925302.6441834,batch_consumer-sts-0_20250707_215512_593614.csv,True,False,False,1751925379.8232613,609537.9688739777
496275,1751924770.2854705,1751925302.6716323,batch_consumer-sts-0_20250707_215512_593614.csv,True,False,False,1751925379.8232613,609537.7907752991
496285,1751924770.28565,1751925302.6983547,batch_consumer-sts-0_20250707_215512_593614.csv,True,False,False,1751925379.8232613,609537.611246109
496295,1751924770.2858293,1751925302.727729,batch_consumer-sts-0_20250707_215512_593614.csv,True,False,False,1751925379.8232613,609537.4319553375
496305,1751924770.2860112,1751925302.7547562,batch_consumer-sts-0_20250707_215512_593614.csv,True,False,False,1751925379.8232613,609537.2500419617
496315,1751924770.2862253,1751925302.7828877,batch_consumer-sts-0_20250707_215512_593614.csv,True,False,False,1751925379.8232613,609537.0359420776
496325,1751924770.2864451,1751925302.8096998,batch_consumer-sts-0_20250707_215512_593614.csv,True,False,False,1751925379.8232613,609536.8161201477
496335,1751924770.2866623,1751925302.8367147,batch_consumer-sts-0_20250707_215512_593614.csv,True,False,False,1751925379.8232613,609536.5989208221
496345,1751924770.2868805,1751925302.8689594,batch_consumer-sts-0_20250707_215512_593614.csv,True,False,False,1751925379.8232613,609536.3807678223
496355,1751924770.2870903,1751925302.8957777,batch_consumer-sts-0_20250707_215512_593614.csv,True,False,False,1751925379.8232613,609536.1709594727
496365,1751924770.287306,1751925302.9221358,batch_consumer-sts-0_20250707_215512_593614.csv,True,False,False,1751925379.8232613,609535.9551906586
496375,1751924770.2875175,1751925302.9519682,batch_consumer-sts-0_20250707_215512_593614.csv,True,False,False,1751925379.8232613,609535.7437133789
496385,1751924770.2877154,1751925302.9775908,batch_consumer-sts-0_20250707_215512_593614.csv,True,False,False,1751925379.8232613,609535.5458259583
496395,1751924770.2880845,1751925303.3786368,batch_consumer-sts-0_20250707_215512_593614.csv,True,False,False,1751925379.8232613,609535.1767539978
496405,1751924770.288255,1751925303.4068692,batch_consumer-sts-0_20250707_215512_593614.csv,True,False,False,1751925379.8232613,609535.0062847137
496415,1751924770.288833,1751925303.4332738,batch_consumer-sts-0_20250707_215512_593614.csv,True,False,False,1751925379.8232613,609534.428358078
496425,1751924770.2890086,1751925303.45997,batch_consumer-sts-0_20250707_215512_593614.csv,True,False,False,1751925379.8232613,609534.2526435852
496435,1751924770.2891824,1751925303.4870532,batch_consumer-sts-0_20250707_215512_593614.csv,True,False,False,1751925379.8232613,609534.078836441
496445,1751924770.2893577,1751925303.5587523,batch_consumer-sts-0_20250707_215512_593614.csv,True,False,False,1751925379.8232613,609533.9035987854
496455,1751924770.289537,1751925303.584668,batch_consumer-sts-0_20250707_215512_593614.csv,True,False,False,1751925379.8232613,609533.7243080139
496465,1751924770.2897098,1751925303.6116743,batch_consumer-sts-0_20250707_215512_593614.csv,True,False,False,1751925379.8232613,609533.5514545441
496475,1751924770.2898889,1751925303.637831,batch_consumer-sts-0_20250707_215512_593614.csv,True,False,False,1751925379.8232613,609533.3724021912
496485,1751924770.2900624,1751925303.6650147,batch_consumer-sts-0_20250707_215512_593614.csv,True,False,False,1751925379.8232613,609533.1988334656
496495,1751924770.2902591,1751925303.6918344,batch_consumer-sts-0_20250707_215512_593614.csv,True,False,False,1751925379.8232613,609533.0021381378
496505,1751924770.2906773,1751925303.7181962,batch_consumer-sts-0_20250707_215512_593614.csv,True,False,False,1751925379.8232613,609532.5839519501
496515,1751924770.290886,1751925303.745422,batch_consumer-sts-0_20250707_215512_593614.csv,True,False,False,1751925379.8232613,609532.3753356934
496525,1751924770.2910938,1751925303.7720442,batch_consumer-sts-0_20250707_215512_593614.csv,True,False,False,1751925379.8232613,609532.1674346924
496535,1751924770.2913065,1751925303.7983444,batch_consumer-sts-0_20250707_215512_593614.csv,True,False,False,1751925379.8232613,609531.9547653198
496545,1751924770.2915175,1751925303.8261614,batch_consumer-sts-0_20250707_215512_593614.csv,True,False,False,1751925379.8232613,609531.7437648773
496555,1751924770.291694,1751925303.8549953,batch_consumer-sts-0_20250707_215512_593614.csv,True,False,False,1751925379.8232613,609531.5673351288
496565,1751924770.291872,1751925303.8821008,batch_consumer-sts-0_20250707_215512_593614.csv,True,False,False,1751925379.8232613,609531.3892364502
496575,1751924770.2920482,1751925303.909906,batch_consumer-sts-0_20250707_215512_593614.csv,True,False,False,1751925379.8232613,609531.2130451202
496585,1751924770.2922242,1751925303.9357622,batch_consumer-sts-0_20250707_215512_593614.csv,True,False,False,1751925379.8232613,609531.0370922089
496595,1751924770.2923963,1751925303.962943,batch_consumer-sts-0_20250707_215512_593614.csv,True,False,False,1751925379.8232613,609530.8649539948
496605,1751924770.2925713,1751925303.9932413,batch_consumer-sts-0_20250707_215512_593614.csv,True,False,False,1751925379.8232613,609530.6899547577
496615,1751924770.2927537,1751925304.019944,batch_consumer-sts-0_20250707_215512_593614.csv,True,False,False,1751925379.8232613,609530.5075645447
496625,1751924770.2929327,1751925304.0466094,batch_consumer-sts-0_20250707_215512_593614.csv,True,False,False,1751925379.8232613,609530.3285121918
496635,1751924770.293107,1751925304.073377,batch_consumer-sts-0_20250707_215512_593614.csv,True,False,False,1751925379.8232613,609530.1542282104
496645,1751924770.2932868,1751925304.1002762,batch_consumer-sts-0_20250707_215512_593614.csv,True,False,False,1751925379.8232613,609529.9744606018
496655,1751924770.2934668,1751925304.1306255,batch_consumer-sts-0_20250707_215512_593614.csv,True,False,False,1751925379.8232613,609529.7944545746
496665,1751924770.2936497,1751925304.157269,batch_consumer-sts-0_20250707_215512_593614.csv,True,False,False,1751925379.8232613,609529.6115875244
496675,1751924770.2938244,1751925304.1893167,batch_consumer-sts-0_20250707_215512_593614.csv,True,False,False,1751925379.8232613,609529.4368267059
496685,1751924770.2940032,1751925304.2157524,batch_consumer-sts-0_20250707_215512_593614.csv,True,False,False,1751925379.8232613,609529.2580127716
496695,1751924770.294211,1751925304.242421,batch_consumer-sts-0_20250707_215512_593614.csv,True,False,False,1751925379.8232613,609529.0503501892
496705,1751924770.2944276,1751925304.273366,batch_consumer-sts-0_20250707_215512_593614.csv,True,False,False,1751925379.8232613,609528.8336277008
496715,1751924770.2946208,1751925304.3003786,batch_consumer-sts-0_20250707_215512_593614.csv,True,False,False,1751925379.8232613,609528.6405086517
496725,1751924770.2948096,1751925304.3274162,batch_consumer-sts-0_20250707_215512_593614.csv,True,False,False,1751925379.8232613,609528.4516811371
496735,1751924770.2950013,1751925304.3543909,batch_consumer-sts-0_20250707_215512_593614.csv,True,False,False,1751925379.8232613,609528.2599925995
496745,1751924770.2951982,1751925304.3816516,batch_consumer-sts-0_20250707_215512_593614.csv,True,False,False,1751925379.8232613,609528.0630588531
496755,1751924770.2953916,1751925304.4084623,batch_consumer-sts-0_20250707_215512_593614.csv,True,False,False,1751925379.8232613,609527.8697013855
496765,1751924770.2955894,1751925304.4351954,batch_consumer-sts-0_20250707_215512_593614.csv,True,False,False,1751925379.8232613,609527.6718139648
496775,1751924770.2957728,1751925304.462145,batch_consumer-sts-0_20250707_215512_593614.csv,True,False,False,1751925379.8232613,609527.4884700775
496785,1751924770.2959578,1751925304.489606,batch_consumer-sts-0_20250707_215512_593614.csv,True,False,False,1751925379.8232613,609527.3034572601
496795,1751924770.2961416,1751925304.5180595,batch_consumer-sts-0_20250707_215512_593614.csv,True,False,False,1751925379.8232613,609527.1196365356
496805,1751924770.2963195,1751925304.5453455,batch_consumer-sts-0_20250707_215512_593614.csv,True,False,False,1751925379.8232613,609526.9417762756
496815,1751924770.2965004,1751925304.572363,batch_consumer-sts-0_20250707_215512_593614.csv,True,False,False,1751925379.8232613,609526.7608165741
496825,1751924770.296687,1751925304.5993683,batch_consumer-sts-0_20250707_215512_593614.csv,True,False,False,1751925379.8232613,609526.5743732452
496835,1751924770.2968712,1751925304.6264448,batch_consumer-sts-0_20250707_215512_593614.csv,True,False,False,1751925379.8232613,609526.3900756836
496845,1751924770.2970564,1751925304.6534257,batch_consumer-sts-0_20250707_215512_593614.csv,True,False,False,1751925379.8232613,609526.2048244476
496855,1751924770.2972374,1751925304.680522,batch_consumer-sts-0_20250707_215512_593614.csv,True,False,False,1751925379.8232613,609526.0238647461
496865,1751924770.297634,1751925304.7072227,batch_consumer-sts-0_20250707_215512_593614.csv,True,False,False,1751925379.8232613,609525.627374649
496875,1751924770.2980478,1751925304.741005,batch_consumer-sts-0_20250707_215512_593614.csv,True,False,False,1751925379.8232613,609525.2134799957
496885,1751924770.2986906,1751925304.767824,batch_consumer-sts-0_20250707_215512_593614.csv,True,False,False,1751925379.8232613,609524.5707035065
496895,1751924770.299045,1751925304.7948716,batch_consumer-sts-0_20250707_215512_593614.csv,True,False,False,1751925379.8232613,609524.2161750793
496905,1751924770.2992327,1751925304.821374,batch_consumer-sts-0_20250707_215512_593614.csv,True,False,False,1751925379.8232613,609524.0285396576
496915,1751924770.299427,1751925304.8515997,batch_consumer-sts-0_20250707_215512_593614.csv,True,False,False,1751925379.8232613,609523.8342285156
496925,1751924770.2996051,1751925304.8791757,batch_consumer-sts-0_20250707_215512_593614.csv,True,False,False,1751925379.8232613,609523.656129837
496935,1751924770.2997825,1751925304.906446,batch_consumer-sts-0_20250707_215512_593614.csv,True,False,False,1751925379.8232613,609523.4787464142
496945,1751924770.299955,1751925304.9338644,batch_consumer-sts-0_20250707_215512_593614.csv,True,False,False,1751925379.8232613,609523.3063697815
496955,1751924770.3001387,1751925304.9613433,batch_consumer-sts-0_20250707_215512_593614.csv,True,False,False,1751925379.8232613,609523.122549057
496965,1751924770.300326,1751925304.9892306,batch_consumer-sts-0_20250707_215512_593614.csv,True,False,False,1751925379.8232613,609522.9351520538
496975,1751924770.3004987,1751925305.0163517,batch_consumer-sts-0_20250707_215512_593614.csv,True,False,False,1751925379.8232613,609522.7625370026
496985,1751924770.3006735,1751925305.0439792,batch_consumer-sts-0_20250707_215512_593614.csv,True,False,False,1751925379.8232613,609522.5877761841
496995,1751924770.3008466,1751925305.0716236,batch_consumer-sts-0_20250707_215512_593614.csv,True,False,False,1751925379.8232613,609522.4146842957
497005,1751924770.3010185,1751925305.0992658,batch_consumer-sts-0_20250707_215512_593614.csv,True,False,False,1751925379.8232613,609522.2427845001
497015,1751924770.3011982,1751925305.1267817,batch_consumer-sts-0_20250707_215512_593614.csv,True,False,False,1751925379.8232613,609522.0630168915
497025,1751924770.3013735,1751925305.1543052,batch_consumer-sts-0_20250707_215512_593614.csv,True,False,False,1751925379.8232613,609521.8877792358
497035,1751924770.30155,1751925305.180217,batch_consumer-sts-0_20250707_215512_593614.csv,True,False,False,1751925379.8232613,609521.7113494873
497045,1751924770.3017287,1751925305.211111,batch_consumer-sts-0_20250707_215512_593614.csv,True,False,False,1751925379.8232613,609521.532535553
497055,1751924770.3019063,1751925305.239411,batch_consumer-sts-0_20250707_215512_593614.csv,True,False,False,1751925379.8232613,609521.3549137115
497065,1751924770.3020797,1751925305.2727096,batch_consumer-sts-0_20250707_215512_593614.csv,True,False,False,1751925379.8232613,609521.1815834045
497075,1751924770.3022866,1751925305.299131,batch_consumer-sts-0_20250707_215512_593614.csv,True,False,False,1751925379.8232613,609520.9746360779
497085,1751924770.30247,1751925305.3324645,batch_consumer-sts-0_20250707_215512_593614.csv,True,False,False,1751925379.8232613,609520.7912921906
497095,1751924770.302656,1751925305.359563,batch_consumer-sts-0_20250707_215512_593614.csv,True,False,False,1751925379.8232613,609520.6053256989
497105,1751924770.3028438,1751925305.386717,batch_consumer-sts-0_20250707_215512_593614.csv,True,False,False,1751925379.8232613,609520.4174518585
497115,1751924770.3030355,1751925305.4132905,batch_consumer-sts-0_20250707_215512_593614.csv,True,False,False,1751925379.8232613,609520.2257633209
497125,1751924770.3032265,1751925305.4398828,batch_consumer-sts-0_20250707_215512_593614.csv,True,False,False,1751925379.8232613,609520.0347900391
497135,1751924770.3034153,1751925305.4658597,batch_consumer-sts-0_20250707_215512_593614.csv,True,False,False,1751925379.8232613,609519.8459625244
497145,1751924770.3036044,1751925305.4928334,batch_consumer-sts-0_20250707_215512_593614.csv,True,False,False,1751925379.8232613,609519.6568965912
497155,1751924770.303795,1751925305.5188923,batch_consumer-sts-0_20250707_215512_593614.csv,True,False,False,1751925379.8232613,609519.4661617279
497165,1751924770.303979,1751925305.5450194,batch_consumer-sts-0_20250707_215512_593614.csv,True,False,False,1751925379.8232613,609519.2823410034
497175,1751924770.3041775,1751925305.5719137,batch_consumer-sts-0_20250707_215512_593614.csv,True,False,False,1751925379.8232613,609519.083738327
497185,1751924770.3043537,1751925305.6006136,batch_consumer-sts-0_20250707_215512_593614.csv,True,False,False,1751925379.8232613,609518.9075469971
497195,1751924770.3045485,1751925305.628139,batch_consumer-sts-0_20250707_215512_593614.csv,True,False,False,1751925379.8232613,609518.712759018
497205,1751924770.3047278,1751925305.6582074,batch_consumer-sts-0_20250707_215512_593614.csv,True,False,False,1751925379.8232613,609518.5334682465
497215,1751924770.3049054,1751925305.685097,batch_consumer-sts-0_20250707_215512_593614.csv,True,False,False,1751925379.8232613,609518.355846405
497225,1751924770.3051105,1751925305.7117472,batch_consumer-sts-0_20250707_215512_593614.csv,True,False,False,1751925379.8232613,609518.150806427
497235,1751924770.305286,1751925305.739029,batch_consumer-sts-0_20250707_215512_593614.csv,True,False,False,1751925379.8232613,609517.9753303528
497245,1751924770.305463,1751925305.7714725,batch_consumer-sts-0_20250707_215512_593614.csv,True,False,False,1751925379.8232613,609517.7981853485
497255,1751924770.305643,1751925305.802736,batch_consumer-sts-0_20250707_215512_593614.csv,True,False,False,1751925379.8232613,609517.6181793213
497265,1751924770.305826,1751925305.8316112,batch_consumer-sts-0_20250707_215512_593614.csv,True,False,False,1751925379.8232613,609517.4353122711
497275,1751924770.306003,1751925305.8583243,batch_consumer-sts-0_20250707_215512_593614.csv,True,False,False,1751925379.8232613,609517.2581672668
497285,1751924770.306186,1751925305.885154,batch_consumer-sts-0_20250707_215512_593614.csv,True,False,False,1751925379.8232613,609517.0753002167
497295,1751924770.3063626,1751925306.9149418,batch_consumer-sts-0_20250707_215512_593614.csv,True,False,False,1751925379.8232613,609516.8986320496
497305,1751924770.3065355,1751925306.9427078,batch_consumer-sts-0_20250707_215512_593614.csv,True,False,False,1751925379.8232613,609516.7257785797
497315,1751924770.3067162,1751925306.9699168,batch_consumer-sts-0_20250707_215512_593614.csv,True,False,False,1751925379.8232613,609516.5450572968
497325,1751924770.3068902,1751925306.9972596,batch_consumer-sts-0_20250707_215512_593614.csv,True,False,False,1751925379.8232613,609516.371011734
497335,1751924770.3070683,1751925307.0237868,batch_consumer-sts-0_20250707_215512_593614.csv,True,False,False,1751925379.8232613,609516.1929130554
497345,1751924770.3072453,1751925307.0503228,batch_consumer-sts-0_20250707_215512_593614.csv,True,False,False,1751925379.8232613,609516.0160064697
497355,1751924770.307433,1751925307.0768216,batch_consumer-sts-0_20250707_215512_593614.csv,True,False,False,1751925379.8232613,609515.828371048
497365,1751924770.307607,1751925307.1036425,batch_consumer-sts-0_20250707_215512_593614.csv,True,False,False,1751925379.8232613,609515.6543254852
497375,1751924770.307778,1751925307.1304708,batch_consumer-sts-0_20250707_215512_593614.csv,True,False,False,1751925379.8232613,609515.483379364
497385,1751924770.3079576,1751925307.1579766,batch_consumer-sts-0_20250707_215512_593614.csv,True,False,False,1751925379.8232613,609515.3036117554
497395,1751924770.3081353,1751925307.185021,batch_consumer-sts-0_20250707_215512_593614.csv,True,False,False,1751925379.8232613,609515.1259899139
497405,1751924770.3083174,1751925307.2125094,batch_consumer-sts-0_20250707_215512_593614.csv,True,False,False,1751925379.8232613,609514.9438381195
497415,1751924770.308493,1751925307.2394652,batch_consumer-sts-0_20250707_215512_593614.csv,True,False,False,1751925379.8232613,609514.7683620453
497425,1751924770.3086717,1751925307.2678468,batch_consumer-sts-0_20250707_215512_593614.csv,True,False,False,1751925379.8232613,609514.589548111
497435,1751924770.3088558,1751925307.2948072,batch_consumer-sts-0_20250707_215512_593614.csv,True,False,False,1751925379.8232613,609514.4054889679
497445,1751924770.309031,1751925307.321169,batch_consumer-sts-0_20250707_215512_593614.csv,True,False,False,1751925379.8232613,609514.2302513123
497455,1751924770.309215,1751925307.3530092,batch_consumer-sts-0_20250707_215512_593614.csv,True,False,False,1751925379.8232613,609514.0461921692
497465,1751924770.3093944,1751925307.3803847,batch_consumer-sts-0_20250707_215512_593614.csv,True,False,False,1751925379.8232613,609513.8669013977
497475,1751924770.3095694,1751925307.4069307,batch_consumer-sts-0_20250707_215512_593614.csv,True,False,False,1751925379.8232613,609513.6919021606
497485,1751924770.309759,1751925307.4338574,batch_consumer-sts-0_20250707_215512_593614.csv,True,False,False,1751925379.8232613,609513.5023593903
497495,1751924770.3099384,1751925307.4604127,batch_consumer-sts-0_20250707_215512_593614.csv,True,False,False,1751925379.8232613,609513.3228302002
497505,1751924770.31012,1751925307.4874065,batch_consumer-sts-0_20250707_215512_593614.csv,True,False,False,1751925379.8232613,609513.1411552429
497515,1751924770.310325,1751925307.5133493,batch_consumer-sts-0_20250707_215512_593614.csv,True,False,False,1751925379.8232613,609512.9363536835
497525,1751924770.3105185,1751925307.540052,batch_consumer-sts-0_20250707_215512_593614.csv,True,False,False,1751925379.8232613,609512.7427577972
497535,1751924770.3107116,1751925307.5671022,batch_consumer-sts-0_20250707_215512_593614.csv,True,False,False,1751925379.8232613,609512.5496387482
497545,1751924770.310901,1751925307.5939822,batch_consumer-sts-0_20250707_215512_593614.csv,True,False,False,1751925379.8232613,609512.3603343964
497555,1751924770.3110974,1751925307.6202211,batch_consumer-sts-0_20250707_215512_593614.csv,True,False,False,1751925379.8232613,609512.1638774872
497565,1751924770.3112893,1751925307.6474953,batch_consumer-sts-0_20250707_215512_593614.csv,True,False,False,1751925379.8232613,609511.971950531
497575,1751924770.31149,1751925307.6743598,batch_consumer-sts-0_20250707_215512_593614.csv,True,False,False,1751925379.8232613,609511.7712020874
497585,1751924770.3116643,1751925307.701501,batch_consumer-sts-0_20250707_215512_593614.csv,True,False,False,1751925379.8232613,609511.5969181061
497595,1751924770.3119245,1751925307.7282667,batch_consumer-sts-0_20250707_215512_593614.csv,True,False,False,1751925379.8232613,609511.3368034363
497605,1751924770.3121164,1751925307.755237,batch_consumer-sts-0_20250707_215512_593614.csv,True,False,False,1751925379.8232613,609511.1448764801
497615,1751924770.3122911,1751925307.781943,batch_consumer-sts-0_20250707_215512_593614.csv,True,False,False,1751925379.8232613,609510.9701156616
497625,1751924770.3124804,1751925307.8088863,batch_consumer-sts-0_20250707_215512_593614.csv,True,False,False,1751925379.8232613,609510.7808113098
497635,1751924770.31266,1751925307.838745,batch_consumer-sts-0_20250707_215512_593614.csv,True,False,False,1751925379.8232613,609510.6012821198
497645,1751924770.3128417,1751925307.8661473,batch_consumer-sts-0_20250707_215512_593614.csv,True,False,False,1751925379.8232613,609510.4196071625
497655,1751924770.3130252,1751925307.89322,batch_consumer-sts-0_20250707_215512_593614.csv,True,False,False,1751925379.8232613,609510.2360248566
497665,1751924770.3132002,1751925307.91986,batch_consumer-sts-0_20250707_215512_593614.csv,True,False,False,1751925379.8232613,609510.0610256195
497675,1751924770.313378,1751925307.9472537,batch_consumer-sts-0_20250707_215512_593614.csv,True,False,False,1751925379.8232613,609509.8831653595
497685,1751924770.3135571,1751925307.974938,batch_consumer-sts-0_20250707_215512_593614.csv,True,False,False,1751925379.8232613,609509.7041130066
497695,1751924770.3137398,1751925308.0017102,batch_consumer-sts-0_20250707_215512_593614.csv,True,False,False,1751925379.8232613,609509.521484375
497705,1751924770.3139224,1751925308.0310743,batch_consumer-sts-0_20250707_215512_593614.csv,True,False,False,1751925379.8232613,609509.3388557434
497715,1751924770.3140996,1751925308.0577672,batch_consumer-sts-0_20250707_215512_593614.csv,True,False,False,1751925379.8232613,609509.1617107391
497725,1751924770.3143036,1751925308.0864692,batch_consumer-sts-0_20250707_215512_593614.csv,True,False,False,1751925379.8232613,609508.9576244354
497735,1751924770.3145025,1751925308.26902,batch_consumer-sts-0_20250707_215512_593614.csv,True,False,False,1751925379.8232613,609508.7587833405
497745,1751924770.3146782,1751925308.296545,batch_consumer-sts-0_20250707_215512_593614.csv,True,False,False,1751925379.8232613,609508.5830688477
497755,1751924770.314861,1751925308.3235018,batch_consumer-sts-0_20250707_215512_593614.csv,True,False,False,1751925379.8232613,609508.4002017975
497765,1751924770.3150473,1751925308.3503094,batch_consumer-sts-0_20250707_215512_593614.csv,True,False,False,1751925379.8232613,609508.2139968872
497775,1751924770.3152254,1751925308.377318,batch_consumer-sts-0_20250707_215512_593614.csv,True,False,False,1751925379.8232613,609508.0358982086
497785,1751924770.3154051,1751925308.4038436,batch_consumer-sts-0_20250707_215512_593614.csv,True,False,False,1751925379.8232613,609507.8561306
497795,1751924770.3155909,1751925308.4315352,batch_consumer-sts-0_20250707_215512_593614.csv,True,False,False,1751925379.8232613,609507.6704025269
497805,1751924770.315771,1751925308.4617355,batch_consumer-sts-0_20250707_215512_593614.csv,True,False,False,1751925379.8232613,609507.490158081
497815,1751924770.3159573,1751925308.488525,batch_consumer-sts-0_20250707_215512_593614.csv,True,False,False,1751925379.8232613,609507.3039531708
497825,1751924770.3161354,1751925308.5150237,batch_consumer-sts-0_20250707_215512_593614.csv,True,False,False,1751925379.8232613,609507.1258544922
497835,1751924770.3163145,1751925308.5413008,batch_consumer-sts-0_20250707_215512_593614.csv,True,False,False,1751925379.8232613,609506.9468021393
497845,1751924770.316497,1751925308.5681791,batch_consumer-sts-0_20250707_215512_593614.csv,True,False,False,1751925379.8232613,609506.7641735077
497855,1751924770.316676,1751925308.5954125,batch_consumer-sts-0_20250707_215512_593614.csv,True,False,False,1751925379.8232613,609506.5853595734
497865,1751924770.3168588,1751925308.6220434,batch_consumer-sts-0_20250707_215512_593614.csv,True,False,False,1751925379.8232613,609506.4024925232
497875,1751924770.3170304,1751925308.7393427,batch_consumer-sts-0_20250707_215512_593614.csv,True,False,False,1751925379.8232613,609506.2308311462
497885,1751924770.3172042,1751925308.766729,batch_consumer-sts-0_20250707_215512_593614.csv,True,False,False,1751925379.8232613,609506.0570240021
497895,1751924770.3173811,1751925308.7941675,batch_consumer-sts-0_20250707_215512_593614.csv,True,False,False,1751925379.8232613,609505.8801174164
497905,1751924770.317553,1751925308.8205464,batch_consumer-sts-0_20250707_215512_593614.csv,True,False,False,1751925379.8232613,609505.7082176208
497915,1751924770.317725,1751925308.847435,batch_consumer-sts-0_20250707_215512_593614.csv,True,False,False,1751925379.8232613,609505.5363178253
497925,1751924770.3178997,1751925308.93253,batch_consumer-sts-0_20250707_215512_593614.csv,True,False,False,1751925379.8232613,609505.3615570068
497935,1751924770.3180735,1751925308.9590282,batch_consumer-sts-0_20250707_215512_593614.csv,True,False,False,1751925379.8232613,609505.1877498627
497945,1751924770.3182752,1751925308.985963,batch_consumer-sts-0_20250707_215512_593614.csv,True,False,False,1751925379.8232613,609504.9860477448
497955,1751924770.3184624,1751925309.0124922,batch_consumer-sts-0_20250707_215512_593614.csv,True,False,False,1751925379.8232613,609504.7988891602
497965,1751924770.3186424,1751925309.0397897,batch_consumer-sts-0_20250707_215512_593614.csv,True,False,False,1751925379.8232613,609504.6188831329
497975,1751924770.3188193,1751925309.0669453,batch_consumer-sts-0_20250707_215512_593614.csv,True,False,False,1751925379.8232613,609504.4419765472
497985,1751924770.3190002,1751925309.094138,batch_consumer-sts-0_20250707_215512_593614.csv,True,False,False,1751925379.8232613,609504.2610168457
497995,1751924770.3191764,1751925309.1208572,batch_consumer-sts-0_20250707_215512_593614.csv,True,False,False,1751925379.8232613,609504.0848255157
498005,1751924770.319356,1751925309.1467006,batch_consumer-sts-0_20250707_215512_593614.csv,True,False,False,1751925379.8232613,609503.9052963257
498015,1751924770.3195467,1751925309.1735363,batch_consumer-sts-0_20250707_215512_593614.csv,True,False,False,1751925379.8232613,609503.7145614624
498025,1751924770.319725,1751925309.200528,batch_consumer-sts-0_20250707_215512_593614.csv,True,False,False,1751925379.8232613,609503.5362243652
498035,1751924770.319903,1751925309.2281885,batch_consumer-sts-0_20250707_215512_593614.csv,True,False,False,1751925379.8232613,609503.3583641052
498045,1751924770.320078,1751925309.256883,batch_consumer-sts-0_20250707_215512_593614.csv,True,False,False,1751925379.8232613,609503.1833648682
498055,1751924770.3202555,1751925309.2845082,batch_consumer-sts-0_20250707_215512_593614.csv,True,False,False,1751925379.8232613,609503.0057430267
498065,1751924770.3204322,1751925309.3112037,batch_consumer-sts-0_20250707_215512_593614.csv,True,False,False,1751925379.8232613,609502.8290748596
498075,1751924770.3206043,1751925309.338291,batch_consumer-sts-0_20250707_215512_593614.csv,True,False,False,1751925379.8232613,609502.6569366455
498085,1751924770.3207805,1751925309.3668408,batch_consumer-sts-0_20250707_215512_593614.csv,True,False,False,1751925379.8232613,609502.4807453156
498095,1751924770.3209584,1751925309.3943644,batch_consumer-sts-0_20250707_215512_593614.csv,True,False,False,1751925379.8232613,609502.3028850555
498105,1751924770.321138,1751925309.4205463,batch_consumer-sts-0_20250707_215512_593614.csv,True,False,False,1751925379.8232613,609502.1233558655
498115,1751924770.3213153,1751925309.447636,batch_consumer-sts-0_20250707_215512_593614.csv,True,False,False,1751925379.8232613,609501.9459724426
498125,1751924770.3214946,1751925309.4764926,batch_consumer-sts-0_20250707_215512_593614.csv,True,False,False,1751925379.8232613,609501.7666816711
498135,1751924770.32167,1751925309.5040898,batch_consumer-sts-0_20250707_215512_593614.csv,True,False,False,1751925379.8232613,609501.5912055969
498145,1751924770.321842,1751925309.5309548,batch_consumer-sts-0_20250707_215512_593614.csv,True,False,False,1751925379.8232613,609501.4193058014
498155,1751924770.3220377,1751925309.5578496,batch_consumer-sts-0_20250707_215512_593614.csv,True,False,False,1751925379.8232613,609501.223564148
498165,1751924770.322242,1751925309.5845704,batch_consumer-sts-0_20250707_215512_593614.csv,True,False,False,1751925379.8232613,609501.0192394257
498175,1751924770.322432,1751925309.6108463,batch_consumer-sts-0_20250707_215512_593614.csv,True,False,False,1751925379.8232613,609500.8292198181
539265,1751924771.2053108,1751925309.6375327,batch_consumer-sts-0_20250707_215512_593614.csv,True,False,False,1751925379.8232613,608617.9504394531
539275,1751924771.2054982,1751925309.6653426,batch_consumer-sts-0_20250707_215512_593614.csv,True,False,False,1751925379.8232613,608617.76304245
539285,1751924771.2056873,1751925309.6924827,batch_consumer-sts-0_20250707_215512_593614.csv,True,False,False,1751925379.8232613,608617.5739765167
539295,1751924771.205871,1751925309.7188797,batch_consumer-sts-0_20250707_215512_593614.csv,True,False,False,1751925379.8232613,608617.3901557922
539305,1751924771.2060552,1751925309.7443805,batch_consumer-sts-0_20250707_215512_593614.csv,True,False,False,1751925379.8232613,608617.2060966492
539315,1751924771.206278,1751925309.7712722,batch_consumer-sts-0_20250707_215512_593614.csv,True,False,False,1751925379.8232613,608616.9831752777
539325,1751924771.206499,1751925309.798192,batch_consumer-sts-0_20250707_215512_593614.csv,True,False,False,1751925379.8232613,608616.7621612549
539335,1751924771.2067175,1751925309.8258004,batch_consumer-sts-0_20250707_215512_593614.csv,True,False,False,1751925379.8232613,608616.5437698364
539345,1751924771.2069392,1751925309.8528233,batch_consumer-sts-0_20250707_215512_593614.csv,True,False,False,1751925379.8232613,608616.3220405579
539355,1751924771.207157,1751925309.8798249,batch_consumer-sts-0_20250707_215512_593614.csv,True,False,False,1751925379.8232613,608616.1043643951
539365,1751924771.2073777,1751925309.9057777,batch_consumer-sts-0_20250707_215512_593614.csv,True,False,False,1751925379.8232613,608615.8835887909
539375,1751924771.2076073,1751925309.9325404,batch_consumer-sts-0_20250707_215512_593614.csv,True,False,False,1751925379.8232613,608615.6539916992
539385,1751924771.2078075,1751925309.959968,batch_consumer-sts-0_20250707_215512_593614.csv,True,False,False,1751925379.8232613,608615.4537200928
539395,1751924771.207992,1751925309.9871817,batch_consumer-sts-0_20250707_215512_593614.csv,True,False,False,1751925379.8232613,608615.2691841125
539405,1751924771.208175,1751925310.0141778,batch_consumer-sts-0_20250707_215512_593614.csv,True,False,False,1751925379.8232613,608615.0863170624
539415,1751924771.208361,1751925310.041064,batch_consumer-sts-0_20250707_215512_593614.csv,True,False,False,1751925379.8232613,608614.9003505707
539425,1751924771.2085488,1751925310.0680535,batch_consumer-sts-0_20250707_215512_593614.csv,True,False,False,1751925379.8232613,608614.7124767303
539435,1751924771.208734,1751925310.0951378,batch_consumer-sts-0_20250707_215512_593614.csv,True,False,False,1751925379.8232613,608614.5272254944
539445,1751924771.2089286,1751925310.121312,batch_consumer-sts-0_20250707_215512_593614.csv,True,False,False,1751925379.8232613,608614.3326759338
539455,1751924771.209108,1751925310.1483502,batch_consumer-sts-0_20250707_215512_593614.csv,True,False,False,1751925379.8232613,608614.1531467438
539465,1751924771.2092836,1751925310.1755483,batch_consumer-sts-0_20250707_215512_593614.csv,True,False,False,1751925379.8232613,608613.9776706696
539475,1751924771.2094564,1751925310.2022746,batch_consumer-sts-0_20250707_215512_593614.csv,True,False,False,1751925379.8232613,608613.8048171997
539485,1751924771.209633,1751925310.229279,batch_consumer-sts-0_20250707_215512_593614.csv,True,False,False,1751925379.8232613,608613.6281490326
539495,1751924771.20981,1751925310.2562163,batch_consumer-sts-0_20250707_215512_593614.csv,True,False,False,1751925379.8232613,608613.4512424469
539505,1751924771.210007,1751925310.2849038,batch_consumer-sts-0_20250707_215512_593614.csv,True,False,False,1751925379.8232613,608613.2543087006
539515,1751924771.2103634,1751925310.31047,batch_consumer-sts-0_20250707_215512_593614.csv,True,False,False,1751925379.8232613,608612.8978729248
539525,1751924771.2105527,1751925310.3373623,batch_consumer-sts-0_20250707_215512_593614.csv,True,False,False,1751925379.8232613,608612.708568573
539535,1751924771.2107408,1751925310.364295,batch_consumer-sts-0_20250707_215512_593614.csv,True,False,False,1751925379.8232613,608612.5204563141
539545,1751924771.2109234,1751925310.3907597,batch_consumer-sts-0_20250707_215512_593614.csv,True,False,False,1751925379.8232613,608612.3378276825
539555,1751924771.2111154,1751925310.4160752,batch_consumer-sts-0_20250707_215512_593614.csv,True,False,False,1751925379.8232613,608612.1459007263
539565,1751924771.211301,1751925310.4431388,batch_consumer-sts-0_20250707_215512_593614.csv,True,False,False,1751925379.8232613,608611.9601726532
539575,1751924771.2114975,1751925310.4686162,batch_consumer-sts-0_20250707_215512_593614.csv,True,False,False,1751925379.8232613,608611.763715744
539585,1751924771.2116797,1751925310.4958456,batch_consumer-sts-0_20250707_215512_593614.csv,True,False,False,1751925379.8232613,608611.5815639496
539595,1751924771.211995,1751925310.5223944,batch_consumer-sts-0_20250707_215512_593614.csv,True,False,False,1751925379.8232613,608611.266374588
539605,1751924771.212304,1751925310.5495148,batch_consumer-sts-0_20250707_215512_593614.csv,True,False,False,1751925379.8232613,608610.9571456909
539615,1751924771.2126503,1751925310.57594,batch_consumer-sts-0_20250707_215512_593614.csv,True,False,False,1751925379.8232613,608610.6109619141
539625,1751924771.212978,1751925310.6025164,batch_consumer-sts-0_20250707_215512_593614.csv,True,False,False,1751925379.8232613,608610.2833747864
539635,1751924771.2131822,1751925310.646968,batch_consumer-sts-0_20250707_215512_593614.csv,True,False,False,1751925379.8232613,608610.0790500641
539645,1751924771.213374,1751925310.6746712,batch_consumer-sts-0_20250707_215512_593614.csv,True,False,False,1751925379.8232613,608609.8873615265
539655,1751924771.213559,1751925310.7013693,batch_consumer-sts-0_20250707_215512_593614.csv,True,False,False,1751925379.8232613,608609.7023487091
539665,1751924771.2137454,1751925310.7280903,batch_consumer-sts-0_20250707_215512_593614.csv,True,False,False,1751925379.8232613,608609.5159053802
539675,1751924771.2139466,1751925310.755319,batch_consumer-sts-0_20250707_215512_593614.csv,True,False,False,1751925379.8232613,608609.3146800995
539685,1751924771.2141285,1751925310.782463,batch_consumer-sts-0_20250707_215512_593614.csv,True,False,False,1751925379.8232613,608609.1327667236
539695,1751924771.2143407,1751925310.8092167,batch_consumer-sts-0_20250707_215512_593614.csv,True,False,False,1751925379.8232613,608608.9205741882
539705,1751924771.2145305,1751925310.83575,batch_consumer-sts-0_20250707_215512_593614.csv,True,False,False,1751925379.8232613,608608.7307929993
539715,1751924771.214717,1751925310.8639717,batch_consumer-sts-0_20250707_215512_593614.csv,True,False,False,1751925379.8232613,608608.5443496704
539725,1751924771.2149076,1751925310.8902593,batch_consumer-sts-0_20250707_215512_593614.csv,True,False,False,1751925379.8232613,608608.3536148071
539735,1751924771.2150917,1751925310.9172213,batch_consumer-sts-0_20250707_215512_593614.csv,True,False,False,1751925379.8232613,608608.1695556641
539745,1751924771.2152767,1751925310.9439287,batch_consumer-sts-0_20250707_215512_593614.csv,True,False,False,1751925379.8232613,608607.9845428467
539755,1751924771.2154696,1751925310.970687,batch_consumer-sts-0_20250707_215512_593614.csv,True,False,False,1751925379.8232613,608607.7916622162
539765,1751924771.215654,1751925310.9993742,batch_consumer-sts-0_20250707_215512_593614.csv,True,False,False,1751925379.8232613,608607.6073646545
539775,1751924771.2158413,1751925312.0281374,batch_consumer-sts-0_20250707_215512_593614.csv,True,False,False,1751925379.8232613,608607.4199676514
539785,1751924771.2160175,1751925312.055585,batch_consumer-sts-0_20250707_215512_593614.csv,True,False,False,1751925379.8232613,608607.2437763214
539795,1751924771.2161942,1751925312.0827746,batch_consumer-sts-0_20250707_215512_593614.csv,True,False,False,1751925379.8232613,608607.0671081543
539805,1751924771.2163763,1751925312.1098306,batch_consumer-sts-0_20250707_215512_593614.csv,True,False,False,1751925379.8232613,608606.8849563599
539815,1751924771.2165527,1751925312.138224,batch_consumer-sts-0_20250707_215512_593614.csv,True,False,False,1751925379.8232613,608606.7085266113
539825,1751924771.2167268,1751925312.1780057,batch_consumer-sts-0_20250707_215512_593614.csv,True,False,False,1751925379.8232613,608606.5344810486
539835,1751924771.2169042,1751925312.2054744,batch_consumer-sts-0_20250707_215512_593614.csv,True,False,False,1751925379.8232613,608606.3570976257
539845,1751924771.2170784,1751925312.23277,batch_consumer-sts-0_20250707_215512_593614.csv,True,False,False,1751925379.8232613,608606.1828136444
539855,1751924771.2172425,1751925312.2615554,batch_consumer-sts-0_20250707_215512_593614.csv,True,False,False,1751925379.8232613,608606.018781662
539865,1751924771.2174122,1751925312.2888143,batch_consumer-sts-0_20250707_215512_593614.csv,True,False,False,1751925379.8232613,608605.8490276337
539875,1751924771.217585,1751925312.3150485,batch_consumer-sts-0_20250707_215512_593614.csv,True,False,False,1751925379.8232613,608605.6761741638
539885,1751924771.21776,1751925312.3429432,batch_consumer-sts-0_20250707_215512_593614.csv,True,False,False,1751925379.8232613,608605.5011749268
539895,1751924771.217935,1751925312.3712802,batch_consumer-sts-0_20250707_215512_593614.csv,True,False,False,1751925379.8232613,608605.3261756897
539905,1751924771.2181091,1751925312.398419,batch_consumer-sts-0_20250707_215512_593614.csv,True,False,False,1751925379.8232613,608605.152130127
539915,1751924771.2183082,1751925312.4254942,batch_consumer-sts-0_20250707_215512_593614.csv,True,False,False,1751925379.8232613,608604.9530506134
539925,1751924771.218487,1751925312.4526126,batch_consumer-sts-0_20250707_215512_593614.csv,True,False,False,1751925379.8232613,608604.7742366791
539935,1751924771.21867,1751925312.480582,batch_consumer-sts-0_20250707_215512_593614.csv,True,False,False,1751925379.8232613,608604.5913696289
539945,1751924771.21885,1751925312.5074277,batch_consumer-sts-0_20250707_215512_593614.csv,True,False,False,1751925379.8232613,608604.4113636017
539955,1751924771.2190533,1751925312.53789,batch_consumer-sts-0_20250707_215512_593614.csv,True,False,False,1751925379.8232613,608604.2079925537
539965,1751924771.219246,1751925312.5658584,batch_consumer-sts-0_20250707_215512_593614.csv,True,False,False,1751925379.8232613,608604.0153503418
539975,1751924771.2194505,1751925312.8332324,batch_consumer-sts-0_20250707_215531_622197.csv,True,False,False,1751925379.8232613,608603.8107872009
539985,1751924771.2196336,1751925312.8611314,batch_consumer-sts-0_20250707_215531_622197.csv,True,False,False,1751925379.8232613,608603.6276817322
539995,1751924771.2198164,1751925312.8883631,batch_consumer-sts-0_20250707_215531_622197.csv,True,False,False,1751925379.8232613,608603.444814682
540005,1751924771.2200017,1751925312.914958,batch_consumer-sts-0_20250707_215531_622197.csv,True,False,False,1751925379.8232613,608603.259563446
540015,1751924771.2201838,1751925312.941944,batch_consumer-sts-0_20250707_215531_622197.csv,True,False,False,1751925379.8232613,608603.0774116516
540025,1751924771.2203624,1751925312.9689698,batch_consumer-sts-0_20250707_215531_622197.csv,True,False,False,1751925379.8232613,608602.8988361359
540035,1751924771.2205424,1751925312.9966676,batch_consumer-sts-0_20250707_215531_622197.csv,True,False,False,1751925379.8232613,608602.7188301086
540045,1751924771.220719,1751925313.0233884,batch_consumer-sts-0_20250707_215531_622197.csv,True,False,False,1751925379.8232613,608602.5421619415
540055,1751924771.2209015,1751925313.0501158,batch_consumer-sts-0_20250707_215531_622197.csv,True,False,False,1751925379.8232613,608602.3597717285
540065,1751924771.2210772,1751925313.077368,batch_consumer-sts-0_20250707_215531_622197.csv,True,False,False,1751925379.8232613,608602.1840572357
540075,1751924771.221258,1751925313.1042316,batch_consumer-sts-0_20250707_215531_622197.csv,True,False,False,1751925379.8232613,608602.0033359528
540085,1751924771.2214377,1751925313.131405,batch_consumer-sts-0_20250707_215531_622197.csv,True,False,False,1751925379.8232613,608601.8235683441
540095,1751924771.2216277,1751925313.158498,batch_consumer-sts-0_20250707_215531_622197.csv,True,False,False,1751925379.8232613,608601.6335487366
540105,1751924771.221799,1751925313.186072,batch_consumer-sts-0_20250707_215531_622197.csv,True,False,False,1751925379.8232613,608601.4623641968
540115,1751924771.2219765,1751925313.2113438,batch_consumer-sts-0_20250707_215531_622197.csv,True,False,False,1751925379.8232613,608601.2847423553
540125,1751924771.222149,1751925313.3240645,batch_consumer-sts-0_20250707_215531_622197.csv,True,False,False,1751925379.8232613,608601.1123657227
540135,1751924771.222365,1751925313.3509505,batch_consumer-sts-0_20250707_215531_622197.csv,True,False,False,1751925379.8232613,608600.89635849
540145,1751924771.2225482,1751925313.378444,batch_consumer-sts-0_20250707_215531_622197.csv,True,False,False,1751925379.8232613,608600.7130146027
540155,1751924771.222741,1751925313.4060128,batch_consumer-sts-0_20250707_215531_622197.csv,True,False,False,1751925379.8232613,608600.5203723907
540165,1751924771.2229338,1751925313.4330926,batch_consumer-sts-0_20250707_215531_622197.csv,True,False,False,1751925379.8232613,608600.3274917603
540175,1751924771.2231228,1751925313.460237,batch_consumer-sts-0_20250707_215531_622197.csv,True,False,False,1751925379.8232613,608600.138425827
540185,1751924771.2233157,1751925313.4872663,batch_consumer-sts-0_20250707_215531_622197.csv,True,False,False,1751925379.8232613,608599.9455451965
540195,1751924771.2235105,1751925313.5132585,batch_consumer-sts-0_20250707_215531_622197.csv,True,False,False,1751925379.8232613,608599.7507572174
540205,1751924771.2236872,1751925313.5400765,batch_consumer-sts-0_20250707_215531_622197.csv,True,False,False,1751925379.8232613,608599.5740890503
540215,1751924771.2238698,1751925313.5720348,batch_consumer-sts-0_20250707_215531_622197.csv,True,False,False,1751925379.8232613,608599.3914604187
540225,1751924771.2240486,1751925313.599681,batch_consumer-sts-0_20250707_215531_622197.csv,True,False,False,1751925379.8232613,608599.2126464844
540235,1751924771.2244058,1751925313.6272914,batch_consumer-sts-0_20250707_215531_622197.csv,True,False,False,1751925379.8232613,608598.8554954529
540245,1751924771.2245903,1751925313.658347,batch_consumer-sts-0_20250707_215531_622197.csv,True,False,False,1751925379.8232613,608598.6709594727
540255,1751924771.2247689,1751925313.6852317,batch_consumer-sts-0_20250707_215531_622197.csv,True,False,False,1751925379.8232613,608598.4923839569
540265,1751924771.2249486,1751925313.7115605,batch_consumer-sts-0_20250707_215531_622197.csv,True,False,False,1751925379.8232613,608598.3126163483
540275,1751924771.2251318,1751925313.738768,batch_consumer-sts-0_20250707_215531_622197.csv,True,False,False,1751925379.8232613,608598.1295108795
540285,1751924771.2253177,1751925313.7948346,batch_consumer-sts-0_20250707_215531_622197.csv,True,False,False,1751925379.8232613,608597.9435443878
540295,1751924771.2255003,1751925313.821072,batch_consumer-sts-0_20250707_215531_622197.csv,True,False,False,1751925379.8232613,608597.7609157562
540305,1751924771.2256937,1751925313.8481536,batch_consumer-sts-0_20250707_215531_622197.csv,True,False,False,1751925379.8232613,608597.5675582886
540315,1751924771.225872,1751925313.8748546,batch_consumer-sts-0_20250707_215531_622197.csv,True,False,False,1751925379.8232613,608597.3892211914
540325,1751924771.2260485,1751925313.901729,batch_consumer-sts-0_20250707_215531_622197.csv,True,False,False,1751925379.8232613,608597.2127914429
540335,1751924771.2262626,1751925314.2818775,batch_consumer-sts-0_20250707_215531_622197.csv,True,False,False,1751925379.8232613,608596.9986915588
540345,1751924771.2264514,1751925314.3086004,batch_consumer-sts-0_20250707_215531_622197.csv,True,False,False,1751925379.8232613,608596.8098640442
540355,1751924771.2266448,1751925314.3356168,batch_consumer-sts-0_20250707_215531_622197.csv,True,False,False,1751925379.8232613,608596.6165065765
540365,1751924771.2268384,1751925314.362405,batch_consumer-sts-0_20250707_215531_622197.csv,True,False,False,1751925379.8232613,608596.4229106903
540375,1751924771.2270305,1751925314.389411,batch_consumer-sts-0_20250707_215531_622197.csv,True,False,False,1751925379.8232613,608596.2307453156
540385,1751924771.2272234,1751925314.4157524,batch_consumer-sts-0_20250707_215531_622197.csv,True,False,False,1751925379.8232613,608596.0378646851
540395,1751924771.227432,1751925314.4424393,batch_consumer-sts-0_20250707_215531_622197.csv,True,False,False,1751925379.8232613,608595.8292484283
540405,1751924771.2276163,1751925314.4689305,batch_consumer-sts-0_20250707_215531_622197.csv,True,False,False,1751925379.8232613,608595.6449508667
540415,1751924771.227792,1751925314.4956112,batch_consumer-sts-0_20250707_215531_622197.csv,True,False,False,1751925379.8232613,608595.4692363739
540425,1751924771.22797,1751925314.5219488,batch_consumer-sts-0_20250707_215531_622197.csv,True,False,False,1751925379.8232613,608595.2913761139
540435,1751924771.2281463,1751925314.5492167,batch_consumer-sts-0_20250707_215531_622197.csv,True,False,False,1751925379.8232613,608595.1149463654
540445,1751924771.2283213,1751925314.5759764,batch_consumer-sts-0_20250707_215531_622197.csv,True,False,False,1751925379.8232613,608594.9399471283
540455,1751924771.2285,1751925314.6035492,batch_consumer-sts-0_20250707_215531_622197.csv,True,False,False,1751925379.8232613,608594.7613716125
540465,1751924771.228678,1751925314.631029,batch_consumer-sts-0_20250707_215531_622197.csv,True,False,False,1751925379.8232613,608594.583272934
540475,1751924771.2288575,1751925314.6580718,batch_consumer-sts-0_20250707_215531_622197.csv,True,False,False,1751925379.8232613,608594.4037437439
540485,1751924771.229036,1751925314.685249,batch_consumer-sts-0_20250707_215531_622197.csv,True,False,False,1751925379.8232613,608594.2251682281
540495,1751924771.229212,1751925314.7118964,batch_consumer-sts-0_20250707_215531_622197.csv,True,False,False,1751925379.8232613,608594.0492153168
540505,1751924771.2293882,1751925314.739207,batch_consumer-sts-0_20250707_215531_622197.csv,True,False,False,1751925379.8232613,608593.8730239868
540515,1751924771.229564,1751925314.7663033,batch_consumer-sts-0_20250707_215531_622197.csv,True,False,False,1751925379.8232613,608593.697309494
540525,1751924771.2297454,1751925314.793343,batch_consumer-sts-0_20250707_215531_622197.csv,True,False,False,1751925379.8232613,608593.5158729553
540535,1751924771.2299194,1751925314.81942,batch_consumer-sts-0_20250707_215531_622197.csv,True,False,False,1751925379.8232613,608593.3418273926
540545,1751924771.2301006,1751925314.8468163,batch_consumer-sts-0_20250707_215531_622197.csv,True,False,False,1751925379.8232613,608593.1606292725
540555,1751924771.2303195,1751925314.8728983,batch_consumer-sts-0_20250707_215531_622197.csv,True,False,False,1751925379.8232613,608592.9417610168
540565,1751924771.2306795,1751925314.9005277,batch_consumer-sts-0_20250707_215531_622197.csv,True,False,False,1751925379.8232613,608592.5817489624
540575,1751924771.2308676,1751925314.9274786,batch_consumer-sts-0_20250707_215531_622197.csv,True,False,False,1751925379.8232613,608592.3936367035
540585,1751924771.2310536,1751925314.9540768,batch_consumer-sts-0_20250707_215531_622197.csv,True,False,False,1751925379.8232613,608592.2076702118
540595,1751924771.231241,1751925314.9803069,batch_consumer-sts-0_20250707_215531_622197.csv,True,False,False,1751925379.8232613,608592.0202732086
540605,1751924771.2314394,1751925315.0072768,batch_consumer-sts-0_20250707_215531_622197.csv,True,False,False,1751925379.8232613,608591.8219089508
540615,1751924771.2316444,1751925315.0344045,batch_consumer-sts-0_20250707_215531_622197.csv,True,False,False,1751925379.8232613,608591.6168689728
540625,1751924771.2321358,1751925315.061006,batch_consumer-sts-0_20250707_215531_622197.csv,True,False,False,1751925379.8232613,608591.1254882812
540635,1751924771.232312,1751925315.088297,batch_consumer-sts-0_20250707_215531_622197.csv,True,False,False,1751925379.8232613,608590.9492969513
540645,1751924771.2324886,1751925315.11507,batch_consumer-sts-0_20250707_215531_622197.csv,True,False,False,1751925379.8232613,608590.7726287842
540655,1751924771.2326622,1751925315.1417828,batch_consumer-sts-0_20250707_215531_622197.csv,True,False,False,1751925379.8232613,608590.5990600586
540665,1751924771.232842,1751925315.1689022,batch_consumer-sts-0_20250707_215531_622197.csv,True,False,False,1751925379.8232613,608590.41929245
540675,1751924771.2330165,1751925315.1957293,batch_consumer-sts-0_20250707_215531_622197.csv,True,False,False,1751925379.8232613,608590.24477005
540685,1751924771.2331903,1751925315.2222054,batch_consumer-sts-0_20250707_215531_622197.csv,True,False,False,1751925379.8232613,608590.0709629059
540695,1751924771.233374,1751925315.249313,batch_consumer-sts-0_20250707_215531_622197.csv,True,False,False,1751925379.8232613,608589.8871421814
540705,1751924771.2335703,1751925315.2763834,batch_consumer-sts-0_20250707_215531_622197.csv,True,False,False,1751925379.8232613,608589.6909236908
540715,1751924771.233757,1751925315.3036249,batch_consumer-sts-0_20250707_215531_622197.csv,True,False,False,1751925379.8232613,608589.5042419434
540725,1751924771.233945,1751925315.330649,batch_consumer-sts-0_20250707_215531_622197.csv,True,False,False,1751925379.8232613,608589.316368103
540735,1751924771.2341368,1751925315.3576064,batch_consumer-sts-0_20250707_215531_622197.csv,True,False,False,1751925379.8232613,608589.1244411469
540745,1751924771.2343338,1751925315.38466,batch_consumer-sts-0_20250707_215531_622197.csv,True,False,False,1751925379.8232613,608588.9275074005
540755,1751924771.2345223,1751925315.4115548,batch_consumer-sts-0_20250707_215531_622197.csv,True,False,False,1751925379.8232613,608588.7389183044
540765,1751924771.2347133,1751925315.4387,batch_consumer-sts-0_20250707_215531_622197.csv,True,False,False,1751925379.8232613,608588.5479450226
540775,1751924771.2349026,1751925315.46581,batch_consumer-sts-0_20250707_215531_622197.csv,True,False,False,1751925379.8232613,608588.3586406708
540785,1751924771.2350905,1751925315.49241,batch_consumer-sts-0_20250707_215531_622197.csv,True,False,False,1751925379.8232613,608588.1707668304
540795,1751924771.235279,1751925315.5186584,batch_consumer-sts-0_20250707_215531_622197.csv,True,False,False,1751925379.8232613,608587.9821777344
540805,1751924771.235474,1751925315.5454977,batch_consumer-sts-0_20250707_215531_622197.csv,True,False,False,1751925379.8232613,608587.7871513367
540815,1751924771.235649,1751925315.572219,batch_consumer-sts-0_20250707_215531_622197.csv,True,False,False,1751925379.8232613,608587.6121520996
540825,1751924771.235994,1751925315.59758,batch_consumer-sts-0_20250707_215531_622197.csv,True,False,False,1751925379.8232613,608587.2671604156
540835,1751924771.236326,1751925315.6265595,batch_consumer-sts-0_20250707_215531_622197.csv,True,False,False,1751925379.8232613,608586.9352817535
540845,1751924771.2365022,1751925315.6535883,batch_consumer-sts-0_20250707_215531_622197.csv,True,False,False,1751925379.8232613,608586.7590904236
540855,1751924771.23691,1751925315.6828697,batch_consumer-sts-0_20250707_215531_622197.csv,True,False,False,1751925379.8232613,608586.3511562347
540865,1751924771.2373147,1751925315.7092755,batch_consumer-sts-0_20250707_215531_622197.csv,True,False,False,1751925379.8232613,608585.946559906
540875,1751924771.2374969,1751925315.7360916,batch_consumer-sts-0_20250707_215531_622197.csv,True,False,False,1751925379.8232613,608585.7644081116
540885,1751924771.2376866,1751925315.7619057,batch_consumer-sts-0_20250707_215531_622197.csv,True,False,False,1751925379.8232613,608585.5746269226
540895,1751924771.2379334,1751925315.7892237,batch_consumer-sts-0_20250707_215531_622197.csv,True,False,False,1751925379.8232613,608585.3278636932
540905,1751924771.2382412,1751925315.816082,batch_consumer-sts-0_20250707_215531_622197.csv,True,False,False,1751925379.8232613,608585.0200653076
540915,1751924771.2388456,1751925315.8428605,batch_consumer-sts-0_20250707_215531_622197.csv,True,False,False,1751925379.8232613,608584.4156742096
540925,1751924771.240694,1751925315.869619,batch_consumer-sts-0_20250707_215531_622197.csv,True,False,False,1751925379.8232613,608582.5672149658
540935,1751924771.2408776,1751925315.896482,batch_consumer-sts-0_20250707_215531_622197.csv,True,False,False,1751925379.8232613,608582.3836326599
540945,1751924771.2410665,1751925315.9229777,batch_consumer-sts-0_20250707_215531_622197.csv,True,False,False,1751925379.8232613,608582.1948051453
540955,1751924771.2412465,1751925315.956762,batch_consumer-sts-0_20250707_215531_622197.csv,True,False,False,1751925379.8232613,608582.014799118
540965,1751924771.2414277,1751925315.984244,batch_consumer-sts-0_20250707_215531_622197.csv,True,False,False,1751925379.8232613,608581.8336009979
540975,1751924771.2416089,1751925316.0114005,batch_consumer-sts-0_20250707_215531_622197.csv,True,False,False,1751925379.8232613,608581.6524028778
540985,1751924771.2417834,1751925316.0382576,batch_consumer-sts-0_20250707_215531_622197.csv,True,False,False,1751925379.8232613,608581.4778804779
540995,1751924771.241959,1751925316.0653207,batch_consumer-sts-0_20250707_215531_622197.csv,True,False,False,1751925379.8232613,608581.3021659851
541005,1751924771.2421386,1751925316.0925972,batch_consumer-sts-0_20250707_215531_622197.csv,True,False,False,1751925379.8232613,608581.122636795
541015,1751924771.2423716,1751925316.1190317,batch_consumer-sts-0_20250707_215531_622197.csv,True,False,False,1751925379.8232613,608580.8897018433
541025,1751924771.242592,1751925316.146027,batch_consumer-sts-0_20250707_215531_622197.csv,True,False,False,1751925379.8232613,608580.6691646576
541035,1751924771.2428098,1751925316.1724403,batch_consumer-sts-0_20250707_215531_622197.csv,True,False,False,1751925379.8232613,608580.4514884949
541045,1751924771.2430313,1751925316.2012656,batch_consumer-sts-0_20250707_215531_622197.csv,True,False,False,1751925379.8232613,608580.2299976349
541055,1751924771.243247,1751925316.2284684,batch_consumer-sts-0_20250707_215531_622197.csv,True,False,False,1751925379.8232613,608580.0142288208
541065,1751924771.2434669,1751925316.254978,batch_consumer-sts-0_20250707_215531_622197.csv,True,False,False,1751925379.8232613,608579.7944068909
541075,1751924771.243651,1751925316.2814398,batch_consumer-sts-0_20250707_215531_622197.csv,True,False,False,1751925379.8232613,608579.6103477478
541085,1751924771.2438295,1751925316.449023,batch_consumer-sts-0_20250707_215531_622197.csv,True,False,False,1751925379.8232613,608579.431772232
541095,1751924771.2440295,1751925316.4758224,batch_consumer-sts-0_20250707_215531_622197.csv,True,False,False,1751925379.8232613,608579.2317390442
541105,1751924771.2442265,1751925316.5026438,batch_consumer-sts-0_20250707_215531_622197.csv,True,False,False,1751925379.8232613,608579.0348052979
541115,1751924771.2444215,1751925316.529045,batch_consumer-sts-0_20250707_215531_622197.csv,True,False,False,1751925379.8232613,608578.8397789001
541125,1751924771.244621,1751925316.5597644,batch_consumer-sts-0_20250707_215531_622197.csv,True,False,False,1751925379.8232613,608578.6402225494
541135,1751924771.244807,1751925316.5866375,batch_consumer-sts-0_20250707_215531_622197.csv,True,False,False,1751925379.8232613,608578.4542560577
541145,1751924771.244989,1751925316.6133766,batch_consumer-sts-0_20250707_215531_622197.csv,True,False,False,1751925379.8232613,608578.2723426819
541155,1751924771.245175,1751925316.6428137,batch_consumer-sts-0_20250707_215531_622197.csv,True,False,False,1751925379.8232613,608578.0863761902
550505,1751924771.4458103,1751925316.670455,batch_consumer-sts-0_20250707_215531_622197.csv,True,False,False,1751925379.8232613,608377.4509429932
550515,1751924771.4459927,1751925317.7004232,batch_consumer-sts-0_20250707_215531_622197.csv,True,False,False,1751925379.8232613,608377.2685527802
550525,1751924771.4461985,1751925317.7275608,batch_consumer-sts-0_20250707_215531_622197.csv,True,False,False,1751925379.8232613,608377.0627975464
550535,1751924771.4463882,1751925317.754768,batch_consumer-sts-0_20250707_215531_622197.csv,True,False,False,1751925379.8232613,608376.8730163574
550545,1751924771.4466033,1751925317.7819436,batch_consumer-sts-0_20250707_215531_622197.csv,True,False,False,1751925379.8232613,608376.6579627991
550555,1751924771.4468162,1751925317.808004,batch_consumer-sts-0_20250707_215531_622197.csv,True,False,False,1751925379.8232613,608376.4450550079
550565,1751924771.4470308,1751925317.835388,batch_consumer-sts-0_20250707_215531_622197.csv,True,False,False,1751925379.8232613,608376.2304782867
550575,1751924771.4472525,1751925317.862882,batch_consumer-sts-0_20250707_215531_622197.csv,True,False,False,1751925379.8232613,608376.0087490082
550585,1751924771.447472,1751925317.8896656,batch_consumer-sts-0_20250707_215531_622197.csv,True,False,False,1751925379.8232613,608375.7891654968
550595,1751924771.4476628,1751925317.915818,batch_consumer-sts-0_20250707_215531_622197.csv,True,False,False,1751925379.8232613,608375.5984306335
550605,1751924771.4478912,1751925317.9438624,batch_consumer-sts-0_20250707_215531_622197.csv,True,False,False,1751925379.8232613,608375.3700256348
550615,1751924771.4480965,1751925317.9701552,batch_consumer-sts-0_20250707_215531_622197.csv,True,False,False,1751925379.8232613,608375.1647472382
550625,1751924771.448277,1751925317.996061,batch_consumer-sts-0_20250707_215531_622197.csv,True,False,False,1751925379.8232613,608374.9842643738
550635,1751924771.448459,1751925318.022396,batch_consumer-sts-0_20250707_215531_622197.csv,True,False,False,1751925379.8232613,608374.8023509979
550645,1751924771.4486449,1751925318.0491242,batch_consumer-sts-0_20250707_215531_622197.csv,True,False,False,1751925379.8232613,608374.6163845062
550655,1751924771.4488328,1751925318.0755725,batch_consumer-sts-0_20250707_215531_622197.csv,True,False,False,1751925379.8232613,608374.4285106659
550665,1751924771.449045,1751925318.1023245,batch_consumer-sts-0_20250707_215531_622197.csv,True,False,False,1751925379.8232613,608374.2163181305
550675,1751924771.4492507,1751925318.129503,batch_consumer-sts-0_20250707_215531_622197.csv,True,False,False,1751925379.8232613,608374.0105628967
550685,1751924771.4494374,1751925318.1561625,batch_consumer-sts-0_20250707_215531_622197.csv,True,False,False,1751925379.8232613,608373.8238811493
550695,1751924771.4496212,1751925318.1829894,batch_consumer-sts-0_20250707_215531_622197.csv,True,False,False,1751925379.8232613,608373.6400604248
550705,1751924771.449802,1751925318.2102191,batch_consumer-sts-0_20250707_215531_622197.csv,True,False,False,1751925379.8232613,608373.4593391418
550715,1751924771.4501617,1751925318.2371542,batch_consumer-sts-0_20250707_215531_622197.csv,True,False,False,1751925379.8232613,608373.099565506
550725,1751924771.4503567,1751925318.264294,batch_consumer-sts-0_20250707_215531_622197.csv,True,False,False,1751925379.8232613,608372.9045391083
550735,1751924771.450546,1751925318.292336,batch_consumer-sts-0_20250707_215531_622197.csv,True,False,False,1751925379.8232613,608372.7152347565
550745,1751924771.4507322,1751925318.318841,batch_consumer-sts-0_20250707_215531_622197.csv,True,False,False,1751925379.8232613,608372.5290298462
550755,1751924771.4509168,1751925318.3449728,batch_consumer-sts-0_20250707_215531_622197.csv,True,False,False,1751925379.8232613,608372.344493866
550765,1751924771.451107,1751925318.4040155,batch_consumer-sts-0_20250707_215531_622197.csv,True,False,False,1751925379.8232613,608372.1542358398
550775,1751924771.4512944,1751925318.4313076,batch_consumer-sts-0_20250707_215531_622197.csv,True,False,False,1751925379.8232613,608371.9668388367
550785,1751924771.4514804,1751925318.4578805,batch_consumer-sts-0_20250707_215531_622197.csv,True,False,False,1751925379.8232613,608371.780872345
550795,1751924771.4516714,1751925318.484594,batch_consumer-sts-0_20250707_215531_622197.csv,True,False,False,1751925379.8232613,608371.5898990631
550805,1751924771.45185,1751925318.8326275,batch_consumer-sts-0_20250707_215531_622197.csv,True,False,False,1751925379.8232613,608371.4113235474
550815,1751924771.4520288,1751925318.859735,batch_consumer-sts-0_20250707_215531_622197.csv,True,False,False,1751925379.8232613,608371.232509613
550825,1751924771.4522233,1751925318.9153745,batch_consumer-sts-0_20250707_215531_622197.csv,True,False,False,1751925379.8232613,608371.0379600525
550835,1751924771.4524045,1751925318.9421692,batch_consumer-sts-0_20250707_215531_622197.csv,True,False,False,1751925379.8232613,608370.8567619324
550845,1751924771.452604,1751925318.9690535,batch_consumer-sts-0_20250707_215531_622197.csv,True,False,False,1751925379.8232613,608370.6572055817
550855,1751924771.4527795,1751925318.9958274,batch_consumer-sts-0_20250707_215531_622197.csv,True,False,False,1751925379.8232613,608370.4817295074
550865,1751924771.4529624,1751925319.0222862,batch_consumer-sts-0_20250707_215531_622197.csv,True,False,False,1751925379.8232613,608370.2988624573
550875,1751924771.45328,1751925319.0492885,batch_consumer-sts-0_20250707_215531_622197.csv,True,False,False,1751925379.8232613,608369.9812889099
550885,1751924771.453602,1751925319.076232,batch_consumer-sts-0_20250707_215531_622197.csv,True,False,False,1751925379.8232613,608369.6591854095
550895,1751924771.4537854,1751925319.1030755,batch_consumer-sts-0_20250707_215531_622197.csv,True,False,False,1751925379.8232613,608369.4758415222
550905,1751924771.454035,1751925319.1300185,batch_consumer-sts-0_20250707_215531_622197.csv,True,False,False,1751925379.8232613,608369.2262172699
550915,1751924771.4543252,1751925319.1569076,batch_consumer-sts-0_20250707_215531_622197.csv,True,False,False,1751925379.8232613,608368.9360618591
550925,1751924771.4549284,1751925319.1838765,batch_consumer-sts-0_20250707_215531_622197.csv,True,False,False,1751925379.8232613,608368.332862854
550935,1751924771.455469,1751925319.2110443,batch_consumer-sts-0_20250707_215531_622197.csv,True,False,False,1751925379.8232613,608367.7923679352
550945,1751924771.4558983,1751925319.2378454,batch_consumer-sts-0_20250707_215531_622197.csv,True,False,False,1751925379.8232613,608367.3629760742
550955,1751924771.4560823,1751925319.2648287,batch_consumer-sts-0_20250707_215531_622197.csv,True,False,False,1751925379.8232613,608367.1789169312
550965,1751924771.4562683,1751925319.2932982,batch_consumer-sts-0_20250707_215531_622197.csv,True,False,False,1751925379.8232613,608366.9929504395
550975,1751924771.456443,1751925319.319687,batch_consumer-sts-0_20250707_215531_622197.csv,True,False,False,1751925379.8232613,608366.818189621
550985,1751924771.4566224,1751925319.3481424,batch_consumer-sts-0_20250707_215531_622197.csv,True,False,False,1751925379.8232613,608366.6388988495
550995,1751924771.456804,1751925319.3789215,batch_consumer-sts-0_20250707_215531_622197.csv,True,False,False,1751925379.8232613,608366.4572238922
551005,1751924771.4569824,1751925319.405965,batch_consumer-sts-0_20250707_215531_622197.csv,True,False,False,1751925379.8232613,608366.278886795
551015,1751924771.457171,1751925319.4328628,batch_consumer-sts-0_20250707_215531_622197.csv,True,False,False,1751925379.8232613,608366.090297699
551025,1751924771.4573472,1751925319.458923,batch_consumer-sts-0_20250707_215531_622197.csv,True,False,False,1751925379.8232613,608365.914106369
551035,1751924771.4575243,1751925319.485808,batch_consumer-sts-0_20250707_215531_622197.csv,True,False,False,1751925379.8232613,608365.7369613647
551045,1751924771.4577024,1751925319.5120833,batch_consumer-sts-0_20250707_215531_622197.csv,True,False,False,1751925379.8232613,608365.5588626862
551055,1751924771.457877,1751925319.538802,batch_consumer-sts-0_20250707_215531_622197.csv,True,False,False,1751925379.8232613,608365.3843402863
551065,1751924771.4580555,1751925319.5678096,batch_consumer-sts-0_20250707_215531_622197.csv,True,False,False,1751925379.8232613,608365.2057647705
551075,1751924771.4582553,1751925319.5947893,batch_consumer-sts-0_20250707_215531_622197.csv,True,False,False,1751925379.8232613,608365.0059700012
551085,1751924771.4584394,1751925319.6213562,batch_consumer-sts-0_20250707_215531_622197.csv,True,False,False,1751925379.8232613,608364.8219108582
551095,1751924771.4586256,1751925319.6486657,batch_consumer-sts-0_20250707_215531_622197.csv,True,False,False,1751925379.8232613,608364.6357059479
551105,1751924771.458814,1751925319.675688,batch_consumer-sts-0_20250707_215531_622197.csv,True,False,False,1751925379.8232613,608364.4473552704
551115,1751924771.4589896,1751925319.702104,batch_consumer-sts-0_20250707_215531_622197.csv,True,False,False,1751925379.8232613,608364.2716407776
551125,1751924771.4591763,1751925319.7290452,batch_consumer-sts-0_20250707_215531_622197.csv,True,False,False,1751925379.8232613,608364.0849590302
551135,1751924771.4593604,1751925319.7554743,batch_consumer-sts-0_20250707_215531_622197.csv,True,False,False,1751925379.8232613,608363.9008998871
551145,1751924771.4595468,1751925319.782489,batch_consumer-sts-0_20250707_215531_622197.csv,True,False,False,1751925379.8232613,608363.7144565582
551155,1751924771.459732,1751925319.8098507,batch_consumer-sts-0_20250707_215531_622197.csv,True,False,False,1751925379.8232613,608363.5292053223
551165,1751924771.4599142,1751925319.8370836,batch_consumer-sts-0_20250707_215531_622197.csv,True,False,False,1751925379.8232613,608363.3470535278
551175,1751924771.460095,1751925319.8655148,batch_consumer-sts-0_20250707_215531_622197.csv,True,False,False,1751925379.8232613,608363.1663322449
551185,1751924771.4602823,1751925319.892569,batch_consumer-sts-0_20250707_215531_622197.csv,True,False,False,1751925379.8232613,608362.9789352417
551195,1751924771.460468,1751925319.919268,batch_consumer-sts-0_20250707_215531_622197.csv,True,False,False,1751925379.8232613,608362.7932071686
551205,1751924771.460662,1751925319.945855,batch_consumer-sts-0_20250707_215531_622197.csv,True,False,False,1751925379.8232613,608362.5993728638
551215,1751924771.4608457,1751925319.9725287,batch_consumer-sts-0_20250707_215531_622197.csv,True,False,False,1751925379.8232613,608362.4155521393
551225,1751924771.4610307,1751925319.9995885,batch_consumer-sts-0_20250707_215531_622197.csv,True,False,False,1751925379.8232613,608362.2305393219
551235,1751924771.4612055,1751925320.027454,batch_consumer-sts-0_20250707_215531_622197.csv,True,False,False,1751925379.8232613,608362.0557785034
551245,1751924771.4614065,1751925320.054623,batch_consumer-sts-0_20250707_215531_622197.csv,True,False,False,1751925379.8232613,608361.8547916412
551255,1751924771.461597,1751925320.0850475,batch_consumer-sts-0_20250707_215531_622197.csv,True,False,False,1751925379.8232613,608361.6642951965
551265,1751924771.4618013,1751925320.111926,batch_consumer-sts-0_20250707_215531_622197.csv,True,False,False,1751925379.8232613,608361.4599704742
551275,1751924771.4619875,1751925320.1384108,batch_consumer-sts-0_20250707_215531_622197.csv,True,False,False,1751925379.8232613,608361.273765564
551285,1751924771.4621904,1751925320.1651978,batch_consumer-sts-0_20250707_215531_622197.csv,True,False,False,1751925379.8232613,608361.0708713531
551295,1751924771.462423,1751925320.1925566,batch_consumer-sts-0_20250707_215531_622197.csv,True,False,False,1751925379.8232613,608360.83817482
551305,1751924771.462641,1751925320.2191277,batch_consumer-sts-0_20250707_215531_622197.csv,True,False,False,1751925379.8232613,608360.6202602386
551315,1751924771.4628572,1751925320.2475758,batch_consumer-sts-0_20250707_215531_622197.csv,True,False,False,1751925379.8232613,608360.4040145874
551325,1751924771.4630787,1751925320.274016,batch_consumer-sts-0_20250707_215531_622197.csv,True,False,False,1751925379.8232613,608360.1825237274
551335,1751924771.4632728,1751925320.3007116,batch_consumer-sts-0_20250707_215531_622197.csv,True,False,False,1751925379.8232613,608359.988451004
551345,1751924771.4634683,1751925320.327526,batch_consumer-sts-0_20250707_215531_622197.csv,True,False,False,1751925379.8232613,608359.7929477692
551355,1751924771.4636643,1751925320.3543105,batch_consumer-sts-0_20250707_215531_622197.csv,True,False,False,1751925379.8232613,608359.5969676971
551365,1751924771.463845,1751925320.380997,batch_consumer-sts-0_20250707_215531_622197.csv,True,False,False,1751925379.8232613,608359.4162464142
551375,1751924771.464026,1751925320.4074478,batch_consumer-sts-0_20250707_215531_622197.csv,True,False,False,1751925379.8232613,608359.2352867126
551385,1751924771.4642012,1751925320.4343216,batch_consumer-sts-0_20250707_215531_622197.csv,True,False,False,1751925379.8232613,608359.060049057
551395,1751924771.464389,1751925320.461289,batch_consumer-sts-0_20250707_215531_622197.csv,True,False,False,1751925379.8232613,608358.8721752167
551405,1751924771.4645662,1751925320.488156,batch_consumer-sts-0_20250707_215531_622197.csv,True,False,False,1751925379.8232613,608358.6950302124
551415,1751924771.4647424,1751925320.514591,batch_consumer-sts-0_20250707_215531_622197.csv,True,False,False,1751925379.8232613,608358.5188388824
551425,1751924771.464921,1751925320.5416708,batch_consumer-sts-0_20250707_215531_622197.csv,True,False,False,1751925379.8232613,608358.3402633667
551435,1751924771.4651277,1751925320.5684624,batch_consumer-sts-0_20250707_215531_622197.csv,True,False,False,1751925379.8232613,608358.1335544586
551445,1751924771.4653044,1751925320.5956151,batch_consumer-sts-0_20250707_215531_622197.csv,True,False,False,1751925379.8232613,608357.9568862915
551455,1751924771.4654849,1751925320.62181,batch_consumer-sts-0_20250707_215531_622197.csv,True,False,False,1751925379.8232613,608357.7764034271
551465,1751924771.4656675,1751925320.6487713,batch_consumer-sts-0_20250707_215531_622197.csv,True,False,False,1751925379.8232613,608357.5937747955
551475,1751924771.4658475,1751925320.675758,batch_consumer-sts-0_20250707_215531_622197.csv,True,False,False,1751925379.8232613,608357.4137687683
551485,1751924771.4660275,1751925320.7026863,batch_consumer-sts-0_20250707_215531_622197.csv,True,False,False,1751925379.8232613,608357.2337627411
551495,1751924771.4662347,1751925320.729571,batch_consumer-sts-0_20250707_215531_622197.csv,True,False,False,1751925379.8232613,608357.0265769958
551505,1751924771.4664268,1751925320.7606094,batch_consumer-sts-0_20250707_215531_622197.csv,True,False,False,1751925379.8232613,608356.8344116211
551515,1751924771.466615,1751925320.78743,batch_consumer-sts-0_20250707_215531_622197.csv,True,False,False,1751925379.8232613,608356.6462993622
551525,1751924771.46682,1751925320.8135605,batch_consumer-sts-0_20250707_215531_622197.csv,True,False,False,1751925379.8232613,608356.4412593842
551535,1751924771.466999,1751925320.8427784,batch_consumer-sts-0_20250707_215531_622197.csv,True,False,False,1751925379.8232613,608356.2622070312
551545,1751924771.4671824,1751925320.8694332,batch_consumer-sts-0_20250707_215531_622197.csv,True,False,False,1751925379.8232613,608356.0788631439
551555,1751924771.467364,1751925320.8963814,batch_consumer-sts-0_20250707_215531_622197.csv,True,False,False,1751925379.8232613,608355.8971881866
551565,1751924771.4675455,1751925320.923416,batch_consumer-sts-0_20250707_215531_622197.csv,True,False,False,1751925379.8232613,608355.715751648
551575,1751924771.4677286,1751925320.949897,batch_consumer-sts-0_20250707_215531_622197.csv,True,False,False,1751925379.8232613,608355.5326461792
551585,1751924771.4679103,1751925320.9788396,batch_consumer-sts-0_20250707_215531_622197.csv,True,False,False,1751925379.8232613,608355.3509712219
551595,1751924771.4680903,1751925321.0058851,batch_consumer-sts-0_20250707_215531_622197.csv,True,False,False,1751925379.8232613,608355.1709651947
551605,1751924771.4682794,1751925321.0324688,batch_consumer-sts-0_20250707_215531_622197.csv,True,False,False,1751925379.8232613,608354.9818992615
551615,1751924771.470561,1751925321.061201,batch_consumer-sts-0_20250707_215531_622197.csv,True,False,False,1751925379.8232613,608352.7002334595
551625,1751924771.4707627,1751925321.0892184,batch_consumer-sts-0_20250707_215531_622197.csv,True,False,False,1751925379.8232613,608352.4985313416
551635,1751924771.4709566,1751925321.1157131,batch_consumer-sts-0_20250707_215531_622197.csv,True,False,False,1751925379.8232613,608352.3046970367
551645,1751924771.4711435,1751925321.1426888,batch_consumer-sts-0_20250707_215531_622197.csv,True,False,False,1751925379.8232613,608352.1177768707
551655,1751924771.4714909,1751925321.169834,batch_consumer-sts-0_20250707_215531_622197.csv,True,False,False,1751925379.8232613,608351.770401001
551665,1751924771.4716718,1751925321.195719,batch_consumer-sts-0_20250707_215531_622197.csv,True,False,False,1751925379.8232613,608351.5894412994
551675,1751924771.4718454,1751925321.221862,batch_consumer-sts-0_20250707_215531_622197.csv,True,False,False,1751925379.8232613,608351.4158725739
551685,1751924771.4720206,1751925321.2483296,batch_consumer-sts-0_20250707_215531_622197.csv,True,False,False,1751925379.8232613,608351.2406349182
551695,1751924771.472196,1751925321.2745316,batch_consumer-sts-0_20250707_215531_622197.csv,True,False,False,1751925379.8232613,608351.065158844
551705,1751924771.4723744,1751925321.30133,batch_consumer-sts-0_20250707_215531_622197.csv,True,False,False,1751925379.8232613,608350.8868217468
551715,1751924771.4725473,1751925321.3280916,batch_consumer-sts-0_20250707_215531_622197.csv,True,False,False,1751925379.8232613,608350.713968277
551725,1751924771.4727452,1751925321.3544843,batch_consumer-sts-0_20250707_215531_622197.csv,True,False,False,1751925379.8232613,608350.5160808563
551735,1751924771.472927,1751925321.3809829,batch_consumer-sts-0_20250707_215531_622197.csv,True,False,False,1751925379.8232613,608350.3341674805
551745,1751924771.4731133,1751925321.406559,batch_consumer-sts-0_20250707_215531_622197.csv,True,False,False,1751925379.8232613,608350.1479625702
551755,1751924771.4734488,1751925321.4821165,batch_consumer-sts-0_20250707_215531_622197.csv,True,False,False,1751925379.8232613,608349.8125076294
551765,1751924771.473637,1751925321.5088992,batch_consumer-sts-0_20250707_215531_622197.csv,True,False,False,1751925379.8232613,608349.6241569519
551775,1751924771.473826,1751925321.5358975,batch_consumer-sts-0_20250707_215531_622197.csv,True,False,False,1751925379.8232613,608349.4353294373
551785,1751924771.4740076,1751925321.563686,batch_consumer-sts-0_20250707_215531_622197.csv,True,False,False,1751925379.8232613,608349.25365448
551795,1751924771.4741929,1751925321.590513,batch_consumer-sts-0_20250707_215531_622197.csv,True,False,False,1751925379.8232613,608349.068403244
551805,1751924771.4743805,1751925321.6167865,batch_consumer-sts-0_20250707_215531_622197.csv,True,False,False,1751925379.8232613,608348.8807678223
551815,1751924771.474573,1751925321.643672,batch_consumer-sts-0_20250707_215531_622197.csv,True,False,False,1751925379.8232613,608348.6883640289
551825,1751924771.4749043,1751925321.673079,batch_consumer-sts-0_20250707_215531_622197.csv,True,False,False,1751925379.8232613,608348.356962204
551835,1751924771.4750893,1751925321.6989274,batch_consumer-sts-0_20250707_215531_622197.csv,True,False,False,1751925379.8232613,608348.1719493866
551845,1751924771.4752748,1751925321.725538,batch_consumer-sts-0_20250707_215531_622197.csv,True,False,False,1751925379.8232613,608347.986459732
551855,1751924771.4754653,1751925321.7524805,batch_consumer-sts-0_20250707_215531_622197.csv,True,False,False,1751925379.8232613,608347.7959632874
551865,1751924771.4756374,1751925321.7795196,batch_consumer-sts-0_20250707_215531_622197.csv,True,False,False,1751925379.8232613,608347.6238250732
551875,1751924771.4758158,1751925321.8062031,batch_consumer-sts-0_20250707_215531_622197.csv,True,False,False,1751925379.8232613,608347.4454879761
551885,1751924771.4759884,1751925321.833133,batch_consumer-sts-0_20250707_215531_622197.csv,True,False,False,1751925379.8232613,608347.2728729248
551895,1751924771.4761612,1751925321.8604655,batch_consumer-sts-0_20250707_215531_622197.csv,True,False,False,1751925379.8232613,608347.100019455
551905,1751924771.476334,1751925321.8878412,batch_consumer-sts-0_20250707_215531_622197.csv,True,False,False,1751925379.8232613,608346.9271659851
551915,1751924771.4765108,1751925322.9165092,batch_consumer-sts-0_20250707_215531_622197.csv,True,False,False,1751925379.8232613,608346.750497818
551925,1751924771.476694,1751925322.942197,batch_consumer-sts-0_20250707_215531_622197.csv,True,False,False,1751925379.8232613,608346.5671539307
551935,1751924771.4768722,1751925322.9688995,batch_consumer-sts-0_20250707_215531_622197.csv,True,False,False,1751925379.8232613,608346.3890552521
551945,1751924771.4770525,1751925322.9955115,batch_consumer-sts-0_20250707_215531_622197.csv,True,False,False,1751925379.8232613,608346.2088108063
551955,1751924771.4772348,1751925323.0215993,batch_consumer-sts-0_20250707_215531_622197.csv,True,False,False,1751925379.8232613,608346.0264205933
551965,1751924771.4774213,1751925323.047465,batch_consumer-sts-0_20250707_215531_622197.csv,True,False,False,1751925379.8232613,608345.8399772644
551975,1751924771.477602,1751925323.0739837,batch_consumer-sts-0_20250707_215531_622197.csv,True,False,False,1751925379.8232613,608345.6592559814
551985,1751924771.47779,1751925323.100491,batch_consumer-sts-0_20250707_215531_622197.csv,True,False,False,1751925379.8232613,608345.4711437225
551995,1751924771.4779692,1751925323.1271846,batch_consumer-sts-0_20250707_215531_622197.csv,True,False,False,1751925379.8232613,608345.2920913696
552005,1751924771.4782023,1751925323.1537929,batch_consumer-sts-0_20250707_215531_622197.csv,True,False,False,1751925379.8232613,608345.0589179993
552015,1751924771.4784184,1751925323.181093,batch_consumer-sts-0_20250707_215531_622197.csv,True,False,False,1751925379.8232613,608344.8429107666
552025,1751924771.478613,1751925323.2076733,batch_consumer-sts-0_20250707_215531_622197.csv,True,False,False,1751925379.8232613,608344.648361206
552035,1751924771.4788115,1751925323.2342863,batch_consumer-sts-0_20250707_215531_622197.csv,True,False,False,1751925379.8232613,608344.4497585297
552045,1751924771.479005,1751925323.2612386,batch_consumer-sts-0_20250707_215531_622197.csv,True,False,False,1751925379.8232613,608344.2561626434
552055,1751924771.4791915,1751925323.2881007,batch_consumer-sts-0_20250707_215531_622197.csv,True,False,False,1751925379.8232613,608344.0697193146
552065,1751924771.4793968,1751925323.3145523,batch_consumer-sts-0_20250707_215531_622197.csv,True,False,False,1751925379.8232613,608343.864440918
552075,1751924771.479573,1751925323.341545,batch_consumer-sts-0_20250707_215531_622197.csv,True,False,False,1751925379.8232613,608343.688249588
552085,1751924771.4797611,1751925323.3685696,batch_consumer-sts-0_20250707_215531_622197.csv,True,False,False,1751925379.8232613,608343.5001373291
552095,1751924771.479942,1751925323.3955836,batch_consumer-sts-0_20250707_215531_622197.csv,True,False,False,1751925379.8232613,608343.3191776276
552105,1751924771.480123,1751925323.4221902,batch_consumer-sts-0_20250707_215531_622197.csv,True,False,False,1751925379.8232613,608343.138217926
552115,1751924771.4803016,1751925323.449365,batch_consumer-sts-0_20250707_215531_622197.csv,True,False,False,1751925379.8232613,608342.9596424103
552125,1751924771.4804847,1751925323.5611928,batch_consumer-sts-0_20250707_215531_622197.csv,True,False,False,1751925379.8232613,608342.7765369415
552135,1751924771.4806664,1751925323.588162,batch_consumer-sts-0_20250707_215531_622197.csv,True,False,False,1751925379.8232613,608342.5948619843
552145,1751924771.480848,1751925323.6147697,batch_consumer-sts-0_20250707_215531_622197.csv,True,False,False,1751925379.8232613,608342.413187027
552155,1751924771.481033,1751925323.6418755,batch_consumer-sts-0_20250707_215531_622197.csv,True,False,False,1751925379.8232613,608342.2281742096
552165,1751924771.4812157,1751925324.1431668,batch_consumer-sts-0_20250707_215531_622197.csv,True,False,False,1751925379.8232613,608342.045545578
552175,1751924771.4814005,1751925324.16985,batch_consumer-sts-0_20250707_215531_622197.csv,True,False,False,1751925379.8232613,608341.8607711792
552185,1751924771.4815814,1751925324.1967847,batch_consumer-sts-0_20250707_215531_622197.csv,True,False,False,1751925379.8232613,608341.6798114777
552195,1751924771.4817607,1751925324.2239635,batch_consumer-sts-0_20250707_215531_622197.csv,True,False,False,1751925379.8232613,608341.5005207062
552205,1751924771.4819405,1751925324.249847,batch_consumer-sts-0_20250707_215531_622197.csv,True,False,False,1751925379.8232613,608341.3207530975
552215,1751924771.482128,1751925324.2766595,batch_consumer-sts-0_20250707_215531_622197.csv,True,False,False,1751925379.8232613,608341.1333560944
552225,1751924771.4823408,1751925324.3031964,batch_consumer-sts-0_20250707_215531_622197.csv,True,False,False,1751925379.8232613,608340.9204483032
552235,1751924771.4825358,1751925324.3299232,batch_consumer-sts-0_20250707_215531_622197.csv,True,False,False,1751925379.8232613,608340.7254219055
552245,1751924771.4827294,1751925324.3568175,batch_consumer-sts-0_20250707_215531_622197.csv,True,False,False,1751925379.8232613,608340.5318260193
552255,1751924771.4829247,1751925324.3836005,batch_consumer-sts-0_20250707_215531_622197.csv,True,False,False,1751925379.8232613,608340.336561203
552265,1751924771.483117,1751925324.409878,batch_consumer-sts-0_20250707_215531_622197.csv,True,False,False,1751925379.8232613,608340.1441574097
552275,1751924771.4833086,1751925324.4367278,batch_consumer-sts-0_20250707_215531_622197.csv,True,False,False,1751925379.8232613,608339.9527072906
552285,1751924771.483507,1751925324.466794,batch_consumer-sts-0_20250707_215531_622197.csv,True,False,False,1751925379.8232613,608339.7543430328
552295,1751924771.483693,1751925324.4935143,batch_consumer-sts-0_20250707_215531_622197.csv,True,False,False,1751925379.8232613,608339.5683765411
552305,1751924771.4838734,1751925324.5198748,batch_consumer-sts-0_20250707_215531_622197.csv,True,False,False,1751925379.8232613,608339.3878936768
552315,1751924771.4840548,1751925324.5497963,batch_consumer-sts-0_20250707_215531_622197.csv,True,False,False,1751925379.8232613,608339.2064571381
552325,1751924771.4842412,1751925324.5762804,batch_consumer-sts-0_20250707_215531_622197.csv,True,False,False,1751925379.8232613,608339.0200138092
552335,1751924771.484421,1751925324.6039689,batch_consumer-sts-0_20250707_215531_622197.csv,True,False,False,1751925379.8232613,608338.8402462006
552345,1751924771.4846034,1751925324.6309454,batch_consumer-sts-0_20250707_215531_622197.csv,True,False,False,1751925379.8232613,608338.6578559875
552355,1751924771.484785,1751925324.6575637,batch_consumer-sts-0_20250707_215531_622197.csv,True,False,False,1751925379.8232613,608338.4761810303
552365,1751924771.484974,1751925324.6854851,batch_consumer-sts-0_20250707_215531_622197.csv,True,False,False,1751925379.8232613,608338.2873535156
552375,1751924771.485151,1751925324.712318,batch_consumer-sts-0_20250707_215531_622197.csv,True,False,False,1751925379.8232613,608338.1102085114
552385,1751924771.485329,1751925324.7398565,batch_consumer-sts-0_20250707_215531_622197.csv,True,False,False,1751925379.8232613,608337.9323482513
552395,1751924771.4855068,1751925324.7674644,batch_consumer-sts-0_20250707_215531_622197.csv,True,False,False,1751925379.8232613,608337.7544879913
552405,1751924771.4856904,1751925324.7943635,batch_consumer-sts-0_20250707_215531_622197.csv,True,False,False,1751925379.8232613,608337.5709056854
558145,1751924771.6063075,1751925324.8199697,batch_consumer-sts-0_20250707_215531_622197.csv,True,False,False,1751925379.8232613,608216.953754425
558155,1751924771.606495,1751925324.8467882,batch_consumer-sts-0_20250707_215531_622197.csv,True,False,False,1751925379.8232613,608216.7663574219
558165,1751924771.606677,1751925324.873484,batch_consumer-sts-0_20250707_215531_622197.csv,True,False,False,1751925379.8232613,608216.5842056274
558175,1751924771.6068604,1751925324.900479,batch_consumer-sts-0_20250707_215531_622197.csv,True,False,False,1751925379.8232613,608216.4008617401
558185,1751924771.60704,1751925324.9272535,batch_consumer-sts-0_20250707_215531_622197.csv,True,False,False,1751925379.8232613,608216.22133255
558195,1751924771.6072214,1751925324.9543588,batch_consumer-sts-0_20250707_215531_622197.csv,True,False,False,1751925379.8232613,608216.0398960114
558205,1751924771.6074128,1751925324.9808593,batch_consumer-sts-0_20250707_215531_622197.csv,True,False,False,1751925379.8232613,608215.8484458923
558215,1751924771.6075883,1751925325.0066798,batch_consumer-sts-0_20250707_215531_622197.csv,True,False,False,1751925379.8232613,608215.6729698181
558225,1751924771.6077647,1751925325.0334525,batch_consumer-sts-0_20250707_215531_622197.csv,True,False,False,1751925379.8232613,608215.4965400696
558235,1751924771.6079426,1751925325.059769,batch_consumer-sts-0_20250707_215531_622197.csv,True,False,False,1751925379.8232613,608215.3186798096
558245,1751924771.6081166,1751925325.08682,batch_consumer-sts-0_20250707_215531_622197.csv,True,False,False,1751925379.8232613,608215.1446342468
558255,1751924771.608292,1751925325.1134558,batch_consumer-sts-0_20250707_215531_622197.csv,True,False,False,1751925379.8232613,608214.9691581726
558265,1751924771.6084905,1751925325.1401098,batch_consumer-sts-0_20250707_215531_622197.csv,True,False,False,1751925379.8232613,608214.7707939148
558275,1751924771.608675,1751925325.1656594,batch_consumer-sts-0_20250707_215531_622197.csv,True,False,False,1751925379.8232613,608214.5862579346
558285,1751924771.608858,1751925325.1924336,batch_consumer-sts-0_20250707_215531_622197.csv,True,False,False,1751925379.8232613,608214.4031524658
558295,1751924771.6090412,1751925325.2185967,batch_consumer-sts-0_20250707_215531_622197.csv,True,False,False,1751925379.8232613,608214.2200469971
558305,1751924771.6092205,1751925325.2458513,batch_consumer-sts-0_20250707_215531_622197.csv,True,False,False,1751925379.8232613,608214.0407562256
558315,1751924771.609401,1751925325.274637,batch_consumer-sts-0_20250707_215531_622197.csv,True,False,False,1751925379.8232613,608213.8602733612
558325,1751924771.6095903,1751925325.3016653,batch_consumer-sts-0_20250707_215531_622197.csv,True,False,False,1751925379.8232613,608213.6709690094
558335,1751924771.6097696,1751925325.329008,batch_consumer-sts-0_20250707_215531_622197.csv,True,False,False,1751925379.8232613,608213.4916782379
558345,1751924771.6099513,1751925325.3560555,batch_consumer-sts-0_20250707_215531_622197.csv,True,False,False,1751925379.8232613,608213.3100032806
558355,1751924771.61013,1751925325.3836136,batch_consumer-sts-0_20250707_215531_622197.csv,True,False,False,1751925379.8232613,608213.1311893463
558365,1751924771.6103103,1751925325.4111173,batch_consumer-sts-0_20250707_215531_622197.csv,True,False,False,1751925379.8232613,608212.9509449005
558375,1751924771.6105,1751925325.4381115,batch_consumer-sts-0_20250707_215531_622197.csv,True,False,False,1751925379.8232613,608212.7611637115
558385,1751924771.6106832,1751925325.4654863,batch_consumer-sts-0_20250707_215531_622197.csv,True,False,False,1751925379.8232613,608212.5780582428
558395,1751924771.6108654,1751925325.4926314,batch_consumer-sts-0_20250707_215531_622197.csv,True,False,False,1751925379.8232613,608212.3959064484
558405,1751924771.6110463,1751925325.5191529,batch_consumer-sts-0_20250707_215531_622197.csv,True,False,False,1751925379.8232613,608212.2149467468
558415,1751924771.6112244,1751925325.5461388,batch_consumer-sts-0_20250707_215531_622197.csv,True,False,False,1751925379.8232613,608212.0368480682
558425,1751924771.6114073,1751925325.5734537,batch_consumer-sts-0_20250707_215531_622197.csv,True,False,False,1751925379.8232613,608211.8539810181
558435,1751924771.61159,1751925325.6006258,batch_consumer-sts-0_20250707_215531_622197.csv,True,False,False,1751925379.8232613,608211.6713523865
558445,1751924771.611768,1751925325.627323,batch_consumer-sts-0_20250707_215531_622197.csv,True,False,False,1751925379.8232613,608211.4932537079
558455,1751924771.611949,1751925325.6542916,batch_consumer-sts-0_20250707_215531_622197.csv,True,False,False,1751925379.8232613,608211.3122940063
558465,1751924771.6121287,1751925325.682055,batch_consumer-sts-0_20250707_215531_622197.csv,True,False,False,1751925379.8232613,608211.1325263977
558475,1751924771.6123111,1751925325.707656,batch_consumer-sts-0_20250707_215531_622197.csv,True,False,False,1751925379.8232613,608210.9501361847
558485,1751924771.6124928,1751925325.7341695,batch_consumer-sts-0_20250707_215531_622197.csv,True,False,False,1751925379.8232613,608210.7684612274
558495,1751924771.6126688,1751925325.761392,batch_consumer-sts-0_20250707_215531_622197.csv,True,False,False,1751925379.8232613,608210.592508316
558505,1751924771.6128497,1751925325.7880638,batch_consumer-sts-0_20250707_215531_622197.csv,True,False,False,1751925379.8232613,608210.4115486145
558515,1751924771.6130304,1751925325.8151157,batch_consumer-sts-0_20250707_215531_622197.csv,True,False,False,1751925379.8232613,608210.2308273315
558525,1751924771.613206,1751925325.8423722,batch_consumer-sts-0_20250707_215531_622197.csv,True,False,False,1751925379.8232613,608210.0553512573
558535,1751924771.6133816,1751925325.86986,batch_consumer-sts-0_20250707_215531_622197.csv,True,False,False,1751925379.8232613,608209.8796367645
558545,1751924771.613565,1751925325.898221,batch_consumer-sts-0_20250707_215531_622197.csv,True,False,False,1751925379.8232613,608209.6962928772
558555,1751924771.6137452,1751925325.925233,batch_consumer-sts-0_20250707_215531_622197.csv,True,False,False,1751925379.8232613,608209.5160484314
558565,1751924771.6139235,1751925325.9524453,batch_consumer-sts-0_20250707_215531_622197.csv,True,False,False,1751925379.8232613,608209.3377113342
558575,1751924771.6141028,1751925325.9796493,batch_consumer-sts-0_20250707_215531_622197.csv,True,False,False,1751925379.8232613,608209.1584205627
558585,1751924771.6144333,1751925326.00709,batch_consumer-sts-0_20250707_215531_622197.csv,True,False,False,1751925379.8232613,608208.8279724121
558595,1751924771.614756,1751925326.0325243,batch_consumer-sts-0_20250707_215531_622197.csv,True,False,False,1751925379.8232613,608208.505153656
558605,1751924771.6149323,1751925326.0592213,batch_consumer-sts-0_20250707_215531_622197.csv,True,False,False,1751925379.8232613,608208.328962326
558615,1751924771.6151073,1751925326.086287,batch_consumer-sts-0_20250707_215531_622197.csv,True,False,False,1751925379.8232613,608208.153963089
558625,1751924771.6152828,1751925326.1124897,batch_consumer-sts-0_20250707_215531_622197.csv,True,False,False,1751925379.8232613,608207.9784870148
558635,1751924771.6154602,1751925326.1397357,batch_consumer-sts-0_20250707_215531_622197.csv,True,False,False,1751925379.8232613,608207.8011035919
558645,1751924771.6156368,1751925326.1666148,batch_consumer-sts-0_20250707_215531_622197.csv,True,False,False,1751925379.8232613,608207.6244354248
558655,1751924771.6158123,1751925326.193283,batch_consumer-sts-0_20250707_215531_622197.csv,True,False,False,1751925379.8232613,608207.4489593506
558665,1751924771.6159887,1751925326.219402,batch_consumer-sts-0_20250707_215531_622197.csv,True,False,False,1751925379.8232613,608207.272529602
558675,1751924771.6161628,1751925326.2464275,batch_consumer-sts-0_20250707_215531_622197.csv,True,False,False,1751925379.8232613,608207.0984840393
558685,1751924771.6163454,1751925326.2740235,batch_consumer-sts-0_20250707_215531_622197.csv,True,False,False,1751925379.8232613,608206.9158554077
558695,1751924771.616519,1751925326.3007126,batch_consumer-sts-0_20250707_215531_622197.csv,True,False,False,1751925379.8232613,608206.7422866821
558705,1751924771.6167042,1751925326.3278408,batch_consumer-sts-0_20250707_215531_622197.csv,True,False,False,1751925379.8232613,608206.5570354462
558715,1751924771.6168768,1751925326.3550751,batch_consumer-sts-0_20250707_215531_622197.csv,True,False,False,1751925379.8232613,608206.3844203949
558725,1751924771.6170497,1751925326.382101,batch_consumer-sts-0_20250707_215531_622197.csv,True,False,False,1751925379.8232613,608206.211566925
558735,1751924771.617245,1751925326.4084115,batch_consumer-sts-0_20250707_215531_622197.csv,True,False,False,1751925379.8232613,608206.0163021088
558745,1751924771.6174228,1751925326.435355,batch_consumer-sts-0_20250707_215531_622197.csv,True,False,False,1751925379.8232613,608205.8384418488
558755,1751924771.617602,1751925326.4623644,batch_consumer-sts-0_20250707_215531_622197.csv,True,False,False,1751925379.8232613,608205.6591510773
558765,1751924771.6177804,1751925326.489171,batch_consumer-sts-0_20250707_215531_622197.csv,True,False,False,1751925379.8232613,608205.4808139801
558775,1751924771.6179736,1751925326.51597,batch_consumer-sts-0_20250707_215531_622197.csv,True,False,False,1751925379.8232613,608205.287694931
558785,1751924771.618168,1751925326.5427508,batch_consumer-sts-0_20250707_215531_622197.csv,True,False,False,1751925379.8232613,608205.0931453705
558795,1751924771.6183553,1751925327.0428386,batch_consumer-sts-0_20250707_215531_622197.csv,True,False,False,1751925379.8232613,608204.9059867859
558805,1751924771.6185515,1751925327.069759,batch_consumer-sts-0_20250707_215531_622197.csv,True,False,False,1751925379.8232613,608204.7097682953
558815,1751924771.6187427,1751925327.0963082,batch_consumer-sts-0_20250707_215531_622197.csv,True,False,False,1751925379.8232613,608204.5185565948
558825,1751924771.6189363,1751925327.1225352,batch_consumer-sts-0_20250707_215531_622197.csv,True,False,False,1751925379.8232613,608204.3249607086
558835,1751924771.619129,1751925327.1503494,batch_consumer-sts-0_20250707_215531_622197.csv,True,False,False,1751925379.8232613,608204.1323184967
558845,1751924771.6193268,1751925328.1795332,batch_consumer-sts-0_20250707_215531_622197.csv,True,False,False,1751925379.8232613,608203.934431076
558855,1751924771.6195288,1751925328.2048793,batch_consumer-sts-0_20250707_215531_622197.csv,True,False,False,1751925379.8232613,608203.7324905396
558865,1751924771.6197042,1751925328.2317998,batch_consumer-sts-0_20250707_215531_622197.csv,True,False,False,1751925379.8232613,608203.5570144653
558875,1751924771.6198802,1751925328.2588222,batch_consumer-sts-0_20250707_215531_622197.csv,True,False,False,1751925379.8232613,608203.381061554
558885,1751924771.6200583,1751925328.2858806,batch_consumer-sts-0_20250707_215531_622197.csv,True,False,False,1751925379.8232613,608203.2029628754
558895,1751924771.6204767,1751925328.3118916,batch_consumer-sts-0_20250707_215531_622197.csv,True,False,False,1751925379.8232613,608202.784538269
558905,1751924771.6208827,1751925328.3387823,batch_consumer-sts-0_20250707_215531_622197.csv,True,False,False,1751925379.8232613,608202.3785114288
558915,1751924771.6210608,1751925328.3656888,batch_consumer-sts-0_20250707_215531_622197.csv,True,False,False,1751925379.8232613,608202.2004127502
558925,1751924771.6212351,1751925328.3925588,batch_consumer-sts-0_20250707_215531_622197.csv,True,False,False,1751925379.8232613,608202.0261287689
558935,1751924771.6217363,1751925328.4191933,batch_consumer-sts-0_20250707_215531_622197.csv,True,False,False,1751925379.8232613,608201.5249729156
558945,1751924771.621992,1751925328.4460866,batch_consumer-sts-0_20250707_215531_622197.csv,True,False,False,1751925379.8232613,608201.2691497803
558955,1751924771.6228056,1751925328.4727716,batch_consumer-sts-0_20250707_215531_622197.csv,True,False,False,1751925379.8232613,608200.4556655884
558965,1751924771.6229858,1751925328.4998355,batch_consumer-sts-0_20250707_215531_622197.csv,True,False,False,1751925379.8232613,608200.2754211426
558975,1751924771.6231668,1751925328.5262978,batch_consumer-sts-0_20250707_215531_622197.csv,True,False,False,1751925379.8232613,608200.094461441
558985,1751924771.6233454,1751925328.5534284,batch_consumer-sts-0_20250707_215531_622197.csv,True,False,False,1751925379.8232613,608199.9158859253
558995,1751924771.6235263,1751925328.5803475,batch_consumer-sts-0_20250707_215531_622197.csv,True,False,False,1751925379.8232613,608199.7349262238
559005,1751924771.6237056,1751925328.684844,batch_consumer-sts-0_20250707_215531_622197.csv,True,False,False,1751925379.8232613,608199.5556354523
559015,1751924771.6238806,1751925328.711933,batch_consumer-sts-0_20250707_215531_622197.csv,True,False,False,1751925379.8232613,608199.3806362152
559025,1751924771.6240764,1751925328.828436,batch_consumer-sts-0_20250707_215531_622197.csv,True,False,False,1751925379.8232613,608199.1848945618
559035,1751924771.624262,1751925328.8556695,batch_consumer-sts-0_20250707_215531_622197.csv,True,False,False,1751925379.8232613,608198.9991664886
559045,1751924771.6244705,1751925328.882479,batch_consumer-sts-0_20250707_215531_622197.csv,True,False,False,1751925379.8232613,608198.7907886505
559055,1751924771.6247554,1751925328.9090202,batch_consumer-sts-0_20250707_215531_622197.csv,True,False,False,1751925379.8232613,608198.5058784485
559065,1751924771.6250584,1751925328.93565,batch_consumer-sts-0_20250707_215531_622197.csv,True,False,False,1751925379.8232613,608198.2028484344
559075,1751924771.6255496,1751925328.9623935,batch_consumer-sts-0_20250707_215531_622197.csv,True,False,False,1751925379.8232613,608197.7117061615
559085,1751924771.6259818,1751925328.9892807,batch_consumer-sts-0_20250707_215531_622197.csv,True,False,False,1751925379.8232613,608197.2794532776
559095,1751924771.6261654,1751925329.016123,batch_consumer-sts-0_20250707_215531_622197.csv,True,False,False,1751925379.8232613,608197.0958709717
559105,1751924771.6263733,1751925329.0431678,batch_consumer-sts-0_20250707_215531_622197.csv,True,False,False,1751925379.8232613,608196.8879699707
559115,1751924771.6265552,1751925329.0694716,batch_consumer-sts-0_20250707_215531_622197.csv,True,False,False,1751925379.8232613,608196.7060565948
559125,1751924771.6267529,1751925329.09632,batch_consumer-sts-0_20250707_215531_622197.csv,True,False,False,1751925379.8232613,608196.5084075928
559135,1751924771.6269286,1751925329.160302,batch_consumer-sts-0_20250707_215531_622197.csv,True,False,False,1751925379.8232613,608196.3326931
559145,1751924771.627103,1751925329.187414,batch_consumer-sts-0_20250707_215531_622197.csv,True,False,False,1751925379.8232613,608196.1581707001
559155,1751924771.627278,1751925329.2137415,batch_consumer-sts-0_20250707_215531_622197.csv,True,False,False,1751925379.8232613,608195.983171463
559165,1751924771.6274598,1751925329.2444592,batch_consumer-sts-0_20250707_215531_622197.csv,True,False,False,1751925379.8232613,608195.8014965057
559175,1751924771.6276414,1751925329.2722368,batch_consumer-sts-0_20250707_215531_622197.csv,True,False,False,1751925379.8232613,608195.6198215485
559185,1751924771.62782,1751925329.2993357,batch_consumer-sts-0_20250707_215531_622197.csv,True,False,False,1751925379.8232613,608195.4412460327
559195,1751924771.62801,1751925329.3269527,batch_consumer-sts-0_20250707_215531_622197.csv,True,False,False,1751925379.8232613,608195.2512264252
559205,1751924771.6281924,1751925329.3541453,batch_consumer-sts-0_20250707_215531_622197.csv,True,False,False,1751925379.8232613,608195.0688362122
559215,1751924771.628372,1751925329.3809035,batch_consumer-sts-0_20250707_215531_622197.csv,True,False,False,1751925379.8232613,608194.8893070221
559225,1751924771.628562,1751925329.407896,batch_consumer-sts-0_20250707_215531_622197.csv,True,False,False,1751925379.8232613,608194.6992874146
559235,1751924771.628747,1751925329.4348917,batch_consumer-sts-0_20250707_215531_622197.csv,True,False,False,1751925379.8232613,608194.5142745972
559245,1751924771.6289327,1751925329.4619527,batch_consumer-sts-0_20250707_215531_622197.csv,True,False,False,1751925379.8232613,608194.328546524
559255,1751924771.62912,1751925329.4878712,batch_consumer-sts-0_20250707_215531_622197.csv,True,False,False,1751925379.8232613,608194.1411495209
559265,1751924771.6293106,1751925329.5142376,batch_consumer-sts-0_20250707_215531_622197.csv,True,False,False,1751925379.8232613,608193.9506530762
559275,1751924771.6297438,1751925329.5407176,batch_consumer-sts-0_20250707_215531_622197.csv,True,False,False,1751925379.8232613,608193.517446518
559285,1751924771.6304705,1751925329.5673916,batch_consumer-sts-0_20250707_215531_622197.csv,True,False,False,1751925379.8232613,608192.7907466888
559295,1751924771.630664,1751925329.593938,batch_consumer-sts-0_20250707_215531_622197.csv,True,False,False,1751925379.8232613,608192.5971508026
559305,1751924771.6313298,1751925329.6207066,batch_consumer-sts-0_20250707_215531_622197.csv,True,False,False,1751925379.8232613,608191.9314861298
559315,1751924771.6315217,1751925329.6472423,batch_consumer-sts-0_20250707_215531_622197.csv,True,False,False,1751925379.8232613,608191.7395591736
559325,1751924771.631697,1751925329.674196,batch_consumer-sts-0_20250707_215531_622197.csv,True,False,False,1751925379.8232613,608191.564321518
559335,1751924771.6318712,1751925329.7039816,batch_consumer-sts-0_20250707_215531_622197.csv,True,False,False,1751925379.8232613,608191.3900375366
559345,1751924771.6320608,1751925329.7311022,batch_consumer-sts-0_20250707_215531_622197.csv,True,False,False,1751925379.8232613,608191.2004947662
559355,1751924771.6322324,1751925329.7572117,batch_consumer-sts-0_20250707_215531_622197.csv,True,False,False,1751925379.8232613,608191.0288333893
559365,1751924771.632408,1751925329.7842145,batch_consumer-sts-0_20250707_215531_622197.csv,True,False,False,1751925379.8232613,608190.8533573151
559375,1751924771.6325822,1751925329.810406,batch_consumer-sts-0_20250707_215531_622197.csv,True,False,False,1751925379.8232613,608190.6790733337
559385,1751924771.6327553,1751925329.8382,batch_consumer-sts-0_20250707_215531_622197.csv,True,False,False,1751925379.8232613,608190.5059814453
559395,1751924771.6329265,1751925329.8646674,batch_consumer-sts-0_20250707_215531_622197.csv,True,False,False,1751925379.8232613,608190.3347969055
559405,1751924771.6331246,1751925329.8922098,batch_consumer-sts-0_20250707_215531_622197.csv,True,False,False,1751925379.8232613,608190.1366710663
559415,1751924771.6333067,1751925329.9183495,batch_consumer-sts-0_20250707_215531_622197.csv,True,False,False,1751925379.8232613,608189.9545192719
559425,1751924771.6334867,1751925329.9452662,batch_consumer-sts-0_20250707_215531_622197.csv,True,False,False,1751925379.8232613,608189.7745132446
559435,1751924771.6336665,1751925329.9730272,batch_consumer-sts-0_20250707_215531_622197.csv,True,False,False,1751925379.8232613,608189.594745636
559445,1751924771.6338468,1751925330.000277,batch_consumer-sts-0_20250707_215531_622197.csv,True,False,False,1751925379.8232613,608189.4145011902
559455,1751924771.634029,1751925330.031765,batch_consumer-sts-0_20250707_215531_622197.csv,True,False,False,1751925379.8232613,608189.2323493958
559465,1751924771.6342163,1751925330.0613089,batch_consumer-sts-0_20250707_215531_622197.csv,True,False,False,1751925379.8232613,608189.0449523926
559475,1751924771.634396,1751925330.0884788,batch_consumer-sts-0_20250707_215531_622197.csv,True,False,False,1751925379.8232613,608188.8651847839
559485,1751924771.634601,1751925330.1156204,batch_consumer-sts-0_20250707_215531_622197.csv,True,False,False,1751925379.8232613,608188.6601448059
559495,1751924771.634809,1751925330.1427274,batch_consumer-sts-0_20250707_215531_622197.csv,True,False,False,1751925379.8232613,608188.4522438049
559505,1751924771.6356134,1751925330.1699443,batch_consumer-sts-0_20250707_215531_622197.csv,True,False,False,1751925379.8232613,608187.647819519
559515,1751924771.6358292,1751925330.1970923,batch_consumer-sts-0_20250707_215531_622197.csv,True,False,False,1751925379.8232613,608187.432050705
559525,1751924771.636043,1751925330.2240143,batch_consumer-sts-0_20250707_215531_622197.csv,True,False,False,1751925379.8232613,608187.2181892395
559535,1751924771.6362588,1751925330.2511988,batch_consumer-sts-0_20250707_215531_622197.csv,True,False,False,1751925379.8232613,608187.0024204254
559545,1751924771.6364682,1751925330.2787075,batch_consumer-sts-0_20250707_215531_622197.csv,True,False,False,1751925379.8232613,608186.793088913
559555,1751924771.636665,1751925330.3054156,batch_consumer-sts-0_20250707_215531_622197.csv,True,False,False,1751925379.8232613,608186.5961551666
559565,1751924771.6368408,1751925330.3326106,batch_consumer-sts-0_20250707_215531_622197.csv,True,False,False,1751925379.8232613,608186.4204406738
559575,1751924771.6370215,1751925330.3598084,batch_consumer-sts-0_20250707_215531_622197.csv,True,False,False,1751925379.8232613,608186.2397193909
559585,1751924771.6372015,1751925330.3862417,batch_consumer-sts-0_20250707_215531_622197.csv,True,False,False,1751925379.8232613,608186.0597133636
559595,1751924771.6373775,1751925330.4128222,batch_consumer-sts-0_20250707_215531_622197.csv,True,False,False,1751925379.8232613,608185.8837604523
559605,1751924771.637559,1751925330.4386206,batch_consumer-sts-0_20250707_215531_622197.csv,True,False,False,1751925379.8232613,608185.7023239136
559615,1751924771.637735,1751925330.4655795,batch_consumer-sts-0_20250707_215531_622197.csv,True,False,False,1751925379.8232613,608185.5263710022
559625,1751924771.637914,1751925330.4922173,batch_consumer-sts-0_20250707_215531_622197.csv,True,False,False,1751925379.8232613,608185.3473186493
559635,1751924771.6380897,1751925330.5188217,batch_consumer-sts-0_20250707_215531_622197.csv,True,False,False,1751925379.8232613,608185.1716041565
559645,1751924771.6383097,1751925330.5456991,batch_consumer-sts-0_20250707_215531_622197.csv,True,False,False,1751925379.8232613,608184.951543808
559655,1751924771.6385255,1751925330.5721238,batch_consumer-sts-0_20250707_215531_622197.csv,True,False,False,1751925379.8232613,608184.7357749939
559665,1751924771.6387398,1751925330.598513,batch_consumer-sts-0_20250707_215531_622197.csv,True,False,False,1751925379.8232613,608184.5214366913
559675,1751924771.6389596,1751925330.6248016,batch_consumer-sts-0_20250707_215531_622197.csv,True,False,False,1751925379.8232613,608184.3016147614
559685,1751924771.6391745,1751925330.6516137,batch_consumer-sts-0_20250707_215531_622197.csv,True,False,False,1751925379.8232613,608184.0867996216
559695,1751924771.6394076,1751925330.678092,batch_consumer-sts-0_20250707_215531_622197.csv,True,False,False,1751925379.8232613,608183.8536262512
559705,1751924771.6396227,1751925330.7048995,batch_consumer-sts-0_20250707_215531_622197.csv,True,False,False,1751925379.8232613,608183.6385726929
559715,1751924771.639826,1751925330.7337437,batch_consumer-sts-0_20250707_215531_622197.csv,True,False,False,1751925379.8232613,608183.4352016449
559725,1751924771.640004,1751925330.7607434,batch_consumer-sts-0_20250707_215531_622197.csv,True,False,False,1751925379.8232613,608183.2573413849
559735,1751924771.640191,1751925330.7878592,batch_consumer-sts-0_20250707_215531_622197.csv,True,False,False,1751925379.8232613,608183.0701828003
559745,1751924771.640391,1751925330.814175,batch_consumer-sts-0_20250707_215531_622197.csv,True,False,False,1751925379.8232613,608182.8701496124
559755,1751924771.6405802,1751925330.8403091,batch_consumer-sts-0_20250707_215531_622197.csv,True,False,False,1751925379.8232613,608182.6810836792
559765,1751924771.640775,1751925330.8670447,batch_consumer-sts-0_20250707_215531_622197.csv,True,False,False,1751925379.8232613,608182.4862957001
559775,1751924771.640973,1751925330.893582,batch_consumer-sts-0_20250707_215531_622197.csv,True,False,False,1751925379.8232613,608182.2881698608
559785,1751924771.641153,1751925330.919836,batch_consumer-sts-0_20250707_215531_622197.csv,True,False,False,1751925379.8232613,608182.1081638336
559795,1751924771.641337,1751925330.946877,batch_consumer-sts-0_20250707_215531_622197.csv,True,False,False,1751925379.8232613,608181.9243431091
559805,1751924771.6415188,1751925330.9735315,batch_consumer-sts-0_20250707_215531_622197.csv,True,False,False,1751925379.8232613,608181.7424297333
559815,1751924771.6417131,1751925331.000443,batch_consumer-sts-0_20250707_215531_622197.csv,True,False,False,1751925379.8232613,608181.5481185913
559825,1751924771.641897,1751925331.0274394,batch_consumer-sts-0_20250707_215531_622197.csv,True,False,False,1751925379.8232613,608181.3642978668
559835,1751924771.6420767,1751925331.0552602,batch_consumer-sts-0_20250707_215531_622197.csv,True,False,False,1751925379.8232613,608181.1845302582
559845,1751924771.6422975,1751925331.081752,batch_consumer-sts-0_20250707_215531_622197.csv,True,False,False,1751925379.8232613,608180.9637546539
559855,1751924771.642517,1751925331.1089714,batch_consumer-sts-0_20250707_215531_622197.csv,True,False,False,1751925379.8232613,608180.7441711426
559865,1751924771.642738,1751925331.1372898,batch_consumer-sts-0_20250707_215531_622197.csv,True,False,False,1751925379.8232613,608180.5231571198
559875,1751924771.6429565,1751925331.163905,batch_consumer-sts-0_20250707_215531_622197.csv,True,False,False,1751925379.8232613,608180.3047657013
559885,1751924771.6431706,1751925331.1914425,batch_consumer-sts-0_20250707_215531_622197.csv,True,False,False,1751925379.8232613,608180.0906658173
559895,1751924771.6434002,1751925331.2193227,batch_consumer-sts-0_20250707_215531_622197.csv,True,False,False,1751925379.8232613,608179.8610687256
559905,1751924771.643581,1751925331.246883,batch_consumer-sts-0_20250707_215531_622197.csv,True,False,False,1751925379.8232613,608179.6803474426
559915,1751924771.6437645,1751925331.269169,batch_consumer-sts-0_20250707_215531_622197.csv,True,False,False,1751925379.8232613,608179.4967651367
559925,1751924771.6439445,1751925331.2956436,batch_consumer-sts-0_20250707_215531_622197.csv,True,False,False,1751925379.8232613,608179.3167591095
559935,1751924771.6441271,1751925331.3223395,batch_consumer-sts-0_20250707_215531_622197.csv,True,False,False,1751925379.8232613,608179.1341304779
559945,1751924771.6443083,1751925331.350713,batch_consumer-sts-0_20250707_215531_622197.csv,True,False,False,1751925379.8232613,608178.9529323578
559955,1751924771.6444857,1751925331.3777378,batch_consumer-sts-0_20250707_215531_622197.csv,True,False,False,1751925379.8232613,608178.7755489349
559965,1751924771.644667,1751925331.40458,batch_consumer-sts-0_20250707_215531_622197.csv,True,False,False,1751925379.8232613,608178.5943508148
559975,1751924771.6448708,1751925331.4321177,batch_consumer-sts-0_20250707_215531_622197.csv,True,False,False,1751925379.8232613,608178.3905029297
559985,1751924771.6450872,1751925331.4591022,batch_consumer-sts-0_20250707_215531_622197.csv,True,False,False,1751925379.8232613,608178.1740188599
559995,1751924771.645284,1751925331.4864552,batch_consumer-sts-0_20250707_215531_622197.csv,True,False,False,1751925379.8232613,608177.9773235321
560005,1751924771.6454737,1751925331.5129428,batch_consumer-sts-0_20250707_215531_622197.csv,True,False,False,1751925379.8232613,608177.7875423431
560015,1751924771.6456685,1751925331.5402226,batch_consumer-sts-0_20250707_215531_622197.csv,True,False,False,1751925379.8232613,608177.592754364
560025,1751924771.6458552,1751925331.5673816,batch_consumer-sts-0_20250707_215531_622197.csv,True,False,False,1751925379.8232613,608177.4060726166
560035,1751924771.6460536,1751925331.5946808,batch_consumer-sts-0_20250707_215531_622197.csv,True,False,False,1751925379.8232613,608177.2077083588
560045,1751924771.6462646,1751925331.8318155,batch_consumer-sts-0_20250707_215551_358599.csv,True,False,False,1751925379.8232613,608176.9967079163
560055,1751924771.6465006,1751925332.403761,batch_consumer-sts-0_20250707_215551_358599.csv,True,False,False,1751925379.8232613,608176.760673523
560065,1751924771.6467955,1751925332.431861,batch_consumer-sts-0_20250707_215551_358599.csv,True,False,False,1751925379.8232613,608176.4657497406
560075,1751924771.647436,1751925332.4630263,batch_consumer-sts-0_20250707_215551_358599.csv,True,False,False,1751925379.8232613,608175.8253574371
560085,1751924771.6479752,1751925332.4909,batch_consumer-sts-0_20250707_215551_358599.csv,True,False,False,1751925379.8232613,608175.2860546112
560095,1751924771.6481829,1751925332.5182793,batch_consumer-sts-0_20250707_215551_358599.csv,True,False,False,1751925379.8232613,608175.0783920288
560105,1751924771.6483738,1751925332.5451658,batch_consumer-sts-0_20250707_215551_358599.csv,True,False,False,1751925379.8232613,608174.887418747
560115,1751924771.6485636,1751925332.5726788,batch_consumer-sts-0_20250707_215551_358599.csv,True,False,False,1751925379.8232613,608174.697637558
560125,1751924771.6487558,1751925332.5999062,batch_consumer-sts-0_20250707_215551_358599.csv,True,False,False,1751925379.8232613,608174.5054721832
560135,1751924771.648947,1751925332.6272454,batch_consumer-sts-0_20250707_215551_358599.csv,True,False,False,1751925379.8232613,608174.3142604828
560145,1751924771.6491344,1751925332.6541994,batch_consumer-sts-0_20250707_215551_358599.csv,True,False,False,1751925379.8232613,608174.1268634796
560155,1751924771.649327,1751925332.6805184,batch_consumer-sts-0_20250707_215551_358599.csv,True,False,False,1751925379.8232613,608173.9342212677
560165,1751924771.649522,1751925332.7079062,batch_consumer-sts-0_20250707_215551_358599.csv,True,False,False,1751925379.8232613,608173.73919487
560175,1751924771.6497178,1751925332.735861,batch_consumer-sts-0_20250707_215551_358599.csv,True,False,False,1751925379.8232613,608173.5434532166
560185,1751924771.6499114,1751925332.7636163,batch_consumer-sts-0_20250707_215551_358599.csv,True,False,False,1751925379.8232613,608173.3498573303
560195,1751924771.6501012,1751925332.7913344,batch_consumer-sts-0_20250707_215551_358599.csv,True,False,False,1751925379.8232613,608173.1600761414
560205,1751924771.650302,1751925332.8184114,batch_consumer-sts-0_20250707_215551_358599.csv,True,False,False,1751925379.8232613,608172.9593276978
560215,1751924771.6504972,1751925332.8463995,batch_consumer-sts-0_20250707_215551_358599.csv,True,False,False,1751925379.8232613,608172.7640628815
560225,1751924771.6506965,1751925332.8783717,batch_consumer-sts-0_20250707_215551_358599.csv,True,False,False,1751925379.8232613,608172.5647449493
560235,1751924771.6511707,1751925332.9061155,batch_consumer-sts-0_20250707_215551_358599.csv,True,False,False,1751925379.8232613,608172.0905303955
560245,1751924771.6513548,1751925333.934754,batch_consumer-sts-0_20250707_215551_358599.csv,True,False,False,1751925379.8232613,608171.9064712524
560255,1751924771.6515386,1751925333.9624236,batch_consumer-sts-0_20250707_215551_358599.csv,True,False,False,1751925379.8232613,608171.722650528
560265,1751924771.651727,1751925333.9890444,batch_consumer-sts-0_20250707_215551_358599.csv,True,False,False,1751925379.8232613,608171.5342998505
560275,1751924771.6519194,1751925334.0151677,batch_consumer-sts-0_20250707_215551_358599.csv,True,False,False,1751925379.8232613,608171.3418960571
560285,1751924771.6521175,1751925334.0424526,batch_consumer-sts-0_20250707_215551_358599.csv,True,False,False,1751925379.8232613,608171.1437702179
560295,1751924771.6522958,1751925334.0697458,batch_consumer-sts-0_20250707_215551_358599.csv,True,False,False,1751925379.8232613,608170.9654331207
560305,1751924771.6524737,1751925334.0967915,batch_consumer-sts-0_20250707_215551_358599.csv,True,False,False,1751925379.8232613,608170.7875728607
560315,1751924771.6526575,1751925334.125204,batch_consumer-sts-0_20250707_215551_358599.csv,True,False,False,1751925379.8232613,608170.6037521362
560325,1751924771.6528344,1751925334.1520846,batch_consumer-sts-0_20250707_215551_358599.csv,True,False,False,1751925379.8232613,608170.4268455505
560335,1751924771.6530106,1751925334.1787407,batch_consumer-sts-0_20250707_215551_358599.csv,True,False,False,1751925379.8232613,608170.2506542206
560345,1751924771.6531937,1751925334.2052703,batch_consumer-sts-0_20250707_215551_358599.csv,True,False,False,1751925379.8232613,608170.0675487518
560355,1751924771.6533763,1751925334.416151,batch_consumer-sts-0_20250707_215551_358599.csv,True,False,False,1751925379.8232613,608169.8849201202
560365,1751924771.6538768,1751925334.443267,batch_consumer-sts-0_20250707_215551_358599.csv,True,False,False,1751925379.8232613,608169.3844795227
560375,1751924771.6540678,1751925334.4702897,batch_consumer-sts-0_20250707_215551_358599.csv,True,False,False,1751925379.8232613,608169.1935062408
560385,1751924771.6542587,1751925334.4987402,batch_consumer-sts-0_20250707_215551_358599.csv,True,False,False,1751925379.8232613,608169.002532959
560395,1751924771.6544404,1751925334.5256295,batch_consumer-sts-0_20250707_215551_358599.csv,True,False,False,1751925379.8232613,608168.8208580017
560405,1751924771.6546288,1751925334.5526366,batch_consumer-sts-0_20250707_215551_358599.csv,True,False,False,1751925379.8232613,608168.6325073242
560415,1751924771.6548245,1751925334.5802968,batch_consumer-sts-0_20250707_215551_358599.csv,True,False,False,1751925379.8232613,608168.4367656708
560425,1751924771.6550016,1751925334.6068237,batch_consumer-sts-0_20250707_215551_358599.csv,True,False,False,1751925379.8232613,608168.2596206665
560435,1751924771.6551757,1751925334.6334538,batch_consumer-sts-0_20250707_215551_358599.csv,True,False,False,1751925379.8232613,608168.0855751038
560445,1751924771.6553526,1751925334.6606169,batch_consumer-sts-0_20250707_215551_358599.csv,True,False,False,1751925379.8232613,608167.9086685181
560455,1751924771.655539,1751925334.6873205,batch_consumer-sts-0_20250707_215551_358599.csv,True,False,False,1751925379.8232613,608167.7222251892
560465,1751924771.6557095,1751925334.7138689,batch_consumer-sts-0_20250707_215551_358599.csv,True,False,False,1751925379.8232613,608167.5517559052
560475,1751924771.655882,1751925334.740155,batch_consumer-sts-0_20250707_215551_358599.csv,True,False,False,1751925379.8232613,608167.3793792725
560485,1751924771.6560545,1751925334.767599,batch_consumer-sts-0_20250707_215551_358599.csv,True,False,False,1751925379.8232613,608167.2067642212
560495,1751924771.6562276,1751925334.7944224,batch_consumer-sts-0_20250707_215551_358599.csv,True,False,False,1751925379.8232613,608167.0336723328
560505,1751924771.6563995,1751925334.8202124,batch_consumer-sts-0_20250707_215551_358599.csv,True,False,False,1751925379.8232613,608166.8617725372
560515,1751924771.6565733,1751925334.8471932,batch_consumer-sts-0_20250707_215551_358599.csv,True,False,False,1751925379.8232613,608166.6879653931
560525,1751924771.6567495,1751925334.874061,batch_consumer-sts-0_20250707_215551_358599.csv,True,False,False,1751925379.8232613,608166.5117740631
560535,1751924771.6569262,1751925334.900872,batch_consumer-sts-0_20250707_215551_358599.csv,True,False,False,1751925379.8232613,608166.335105896
560545,1751924771.6570992,1751925334.9279358,batch_consumer-sts-0_20250707_215551_358599.csv,True,False,False,1751925379.8232613,608166.1620140076
560555,1751924771.657268,1751925334.9548695,batch_consumer-sts-0_20250707_215551_358599.csv,True,False,False,1751925379.8232613,608165.9932136536
560565,1751924771.6574457,1751925334.9817731,batch_consumer-sts-0_20250707_215551_358599.csv,True,False,False,1751925379.8232613,608165.8155918121
560575,1751924771.6576242,1751925335.0077262,batch_consumer-sts-0_20250707_215551_358599.csv,True,False,False,1751925379.8232613,608165.6370162964
560585,1751924771.6577969,1751925335.033718,batch_consumer-sts-0_20250707_215551_358599.csv,True,False,False,1751925379.8232613,608165.4644012451
560595,1751924771.6579714,1751925335.060588,batch_consumer-sts-0_20250707_215551_358599.csv,True,False,False,1751925379.8232613,608165.2898788452
560605,1751924771.6581707,1751925335.0876293,batch_consumer-sts-0_20250707_215551_358599.csv,True,False,False,1751925379.8232613,608165.0905609131
560615,1751924771.658349,1751925335.114674,batch_consumer-sts-0_20250707_215551_358599.csv,True,False,False,1751925379.8232613,608164.9122238159
560625,1751924771.6585236,1751925335.141241,batch_consumer-sts-0_20250707_215551_358599.csv,True,False,False,1751925379.8232613,608164.737701416
560635,1751924771.6587057,1751925335.1680272,batch_consumer-sts-0_20250707_215551_358599.csv,True,False,False,1751925379.8232613,608164.5555496216
560645,1751924771.6588829,1751925335.1959178,batch_consumer-sts-0_20250707_215551_358599.csv,True,False,False,1751925379.8232613,608164.3784046173
560655,1751924771.6590652,1751925335.2223706,batch_consumer-sts-0_20250707_215551_358599.csv,True,False,False,1751925379.8232613,608164.1960144043
560665,1751924771.6592455,1751925335.2486346,batch_consumer-sts-0_20250707_215551_358599.csv,True,False,False,1751925379.8232613,608164.0157699585
560675,1751924771.6594229,1751925335.275764,batch_consumer-sts-0_20250707_215551_358599.csv,True,False,False,1751925379.8232613,608163.8383865356
560685,1751924771.6596043,1751925335.3031852,batch_consumer-sts-0_20250707_215551_358599.csv,True,False,False,1751925379.8232613,608163.656949997
560695,1751924771.6597908,1751925335.3303752,batch_consumer-sts-0_20250707_215551_358599.csv,True,False,False,1751925379.8232613,608163.4705066681
560705,1751924771.6599743,1751925335.3572836,batch_consumer-sts-0_20250707_215551_358599.csv,True,False,False,1751925379.8232613,608163.2869243622
560715,1751924771.6601553,1751925335.3842614,batch_consumer-sts-0_20250707_215551_358599.csv,True,False,False,1751925379.8232613,608163.1059646606
560725,1751924771.6603456,1751925335.4104557,batch_consumer-sts-0_20250707_215551_358599.csv,True,False,False,1751925379.8232613,608162.9157066345
560735,1751924771.6605222,1751925335.4377062,batch_consumer-sts-0_20250707_215551_358599.csv,True,False,False,1751925379.8232613,608162.7390384674
560745,1751924771.6607027,1751925335.4648385,batch_consumer-sts-0_20250707_215551_358599.csv,True,False,False,1751925379.8232613,608162.558555603
560755,1751924771.6608796,1751925335.4942555,batch_consumer-sts-0_20250707_215551_358599.csv,True,False,False,1751925379.8232613,608162.3816490173
560765,1751924771.6610625,1751925335.5204003,batch_consumer-sts-0_20250707_215551_358599.csv,True,False,False,1751925379.8232613,608162.1987819672
560775,1751924771.661408,1751925335.547299,batch_consumer-sts-0_20250707_215551_358599.csv,True,False,False,1751925379.8232613,608161.853313446
560785,1751924771.661601,1751925335.574189,batch_consumer-sts-0_20250707_215551_358599.csv,True,False,False,1751925379.8232613,608161.660194397
560795,1751924771.661781,1751925335.600868,batch_consumer-sts-0_20250707_215551_358599.csv,True,False,False,1751925379.8232613,608161.4801883698
560805,1751924771.6619625,1751925335.6301768,batch_consumer-sts-0_20250707_215551_358599.csv,True,False,False,1751925379.8232613,608161.298751831
560815,1751924771.6621442,1751925335.658152,batch_consumer-sts-0_20250707_215551_358599.csv,True,False,False,1751925379.8232613,608161.1170768738
560825,1751924771.6623342,1751925335.6858137,batch_consumer-sts-0_20250707_215551_358599.csv,True,False,False,1751925379.8232613,608160.9270572662
560835,1751924771.6625202,1751925335.7120397,batch_consumer-sts-0_20250707_215551_358599.csv,True,False,False,1751925379.8232613,608160.7410907745
560845,1751924771.662701,1751925335.7393072,batch_consumer-sts-0_20250707_215551_358599.csv,True,False,False,1751925379.8232613,608160.5603694916
560855,1751924771.6629071,1751925335.766146,batch_consumer-sts-0_20250707_215551_358599.csv,True,False,False,1751925379.8232613,608160.3541374207
560865,1751924771.6630957,1751925335.7915509,batch_consumer-sts-0_20250707_215551_358599.csv,True,False,False,1751925379.8232613,608160.1655483246
560875,1751924771.6632807,1751925335.8173714,batch_consumer-sts-0_20250707_215551_358599.csv,True,False,False,1751925379.8232613,608159.9805355072
560885,1751924771.6634817,1751925335.8439178,batch_consumer-sts-0_20250707_215551_358599.csv,True,False,False,1751925379.8232613,608159.779548645
560895,1751924771.6636622,1751925335.871011,batch_consumer-sts-0_20250707_215551_358599.csv,True,False,False,1751925379.8232613,608159.5990657806
560905,1751924771.663847,1751925335.897475,batch_consumer-sts-0_20250707_215551_358599.csv,True,False,False,1751925379.8232613,608159.4142913818
560915,1751924771.6640332,1751925335.924189,batch_consumer-sts-0_20250707_215551_358599.csv,True,False,False,1751925379.8232613,608159.2280864716
560925,1751924771.6642127,1751925335.950986,batch_consumer-sts-0_20250707_215551_358599.csv,True,False,False,1751925379.8232613,608159.0485572815
560935,1751924771.6643903,1751925335.977845,batch_consumer-sts-0_20250707_215551_358599.csv,True,False,False,1751925379.8232613,608158.8709354401
560945,1751924771.6645756,1751925336.004508,batch_consumer-sts-0_20250707_215551_358599.csv,True,False,False,1751925379.8232613,608158.6856842041
560955,1751924771.6647546,1751925336.0312505,batch_consumer-sts-0_20250707_215551_358599.csv,True,False,False,1751925379.8232613,608158.5066318512
560965,1751924771.6649363,1751925336.0584,batch_consumer-sts-0_20250707_215551_358599.csv,True,False,False,1751925379.8232613,608158.3249568939
560975,1751924771.6651218,1751925336.0854597,batch_consumer-sts-0_20250707_215551_358599.csv,True,False,False,1751925379.8232613,608158.1394672394
560985,1751924771.665294,1751925336.1118882,batch_consumer-sts-0_20250707_215551_358599.csv,True,False,False,1751925379.8232613,608157.9673290253
560995,1751924771.6654882,1751925336.1387656,batch_consumer-sts-0_20250707_215551_358599.csv,True,False,False,1751925379.8232613,608157.7730178833
561005,1751924771.665666,1751925336.1660583,batch_consumer-sts-0_20250707_215551_358599.csv,True,False,False,1751925379.8232613,608157.5951576233
561015,1751924771.6658428,1751925336.193669,batch_consumer-sts-0_20250707_215551_358599.csv,True,False,False,1751925379.8232613,608157.4184894562
561025,1751924771.666023,1751925336.2201564,batch_consumer-sts-0_20250707_215551_358599.csv,True,False,False,1751925379.8232613,608157.2382450104
561035,1751924771.6662123,1751925336.2470517,batch_consumer-sts-0_20250707_215551_358599.csv,True,False,False,1751925379.8232613,608157.0489406586
561045,1751924771.666394,1751925336.2705514,batch_consumer-sts-0_20250707_215551_358599.csv,True,False,False,1751925379.8232613,608156.8672657013
561055,1751924771.666574,1751925336.298029,batch_consumer-sts-0_20250707_215551_358599.csv,True,False,False,1751925379.8232613,608156.6872596741
561065,1751924771.6667564,1751925336.325467,batch_consumer-sts-0_20250707_215551_358599.csv,True,False,False,1751925379.8232613,608156.5048694611
561075,1751924771.6669395,1751925336.352432,batch_consumer-sts-0_20250707_215551_358599.csv,True,False,False,1751925379.8232613,608156.3217639923
561085,1751924771.6671216,1751925336.3800657,batch_consumer-sts-0_20250707_215551_358599.csv,True,False,False,1751925379.8232613,608156.1396121979
561095,1751924771.6672995,1751925336.4077823,batch_consumer-sts-0_20250707_215551_358599.csv,True,False,False,1751925379.8232613,608155.9617519379
561105,1751924771.6674757,1751925336.435932,batch_consumer-sts-0_20250707_215551_358599.csv,True,False,False,1751925379.8232613,608155.7855606079
561115,1751924771.667658,1751925336.462714,batch_consumer-sts-0_20250707_215551_358599.csv,True,False,False,1751925379.8232613,608155.6031703949
561125,1751924771.6678388,1751925336.4893212,batch_consumer-sts-0_20250707_215551_358599.csv,True,False,False,1751925379.8232613,608155.4224491119
561135,1751924771.6680162,1751925336.515772,batch_consumer-sts-0_20250707_215551_358599.csv,True,False,False,1751925379.8232613,608155.2450656891
561145,1751924771.6681976,1751925336.5433724,batch_consumer-sts-0_20250707_215551_358599.csv,True,False,False,1751925379.8232613,608155.0636291504
561155,1751924771.6683812,1751925336.5701663,batch_consumer-sts-0_20250707_215551_358599.csv,True,False,False,1751925379.8232613,608154.8800468445
561165,1751924771.6685672,1751925336.5973127,batch_consumer-sts-0_20250707_215551_358599.csv,True,False,False,1751925379.8232613,608154.6940803528
561175,1751924771.6687522,1751925336.6263764,batch_consumer-sts-0_20250707_215551_358599.csv,True,False,False,1751925379.8232613,608154.5090675354
561185,1751924771.6689315,1751925336.6541576,batch_consumer-sts-0_20250707_215551_358599.csv,True,False,False,1751925379.8232613,608154.3297767639
561195,1751924771.6691344,1751925336.681523,batch_consumer-sts-0_20250707_215551_358599.csv,True,False,False,1751925379.8232613,608154.1268825531
561205,1751924771.6693273,1751925336.7073672,batch_consumer-sts-0_20250707_215551_358599.csv,True,False,False,1751925379.8232613,608153.9340019226
561215,1751924771.669523,1751925336.73516,batch_consumer-sts-0_20250707_215551_358599.csv,True,False,False,1751925379.8232613,608153.7382602692
561225,1751924771.669724,1751925336.761816,batch_consumer-sts-0_20250707_215551_358599.csv,True,False,False,1751925379.8232613,608153.537273407
561235,1751924771.6699088,1751925337.0653722,batch_consumer-sts-0_20250707_215551_358599.csv,True,False,False,1751925379.8232613,608153.3524990082
561245,1751924771.6700888,1751925337.0920992,batch_consumer-sts-0_20250707_215551_358599.csv,True,False,False,1751925379.8232613,608153.172492981
561255,1751924771.670291,1751925337.1183913,batch_consumer-sts-0_20250707_215551_358599.csv,True,False,False,1751925379.8232613,608152.9703140259
561265,1751924771.6704826,1751925337.1453598,batch_consumer-sts-0_20250707_215551_358599.csv,True,False,False,1751925379.8232613,608152.7786254883
561275,1751924771.6706705,1751925337.1756482,batch_consumer-sts-0_20250707_215551_358599.csv,True,False,False,1751925379.8232613,608152.590751648
561285,1751924771.670859,1751925337.2028058,batch_consumer-sts-0_20250707_215551_358599.csv,True,False,False,1751925379.8232613,608152.4021625519
561295,1751924771.6710503,1751925337.2362332,batch_consumer-sts-0_20250707_215551_358599.csv,True,False,False,1751925379.8232613,608152.2109508514
561305,1751924771.6712413,1751925337.263105,batch_consumer-sts-0_20250707_215551_358599.csv,True,False,False,1751925379.8232613,608152.0199775696
561315,1751924771.6714396,1751925337.2914972,batch_consumer-sts-0_20250707_215551_358599.csv,True,False,False,1751925379.8232613,608151.8216133118
561325,1751924771.67162,1751925337.3180535,batch_consumer-sts-0_20250707_215551_358599.csv,True,False,False,1751925379.8232613,608151.641368866
561335,1751924771.6717932,1751925337.3456936,batch_consumer-sts-0_20250707_215551_358599.csv,True,False,False,1751925379.8232613,608151.468038559
561345,1751924771.6719773,1751925337.3728786,batch_consumer-sts-0_20250707_215551_358599.csv,True,False,False,1751925379.8232613,608151.2839794159
561355,1751924771.6721566,1751925337.4001703,batch_consumer-sts-0_20250707_215551_358599.csv,True,False,False,1751925379.8232613,608151.1046886444
561365,1751924771.6723497,1751925337.4268034,batch_consumer-sts-0_20250707_215551_358599.csv,True,False,False,1751925379.8232613,608150.9115695953
561375,1751924771.6725416,1751925337.4534736,batch_consumer-sts-0_20250707_215551_358599.csv,True,False,False,1751925379.8232613,608150.7196426392
561385,1751924771.6727166,1751925337.4802043,batch_consumer-sts-0_20250707_215551_358599.csv,True,False,False,1751925379.8232613,608150.5446434021
561395,1751924771.672902,1751925337.5067873,batch_consumer-sts-0_20250707_215551_358599.csv,True,False,False,1751925379.8232613,608150.3591537476
561405,1751924771.673089,1751925337.5337305,batch_consumer-sts-0_20250707_215551_358599.csv,True,False,False,1751925379.8232613,608150.1722335815
561415,1751924771.6732664,1751925337.55996,batch_consumer-sts-0_20250707_215551_358599.csv,True,False,False,1751925379.8232613,608149.9948501587
561425,1751924771.673443,1751925337.5871117,batch_consumer-sts-0_20250707_215551_358599.csv,True,False,False,1751925379.8232613,608149.8181819916
561435,1751924771.6736252,1751925337.6131246,batch_consumer-sts-0_20250707_215551_358599.csv,True,False,False,1751925379.8232613,608149.6360301971
561445,1751924771.6738243,1751925337.6400132,batch_consumer-sts-0_20250707_215551_358599.csv,True,False,False,1751925379.8232613,608149.4369506836
561455,1751924771.674023,1751925337.667331,batch_consumer-sts-0_20250707_215551_358599.csv,True,False,False,1751925379.8232613,608149.2383480072
561465,1751924771.6742282,1751925337.6945603,batch_consumer-sts-0_20250707_215551_358599.csv,True,False,False,1751925379.8232613,608149.0330696106
561475,1751924771.674579,1751925337.7207882,batch_consumer-sts-0_20250707_215551_358599.csv,True,False,False,1751925379.8232613,608148.6823558807
561485,1751924771.6747603,1751925337.7479012,batch_consumer-sts-0_20250707_215551_358599.csv,True,False,False,1751925379.8232613,608148.500919342
561495,1751924771.6750972,1751925337.7753732,batch_consumer-sts-0_20250707_215551_358599.csv,True,False,False,1751925379.8232613,608148.1640338898
561505,1751924771.675282,1751925337.8018086,batch_consumer-sts-0_20250707_215551_358599.csv,True,False,False,1751925379.8232613,608147.979259491
561515,1751924771.6754649,1751925337.8306556,batch_consumer-sts-0_20250707_215551_358599.csv,True,False,False,1751925379.8232613,608147.7963924408
561525,1751924771.6756384,1751925337.8580425,batch_consumer-sts-0_20250707_215551_358599.csv,True,False,False,1751925379.8232613,608147.6228237152
561535,1751924771.6758163,1751925337.884597,batch_consumer-sts-0_20250707_215551_358599.csv,True,False,False,1751925379.8232613,608147.4449634552
561545,1751924771.675997,1751925337.912238,batch_consumer-sts-0_20250707_215551_358599.csv,True,False,False,1751925379.8232613,608147.2642421722
561555,1751924771.6761808,1751925337.9387827,batch_consumer-sts-0_20250707_215551_358599.csv,True,False,False,1751925379.8232613,608147.0804214478
561565,1751924771.6763546,1751925337.9670055,batch_consumer-sts-0_20250707_215551_358599.csv,True,False,False,1751925379.8232613,608146.9066143036
561575,1751924771.6765375,1751925337.9945269,batch_consumer-sts-0_20250707_215551_358599.csv,True,False,False,1751925379.8232613,608146.7237472534
561585,1751924771.6767232,1751925338.021398,batch_consumer-sts-0_20250707_215551_358599.csv,True,False,False,1751925379.8232613,608146.5380191803
561595,1751924771.6768954,1751925338.048928,batch_consumer-sts-0_20250707_215551_358599.csv,True,False,False,1751925379.8232613,608146.3658809662
561605,1751924771.677066,1751925338.0767417,batch_consumer-sts-0_20250707_215551_358599.csv,True,False,False,1751925379.8232613,608146.1951732635
561615,1751924771.6772563,1751925338.1050372,batch_consumer-sts-0_20250707_215551_358599.csv,True,False,False,1751925379.8232613,608146.0049152374
561625,1751924771.677439,1751925338.133428,batch_consumer-sts-0_20250707_215551_358599.csv,True,False,False,1751925379.8232613,608145.8222866058
561635,1751924771.6776164,1751925338.1609192,batch_consumer-sts-0_20250707_215551_358599.csv,True,False,False,1751925379.8232613,608145.644903183
561645,1751924771.6777918,1751925339.1900473,batch_consumer-sts-0_20250707_215551_358599.csv,True,False,False,1751925379.8232613,608145.4694271088
561655,1751924771.6779668,1751925339.2134333,batch_consumer-sts-0_20250707_215551_358599.csv,True,False,False,1751925379.8232613,608145.2944278717
561665,1751924771.6781456,1751925339.2407546,batch_consumer-sts-0_20250707_215551_358599.csv,True,False,False,1751925379.8232613,608145.1156139374
561675,1751924771.678337,1751925339.268005,batch_consumer-sts-0_20250707_215551_358599.csv,True,False,False,1751925379.8232613,608144.9241638184
561685,1751924771.678517,1751925339.295111,batch_consumer-sts-0_20250707_215551_358599.csv,True,False,False,1751925379.8232613,608144.7441577911
561695,1751924771.6786995,1751925339.3213089,batch_consumer-sts-0_20250707_215551_358599.csv,True,False,False,1751925379.8232613,608144.5617675781
561705,1751924771.678896,1751925339.3957002,batch_consumer-sts-0_20250707_215551_358599.csv,True,False,False,1751925379.8232613,608144.365310669
561715,1751924771.6790717,1751925339.422013,batch_consumer-sts-0_20250707_215551_358599.csv,True,False,False,1751925379.8232613,608144.1895961761
561725,1751924771.6792498,1751925339.4489582,batch_consumer-sts-0_20250707_215551_358599.csv,True,False,False,1751925379.8232613,608144.0114974976
561735,1751924771.6794295,1751925339.475623,batch_consumer-sts-0_20250707_215551_358599.csv,True,False,False,1751925379.8232613,608143.8317298889
561745,1751924771.6796014,1751925339.5030527,batch_consumer-sts-0_20250707_215551_358599.csv,True,False,False,1751925379.8232613,608143.6598300934
561755,1751924771.6797783,1751925339.530332,batch_consumer-sts-0_20250707_215551_358599.csv,True,False,False,1751925379.8232613,608143.4829235077
561765,1751924771.6799548,1751925339.558514,batch_consumer-sts-0_20250707_215551_358599.csv,True,False,False,1751925379.8232613,608143.3064937592
561775,1751924771.680155,1751925339.585531,batch_consumer-sts-0_20250707_215551_358599.csv,True,False,False,1751925379.8232613,608143.1062221527
561785,1751924771.6803355,1751925339.6120088,batch_consumer-sts-0_20250707_215551_358599.csv,True,False,False,1751925379.8232613,608142.9257392883
561795,1751924771.680517,1751925339.63846,batch_consumer-sts-0_20250707_215551_358599.csv,True,False,False,1751925379.8232613,608142.7443027496
561805,1751924771.6807,1751925339.6650095,batch_consumer-sts-0_20250707_215551_358599.csv,True,False,False,1751925379.8232613,608142.5611972809
561815,1751924771.6808834,1751925339.6918004,batch_consumer-sts-0_20250707_215551_358599.csv,True,False,False,1751925379.8232613,608142.3778533936
561825,1751924771.681063,1751925339.718221,batch_consumer-sts-0_20250707_215551_358599.csv,True,False,False,1751925379.8232613,608142.1983242035
561835,1751924771.6812458,1751925339.7452142,batch_consumer-sts-0_20250707_215551_358599.csv,True,False,False,1751925379.8232613,608142.0154571533
561845,1751924771.6814277,1751925339.7759008,batch_consumer-sts-0_20250707_215551_358599.csv,True,False,False,1751925379.8232613,608141.8335437775
561855,1751924771.6816092,1751925339.8029883,batch_consumer-sts-0_20250707_215551_358599.csv,True,False,False,1751925379.8232613,608141.6521072388
561865,1751924771.6817918,1751925339.8308463,batch_consumer-sts-0_20250707_215551_358599.csv,True,False,False,1751925379.8232613,608141.4694786072
561875,1751924771.6819863,1751925339.857247,batch_consumer-sts-0_20250707_215551_358599.csv,True,False,False,1751925379.8232613,608141.2749290466
561885,1751924771.6821845,1751925339.8841317,batch_consumer-sts-0_20250707_215551_358599.csv,True,False,False,1751925379.8232613,608141.0768032074
561895,1751924771.682366,1751925339.9125156,batch_consumer-sts-0_20250707_215551_358599.csv,True,False,False,1751925379.8232613,608140.8953666687
561905,1751924771.6825433,1751925339.9396038,batch_consumer-sts-0_20250707_215551_358599.csv,True,False,False,1751925379.8232613,608140.7179832458
561915,1751924771.6827197,1751925339.966958,batch_consumer-sts-0_20250707_215551_358599.csv,True,False,False,1751925379.8232613,608140.5415534973
561925,1751924771.6828976,1751925339.99398,batch_consumer-sts-0_20250707_215551_358599.csv,True,False,False,1751925379.8232613,608140.3636932373
561935,1751924771.6830795,1751925340.02001,batch_consumer-sts-0_20250707_215551_358599.csv,True,False,False,1751925379.8232613,608140.1817798615
561945,1751924771.68326,1751925340.0472145,batch_consumer-sts-0_20250707_215551_358599.csv,True,False,False,1751925379.8232613,608140.0012969971
561955,1751924771.683436,1751925340.0776074,batch_consumer-sts-0_20250707_215551_358599.csv,True,False,False,1751925379.8232613,608139.8253440857
561965,1751924771.6836133,1751925340.1047542,batch_consumer-sts-0_20250707_215551_358599.csv,True,False,False,1751925379.8232613,608139.6479606628
561975,1751924771.6837924,1751925340.131508,batch_consumer-sts-0_20250707_215551_358599.csv,True,False,False,1751925379.8232613,608139.4689083099
561985,1751924771.6839693,1751925340.1582527,batch_consumer-sts-0_20250707_215551_358599.csv,True,False,False,1751925379.8232613,608139.2920017242
561995,1751924771.68439,1751925340.1853662,batch_consumer-sts-0_20250707_215551_358599.csv,True,False,False,1751925379.8232613,608138.8711929321
562005,1751924771.68481,1751925340.2118778,batch_consumer-sts-0_20250707_215551_358599.csv,True,False,False,1751925379.8232613,608138.4513378143
562015,1751924771.684982,1751925340.239439,batch_consumer-sts-0_20250707_215551_358599.csv,True,False,False,1751925379.8232613,608138.2791996002
562025,1751924771.6851666,1751925340.2662916,batch_consumer-sts-0_20250707_215551_358599.csv,True,False,False,1751925379.8232613,608138.09466362
562035,1751924771.6853442,1751925340.293381,batch_consumer-sts-0_20250707_215551_358599.csv,True,False,False,1751925379.8232613,608137.9170417786
562045,1751924771.685584,1751925340.319867,batch_consumer-sts-0_20250707_215551_358599.csv,True,False,False,1751925379.8232613,608137.677192688
562055,1751924771.6858485,1751925340.3472917,batch_consumer-sts-0_20250707_215551_358599.csv,True,False,False,1751925379.8232613,608137.4127864838
578855,1751924772.0480974,1751925340.374212,batch_consumer-sts-0_20250707_215551_358599.csv,True,False,False,1751925379.8232613,607775.1638889313
578865,1751924772.048277,1751925340.4012785,batch_consumer-sts-0_20250707_215551_358599.csv,True,False,False,1751925379.8232613,607774.9843597412
578875,1751924772.0484817,1751925340.4288962,batch_consumer-sts-0_20250707_215551_358599.csv,True,False,False,1751925379.8232613,607774.7795581818
578885,1751924772.048663,1751925340.456166,batch_consumer-sts-0_20250707_215551_358599.csv,True,False,False,1751925379.8232613,607774.5983600616
578895,1751924772.0488424,1751925340.4829838,batch_consumer-sts-0_20250707_215551_358599.csv,True,False,False,1751925379.8232613,607774.4188308716
578905,1751924772.0490253,1751925340.5081675,batch_consumer-sts-0_20250707_215551_358599.csv,True,False,False,1751925379.8232613,607774.2359638214
578915,1751924772.049208,1751925340.535775,batch_consumer-sts-0_20250707_215551_358599.csv,True,False,False,1751925379.8232613,607774.0533351898
578925,1751924772.0493877,1751925340.562497,batch_consumer-sts-0_20250707_215551_358599.csv,True,False,False,1751925379.8232613,607773.8735675812
578935,1751924772.0495672,1751925340.589369,batch_consumer-sts-0_20250707_215551_358599.csv,True,False,False,1751925379.8232613,607773.6940383911
578945,1751924772.0497515,1751925340.6158752,batch_consumer-sts-0_20250707_215551_358599.csv,True,False,False,1751925379.8232613,607773.5097408295
578955,1751924772.0499315,1751925340.6427202,batch_consumer-sts-0_20250707_215551_358599.csv,True,False,False,1751925379.8232613,607773.3297348022
578965,1751924772.0501134,1751925340.6695848,batch_consumer-sts-0_20250707_215551_358599.csv,True,False,False,1751925379.8232613,607773.1478214264
578975,1751924772.0503232,1751925340.7004857,batch_consumer-sts-0_20250707_215551_358599.csv,True,False,False,1751925379.8232613,607772.9380130768
578985,1751924772.0505185,1751925340.730593,batch_consumer-sts-0_20250707_215551_358599.csv,True,False,False,1751925379.8232613,607772.7427482605
578995,1751924772.0507102,1751925340.7577682,batch_consumer-sts-0_20250707_215551_358599.csv,True,False,False,1751925379.8232613,607772.5510597229
579005,1751924772.0509062,1751925340.7849464,batch_consumer-sts-0_20250707_215551_358599.csv,True,False,False,1751925379.8232613,607772.3550796509
579015,1751924772.0510995,1751925340.8117228,batch_consumer-sts-0_20250707_215551_358599.csv,True,False,False,1751925379.8232613,607772.1617221832
579025,1751924772.0513313,1751925340.8387787,batch_consumer-sts-0_20250707_215551_358599.csv,True,False,False,1751925379.8232613,607771.9299793243
579035,1751924772.0515368,1751925340.8655157,batch_consumer-sts-0_20250707_215551_358599.csv,True,False,False,1751925379.8232613,607771.7244625092
579045,1751924772.0517204,1751925340.8924534,batch_consumer-sts-0_20250707_215551_358599.csv,True,False,False,1751925379.8232613,607771.5408802032
579055,1751924772.051907,1751925340.9190457,batch_consumer-sts-0_20250707_215551_358599.csv,True,False,False,1751925379.8232613,607771.3541984558
579065,1751924772.052114,1751925340.9467793,batch_consumer-sts-0_20250707_215551_358599.csv,True,False,False,1751925379.8232613,607771.1472511292
579075,1751924772.0522983,1751925340.9758556,batch_consumer-sts-0_20250707_215551_358599.csv,True,False,False,1751925379.8232613,607770.9629535675
579085,1751924772.0524974,1751925341.0031626,batch_consumer-sts-0_20250707_215551_358599.csv,True,False,False,1751925379.8232613,607770.763874054
579095,1751924772.0526755,1751925341.0387335,batch_consumer-sts-0_20250707_215551_358599.csv,True,False,False,1751925379.8232613,607770.5857753754
579105,1751924772.052869,1751925341.0657926,batch_consumer-sts-0_20250707_215551_358599.csv,True,False,False,1751925379.8232613,607770.3921794891
579115,1751924772.0530562,1751925341.0916505,batch_consumer-sts-0_20250707_215551_358599.csv,True,False,False,1751925379.8232613,607770.2050209045
579125,1751924772.053248,1751925341.11874,batch_consumer-sts-0_20250707_215551_358599.csv,True,False,False,1751925379.8232613,607770.013332367
579135,1751924772.0534368,1751925341.1494515,batch_consumer-sts-0_20250707_215551_358599.csv,True,False,False,1751925379.8232613,607769.8245048523
579145,1751924772.0536313,1751925341.1759996,batch_consumer-sts-0_20250707_215551_358599.csv,True,False,False,1751925379.8232613,607769.6299552917
579155,1751924772.053856,1751925341.202837,batch_consumer-sts-0_20250707_215551_358599.csv,True,False,False,1751925379.8232613,607769.4053649902
579165,1751924772.0540693,1751925341.2295372,batch_consumer-sts-0_20250707_215551_358599.csv,True,False,False,1751925379.8232613,607769.1919803619
579175,1751924772.0542886,1751925341.2563665,batch_consumer-sts-0_20250707_215551_358599.csv,True,False,False,1751925379.8232613,607768.9726352692
579185,1751924772.054505,1751925341.2856767,batch_consumer-sts-0_20250707_215551_358599.csv,True,False,False,1751925379.8232613,607768.7561511993
579195,1751924772.054719,1751925341.3119187,batch_consumer-sts-0_20250707_215551_358599.csv,True,False,False,1751925379.8232613,607768.5422897339
579205,1751924772.0549412,1751925341.3409207,batch_consumer-sts-0_20250707_215551_358599.csv,True,False,False,1751925379.8232613,607768.3200836182
579215,1751924772.0553348,1751925341.367669,batch_consumer-sts-0_20250707_215551_358599.csv,True,False,False,1751925379.8232613,607767.9264545441
579225,1751924772.0555332,1751925341.3944583,batch_consumer-sts-0_20250707_215551_358599.csv,True,False,False,1751925379.8232613,607767.7280902863
579235,1751924772.05572,1751925341.4207697,batch_consumer-sts-0_20250707_215551_358599.csv,True,False,False,1751925379.8232613,607767.5411701202
579245,1751924772.05591,1751925341.4483917,batch_consumer-sts-0_20250707_215551_358599.csv,True,False,False,1751925379.8232613,607767.3511505127
579255,1751924772.056105,1751925341.475428,batch_consumer-sts-0_20250707_215551_358599.csv,True,False,False,1751925379.8232613,607767.1563625336
579265,1751924772.0562844,1751925341.502219,batch_consumer-sts-0_20250707_215551_358599.csv,True,False,False,1751925379.8232613,607766.9768333435
579275,1751924772.056471,1751925341.5373645,batch_consumer-sts-0_20250707_215551_358599.csv,True,False,False,1751925379.8232613,607766.7901515961
579285,1751924772.0566416,1751925341.564179,batch_consumer-sts-0_20250707_215551_358599.csv,True,False,False,1751925379.8232613,607766.619682312
579295,1751924772.056816,1751925341.5910947,batch_consumer-sts-0_20250707_215551_358599.csv,True,False,False,1751925379.8232613,607766.4451599121
579305,1751924772.0569897,1751925341.617112,batch_consumer-sts-0_20250707_215551_358599.csv,True,False,False,1751925379.8232613,607766.2715911865
579315,1751924772.0571678,1751925341.645389,batch_consumer-sts-0_20250707_215551_358599.csv,True,False,False,1751925379.8232613,607766.0934925079
579325,1751924772.0573657,1751925341.6723788,batch_consumer-sts-0_20250707_215551_358599.csv,True,False,False,1751925379.8232613,607765.8956050873
579335,1751924772.057557,1751925341.6995287,batch_consumer-sts-0_20250707_215551_358599.csv,True,False,False,1751925379.8232613,607765.7041549683
579345,1751924772.0577383,1751925341.7259476,batch_consumer-sts-0_20250707_215551_358599.csv,True,False,False,1751925379.8232613,607765.5229568481
579355,1751924772.057924,1751925341.7526965,batch_consumer-sts-0_20250707_215551_358599.csv,True,False,False,1751925379.8232613,607765.337228775
579365,1751924772.058107,1751925341.7798078,batch_consumer-sts-0_20250707_215551_358599.csv,True,False,False,1751925379.8232613,607765.1543617249
579375,1751924772.0583308,1751925341.8073013,batch_consumer-sts-0_20250707_215551_358599.csv,True,False,False,1751925379.8232613,607764.9304866791
579385,1751924772.058538,1751925341.8342404,batch_consumer-sts-0_20250707_215551_358599.csv,True,False,False,1751925379.8232613,607764.7233009338
579395,1751924772.0587528,1751925341.864128,batch_consumer-sts-0_20250707_215551_358599.csv,True,False,False,1751925379.8232613,607764.5084857941
579405,1751924772.058965,1751925341.891507,batch_consumer-sts-0_20250707_215551_358599.csv,True,False,False,1751925379.8232613,607764.2962932587
579415,1751924772.0591831,1751925342.010359,batch_consumer-sts-0_20250707_215551_358599.csv,True,False,False,1751925379.8232613,607764.0781402588
579425,1751924772.05941,1751925342.0376666,batch_consumer-sts-0_20250707_215551_358599.csv,True,False,False,1751925379.8232613,607763.8511657715
579435,1751924772.0596032,1751925342.0643826,batch_consumer-sts-0_20250707_215551_358599.csv,True,False,False,1751925379.8232613,607763.6580467224
579445,1751924772.059798,1751925342.091254,batch_consumer-sts-0_20250707_215551_358599.csv,True,False,False,1751925379.8232613,607763.4632587433
579455,1751924772.0599878,1751925342.1179926,batch_consumer-sts-0_20250707_215551_358599.csv,True,False,False,1751925379.8232613,607763.2734775543
579465,1751924772.0601869,1751925342.1450496,batch_consumer-sts-0_20250707_215551_358599.csv,True,False,False,1751925379.8232613,607763.0743980408
579475,1751924772.0603695,1751925342.1783931,batch_consumer-sts-0_20250707_215551_358599.csv,True,False,False,1751925379.8232613,607762.8917694092
579485,1751924772.0605514,1751925342.2049794,batch_consumer-sts-0_20250707_215551_358599.csv,True,False,False,1751925379.8232613,607762.7098560333
579495,1751924772.0607345,1751925342.23147,batch_consumer-sts-0_20250707_215551_358599.csv,True,False,False,1751925379.8232613,607762.5267505646
579505,1751924772.0609283,1751925342.2582176,batch_consumer-sts-0_20250707_215551_358599.csv,True,False,False,1751925379.8232613,607762.3329162598
579515,1751924772.061106,1751925342.2853248,batch_consumer-sts-0_20250707_215551_358599.csv,True,False,False,1751925379.8232613,607762.1552944183
579525,1751924772.061287,1751925342.3118312,batch_consumer-sts-0_20250707_215551_358599.csv,True,False,False,1751925379.8232613,607761.9743347168
579535,1751924772.0614622,1751925342.3377802,batch_consumer-sts-0_20250707_215551_358599.csv,True,False,False,1751925379.8232613,607761.7990970612
579545,1751924772.0616374,1751925342.3653662,batch_consumer-sts-0_20250707_215551_358599.csv,True,False,False,1751925379.8232613,607761.6238594055
579555,1751924772.0618129,1751925342.3925655,batch_consumer-sts-0_20250707_215551_358599.csv,True,False,False,1751925379.8232613,607761.4483833313
579565,1751924772.0619884,1751925342.4190946,batch_consumer-sts-0_20250707_215551_358599.csv,True,False,False,1751925379.8232613,607761.2729072571
579575,1751924772.0621831,1751925342.4458268,batch_consumer-sts-0_20250707_215551_358599.csv,True,False,False,1751925379.8232613,607761.078119278
579585,1751924772.06244,1751925342.4724188,batch_consumer-sts-0_20250707_215551_358599.csv,True,False,False,1751925379.8232613,607760.8213424683
579595,1751924772.0626328,1751925342.499337,batch_consumer-sts-0_20250707_215551_358599.csv,True,False,False,1751925379.8232613,607760.6284618378
579605,1751924772.062824,1751925342.529915,batch_consumer-sts-0_20250707_215551_358599.csv,True,False,False,1751925379.8232613,607760.4372501373
579615,1751924772.063018,1751925342.557653,batch_consumer-sts-0_20250707_215551_358599.csv,True,False,False,1751925379.8232613,607760.2431774139
579625,1751924772.0632114,1751925342.5844443,batch_consumer-sts-0_20250707_215551_358599.csv,True,False,False,1751925379.8232613,607760.0498199463
579635,1751924772.063419,1751925342.6111224,batch_consumer-sts-0_20250707_215551_358599.csv,True,False,False,1751925379.8232613,607759.8421573639
579645,1751924772.0636327,1751925342.6375284,batch_consumer-sts-0_20250707_215551_358599.csv,True,False,False,1751925379.8232613,607759.628534317
579655,1751924772.0638294,1751925342.6640162,batch_consumer-sts-0_20250707_215551_358599.csv,True,False,False,1751925379.8232613,607759.4318389893
579665,1751924772.0640135,1751925342.690919,batch_consumer-sts-0_20250707_215551_358599.csv,True,False,False,1751925379.8232613,607759.2477798462
579675,1751924772.0642073,1751925342.717545,batch_consumer-sts-0_20250707_215551_358599.csv,True,False,False,1751925379.8232613,607759.0539455414
579685,1751924772.0643964,1751925342.7444715,batch_consumer-sts-0_20250707_215551_358599.csv,True,False,False,1751925379.8232613,607758.8648796082
579695,1751924772.064596,1751925342.7731965,batch_consumer-sts-0_20250707_215551_358599.csv,True,False,False,1751925379.8232613,607758.6653232574
579705,1751924772.0647857,1751925342.800632,batch_consumer-sts-0_20250707_215551_358599.csv,True,False,False,1751925379.8232613,607758.4755420685
579715,1751924772.06496,1751925342.8285208,batch_consumer-sts-0_20250707_215551_358599.csv,True,False,False,1751925379.8232613,607758.3012580872
579725,1751924772.065134,1751925342.8557668,batch_consumer-sts-0_20250707_215551_358599.csv,True,False,False,1751925379.8232613,607758.1272125244
579735,1751924772.0653098,1751925342.8834374,batch_consumer-sts-0_20250707_215551_358599.csv,True,False,False,1751925379.8232613,607757.9514980316
579745,1751924772.0654912,1751925342.9111228,batch_consumer-sts-0_20250707_215551_358599.csv,True,False,False,1751925379.8232613,607757.7700614929
579755,1751924772.0656662,1751925342.9391336,batch_consumer-sts-0_20250707_215551_358599.csv,True,False,False,1751925379.8232613,607757.5950622559
579765,1751924772.0658443,1751925342.966789,batch_consumer-sts-0_20250707_215551_358599.csv,True,False,False,1751925379.8232613,607757.4169635773
579775,1751924772.0660236,1751925342.9947934,batch_consumer-sts-0_20250707_215551_358599.csv,True,False,False,1751925379.8232613,607757.2376728058
579785,1751924772.066226,1751925343.0222564,batch_consumer-sts-0_20250707_215551_358599.csv,True,False,False,1751925379.8232613,607757.0352554321
579795,1751924772.066431,1751925343.0497382,batch_consumer-sts-0_20250707_215551_358599.csv,True,False,False,1751925379.8232613,607756.8302154541
579805,1751924772.0666208,1751925343.077172,batch_consumer-sts-0_20250707_215551_358599.csv,True,False,False,1751925379.8232613,607756.6404342651
579815,1751924772.066815,1751925343.104453,batch_consumer-sts-0_20250707_215551_358599.csv,True,False,False,1751925379.8232613,607756.4463615417
579825,1751924772.067005,1751925343.1316547,batch_consumer-sts-0_20250707_215551_358599.csv,True,False,False,1751925379.8232613,607756.2563419342
579835,1751924772.067196,1751925343.158764,batch_consumer-sts-0_20250707_215551_358599.csv,True,False,False,1751925379.8232613,607756.0653686523
579845,1751924772.0676296,1751925343.1858263,batch_consumer-sts-0_20250707_215551_358599.csv,True,False,False,1751925379.8232613,607755.631685257
579855,1751924772.0685616,1751925343.2131226,batch_consumer-sts-0_20250707_215551_358599.csv,True,False,False,1751925379.8232613,607754.6997070312
579865,1751924772.0687387,1751925343.2401454,batch_consumer-sts-0_20250707_215551_358599.csv,True,False,False,1751925379.8232613,607754.522562027
579875,1751924772.0689185,1751925343.267289,batch_consumer-sts-0_20250707_215551_358599.csv,True,False,False,1751925379.8232613,607754.3427944183
579885,1751924772.0690918,1751925343.294655,batch_consumer-sts-0_20250707_215551_358599.csv,True,False,False,1751925379.8232613,607754.1694641113
579895,1751924772.0692675,1751925343.3217509,batch_consumer-sts-0_20250707_215551_358599.csv,True,False,False,1751925379.8232613,607753.9937496185
579905,1751924772.0694396,1751925343.3487208,batch_consumer-sts-0_20250707_215551_358599.csv,True,False,False,1751925379.8232613,607753.8216114044
579915,1751924772.0696163,1751925343.3760695,batch_consumer-sts-0_20250707_215551_358599.csv,True,False,False,1751925379.8232613,607753.6449432373
579925,1751924772.069794,1751925343.4030333,batch_consumer-sts-0_20250707_215551_358599.csv,True,False,False,1751925379.8232613,607753.4673213959
579935,1751924772.0703433,1751925343.430573,batch_consumer-sts-0_20250707_215551_358599.csv,True,False,False,1751925379.8232613,607752.9180049896
579945,1751924772.0705383,1751925343.4579976,batch_consumer-sts-0_20250707_215551_358599.csv,True,False,False,1751925379.8232613,607752.7229785919
579955,1751924772.0707226,1751925343.4856246,batch_consumer-sts-0_20250707_215551_358599.csv,True,False,False,1751925379.8232613,607752.5386810303
579965,1751924772.0709128,1751925343.5141618,batch_consumer-sts-0_20250707_215551_358599.csv,True,False,False,1751925379.8232613,607752.3484230042
579975,1751924772.0711062,1751925343.5406044,batch_consumer-sts-0_20250707_215551_358599.csv,True,False,False,1751925379.8232613,607752.1550655365
579985,1751924772.0713072,1751925343.5682864,batch_consumer-sts-0_20250707_215551_358599.csv,True,False,False,1751925379.8232613,607751.9540786743
579995,1751924772.0714989,1751925343.5961769,batch_consumer-sts-0_20250707_215551_358599.csv,True,False,False,1751925379.8232613,607751.7623901367
580005,1751924772.071677,1751925343.6242776,batch_consumer-sts-0_20250707_215551_358599.csv,True,False,False,1751925379.8232613,607751.5842914581
580015,1751924772.0718489,1751925343.6520886,batch_consumer-sts-0_20250707_215551_358599.csv,True,False,False,1751925379.8232613,607751.4123916626
580025,1751924772.0720532,1751925343.6797514,batch_consumer-sts-0_20250707_215551_358599.csv,True,False,False,1751925379.8232613,607751.2080669403
580035,1751924772.072242,1751925344.7080605,batch_consumer-sts-0_20250707_215551_358599.csv,True,False,False,1751925379.8232613,607751.0192394257
580045,1751924772.072424,1751925345.02287,batch_consumer-sts-0_20250707_215551_358599.csv,True,False,False,1751925379.8232613,607750.8373260498
580055,1751924772.0726082,1751925345.049846,batch_consumer-sts-0_20250707_215551_358599.csv,True,False,False,1751925379.8232613,607750.6530284882
580065,1751924772.0727916,1751925345.0767412,batch_consumer-sts-0_20250707_215551_358599.csv,True,False,False,1751925379.8232613,607750.4696846008
580075,1751924772.072976,1751925345.1033118,batch_consumer-sts-0_20250707_215551_358599.csv,True,False,False,1751925379.8232613,607750.2851486206
580085,1751924772.073192,1751925345.1295784,batch_consumer-sts-0_20250707_215551_358599.csv,True,False,False,1751925379.8232613,607750.0693798065
580095,1751924772.0733955,1751925345.1565473,batch_consumer-sts-0_20250707_215551_358599.csv,True,False,False,1751925379.8232613,607749.86577034
580105,1751924772.0736022,1751925345.18337,batch_consumer-sts-0_20250707_215551_358599.csv,True,False,False,1751925379.8232613,607749.6590614319
580115,1751924772.0737946,1751925345.2103448,batch_consumer-sts-0_20250707_215551_358599.csv,True,False,False,1751925379.8232613,607749.4666576385
580125,1751924772.0739894,1751925345.2376587,batch_consumer-sts-0_20250707_215551_358599.csv,True,False,False,1751925379.8232613,607749.2718696594
580135,1751924772.0742197,1751925345.2648194,batch_consumer-sts-0_20250707_215551_358599.csv,True,False,False,1751925379.8232613,607749.041557312
580145,1751924772.074505,1751925345.2926729,batch_consumer-sts-0_20250707_215551_358599.csv,True,False,False,1751925379.8232613,607748.7561702728
580155,1751924772.0751054,1751925345.3201203,batch_consumer-sts-0_20250707_215551_358599.csv,True,False,False,1751925379.8232613,607748.1558322906
580165,1751924772.0754025,1751925345.3475816,batch_consumer-sts-0_20250707_215551_358599.csv,True,False,False,1751925379.8232613,607747.8587627411
580175,1751924772.0763805,1751925345.3752687,batch_consumer-sts-0_20250707_215551_358599.csv,True,False,False,1751925379.8232613,607746.8807697296
580185,1751924772.0765612,1751925345.4026248,batch_consumer-sts-0_20250707_215551_358599.csv,True,False,False,1751925379.8232613,607746.7000484467
580195,1751924772.0767434,1751925345.4302976,batch_consumer-sts-0_20250707_215551_358599.csv,True,False,False,1751925379.8232613,607746.5178966522
580205,1751924772.0769193,1751925345.458004,batch_consumer-sts-0_20250707_215551_358599.csv,True,False,False,1751925379.8232613,607746.3419437408
580215,1751924772.0771148,1751925345.485229,batch_consumer-sts-0_20250707_215551_358599.csv,True,False,False,1751925379.8232613,607746.146440506
580225,1751924772.0772936,1751925345.5112004,batch_consumer-sts-0_20250707_215551_358599.csv,True,False,False,1751925379.8232613,607745.9676265717
580235,1751924772.0774655,1751925345.5383406,batch_consumer-sts-0_20250707_215551_358599.csv,True,False,False,1751925379.8232613,607745.7957267761
580245,1751924772.077645,1751925345.5656004,batch_consumer-sts-0_20250707_215551_358599.csv,True,False,False,1751925379.8232613,607745.6161975861
580255,1751924772.0778215,1751925345.5935564,batch_consumer-sts-0_20250707_215551_358599.csv,True,False,False,1751925379.8232613,607745.4397678375
580265,1751924772.0779998,1751925345.6202435,batch_consumer-sts-0_20250707_215551_358599.csv,True,False,False,1751925379.8232613,607745.2614307404
580275,1751924772.078178,1751925345.647235,batch_consumer-sts-0_20250707_215551_358599.csv,True,False,False,1751925379.8232613,607745.0833320618
580285,1751924772.078379,1751925345.674463,batch_consumer-sts-0_20250707_215551_358599.csv,True,False,False,1751925379.8232613,607744.8823451996
580295,1751924772.0785575,1751925345.7019086,batch_consumer-sts-0_20250707_215551_358599.csv,True,False,False,1751925379.8232613,607744.7037696838
580305,1751924772.0787418,1751925345.7290137,batch_consumer-sts-0_20250707_215551_358599.csv,True,False,False,1751925379.8232613,607744.5194721222
580315,1751924772.0789282,1751925345.7570207,batch_consumer-sts-0_20250707_215551_358599.csv,True,False,False,1751925379.8232613,607744.3330287933
580325,1751924772.079114,1751925345.7845027,batch_consumer-sts-0_20250707_215551_358599.csv,True,False,False,1751925379.8232613,607744.1473007202
580335,1751924772.0793254,1751925345.8122149,batch_consumer-sts-0_20250707_215551_358599.csv,True,False,False,1751925379.8232613,607743.9358234406
580345,1751924772.0795271,1751925345.8395605,batch_consumer-sts-0_20250707_215551_358599.csv,True,False,False,1751925379.8232613,607743.7341213226
580355,1751924772.079713,1751925345.8662446,batch_consumer-sts-0_20250707_215551_358599.csv,True,False,False,1751925379.8232613,607743.5481548309
580365,1751924772.0799007,1751925345.8931804,batch_consumer-sts-0_20250707_215551_358599.csv,True,False,False,1751925379.8232613,607743.3605194092
580375,1751924772.0800898,1751925345.9206438,batch_consumer-sts-0_20250707_215551_358599.csv,True,False,False,1751925379.8232613,607743.171453476
580385,1751924772.0802758,1751925345.9478157,batch_consumer-sts-0_20250707_215551_358599.csv,True,False,False,1751925379.8232613,607742.9854869843
580395,1751924772.08046,1751925345.9748497,batch_consumer-sts-0_20250707_215551_358599.csv,True,False,False,1751925379.8232613,607742.8011894226
580405,1751924772.080642,1751925346.0014606,batch_consumer-sts-0_20250707_215551_358599.csv,True,False,False,1751925379.8232613,607742.6192760468
580415,1751924772.0810454,1751925346.0281312,batch_consumer-sts-0_20250707_215551_358599.csv,True,False,False,1751925379.8232613,607742.2158718109
580425,1751924772.0823524,1751925346.0549123,batch_consumer-sts-0_20250707_215551_358599.csv,True,False,False,1751925379.8232613,607740.9088611603
580435,1751924772.083195,1751925346.082426,batch_consumer-sts-0_20250707_215551_358599.csv,True,False,False,1751925379.8232613,607740.0662899017
580445,1751924772.083393,1751925346.1098516,batch_consumer-sts-0_20250707_215551_358599.csv,True,False,False,1751925379.8232613,607739.8681640625
580455,1751924772.0835874,1751925346.1365862,batch_consumer-sts-0_20250707_215551_358599.csv,True,False,False,1751925379.8232613,607739.6738529205
580465,1751924772.0838044,1751925346.1641407,batch_consumer-sts-0_20250707_215551_358599.csv,True,False,False,1751925379.8232613,607739.4568920135
580475,1751924772.08402,1751925346.191707,batch_consumer-sts-0_20250707_215551_358599.csv,True,False,False,1751925379.8232613,607739.241361618
580485,1751924772.0842378,1751925346.2187023,batch_consumer-sts-0_20250707_215551_358599.csv,True,False,False,1751925379.8232613,607739.0234470367
580495,1751924772.0849645,1751925346.245523,batch_consumer-sts-0_20250707_215551_358599.csv,True,False,False,1751925379.8232613,607738.2967472076
580505,1751924772.0854506,1751925346.271347,batch_consumer-sts-0_20250707_215551_358599.csv,True,False,False,1751925379.8232613,607737.8106117249
580515,1751924772.0856602,1751925346.2988372,batch_consumer-sts-0_20250707_215551_358599.csv,True,False,False,1751925379.8232613,607737.6010417938
580525,1751924772.0858755,1751925346.3265424,batch_consumer-sts-0_20250707_215551_358599.csv,True,False,False,1751925379.8232613,607737.3857498169
580535,1751924772.0860891,1751925346.3533008,batch_consumer-sts-0_20250707_215551_358599.csv,True,False,False,1751925379.8232613,607737.17212677
580545,1751924772.0863123,1751925346.3799803,batch_consumer-sts-0_20250707_215551_358599.csv,True,False,False,1751925379.8232613,607736.94896698
580555,1751924772.0865233,1751925346.406729,batch_consumer-sts-0_20250707_215551_358599.csv,True,False,False,1751925379.8232613,607736.7379665375
580565,1751924772.0867398,1751925346.433426,batch_consumer-sts-0_20250707_215551_358599.csv,True,False,False,1751925379.8232613,607736.5214824677
580575,1751924772.0869312,1751925346.460318,batch_consumer-sts-0_20250707_215551_358599.csv,True,False,False,1751925379.8232613,607736.3300323486
580585,1751924772.0871189,1751925346.4869876,batch_consumer-sts-0_20250707_215551_358599.csv,True,False,False,1751925379.8232613,607736.1423969269
580595,1751924772.0873103,1751925346.513692,batch_consumer-sts-0_20250707_215551_358599.csv,True,False,False,1751925379.8232613,607735.9509468079
580605,1751924772.0875008,1751925346.5404572,batch_consumer-sts-0_20250707_215551_358599.csv,True,False,False,1751925379.8232613,607735.7604503632
580615,1751924772.0876908,1751925346.5670326,batch_consumer-sts-0_20250707_215551_358599.csv,True,False,False,1751925379.8232613,607735.5704307556
580625,1751924772.0878806,1751925346.593358,batch_consumer-sts-0_20250707_215551_358599.csv,True,False,False,1751925379.8232613,607735.3806495667
580635,1751924772.0880704,1751925346.6202738,batch_consumer-sts-0_20250707_215551_358599.csv,True,False,False,1751925379.8232613,607735.1908683777
590045,1751924772.2888176,1751925346.6469345,batch_consumer-sts-0_20250707_215551_358599.csv,True,False,False,1751925379.8232613,607534.4436168671
590055,1751924772.2889977,1751925346.6737783,batch_consumer-sts-0_20250707_215551_358599.csv,True,False,False,1751925379.8232613,607534.2636108398
590065,1751924772.289178,1751925346.7006354,batch_consumer-sts-0_20250707_215551_358599.csv,True,False,False,1751925379.8232613,607534.083366394
590075,1751924772.28936,1751925346.7274635,batch_consumer-sts-0_20250707_215551_358599.csv,True,False,False,1751925379.8232613,607533.9012145996
590085,1751924772.289542,1751925346.7540474,batch_consumer-sts-0_20250707_215551_358599.csv,True,False,False,1751925379.8232613,607533.7193012238
590095,1751924772.2897289,1751925346.7809856,batch_consumer-sts-0_20250707_215551_358599.csv,True,False,False,1751925379.8232613,607533.5323810577
590105,1751924772.2899098,1751925346.8077528,batch_consumer-sts-0_20250707_215551_358599.csv,True,False,False,1751925379.8232613,607533.3514213562
590115,1751924772.2900906,1751925346.8340878,batch_consumer-sts-0_20250707_215551_358599.csv,True,False,False,1751925379.8232613,607533.1707000732
590125,1751924772.2903032,1751925346.8603597,batch_consumer-sts-0_20250707_215551_358599.csv,True,False,False,1751925379.8232613,607532.9580307007
590135,1751924772.2905042,1751925346.8907108,batch_consumer-sts-0_20250707_215551_358599.csv,True,False,False,1751925379.8232613,607532.7570438385
590145,1751924772.290695,1751925346.9180913,batch_consumer-sts-0_20250707_215551_358599.csv,True,False,False,1751925379.8232613,607532.5663089752
590155,1751924772.2908895,1751925346.9451344,batch_consumer-sts-0_20250707_215551_358599.csv,True,False,False,1751925379.8232613,607532.3717594147
590165,1751924772.2910907,1751925346.97268,batch_consumer-sts-0_20250707_215551_358599.csv,True,False,False,1751925379.8232613,607532.1705341339
590175,1751924772.291289,1751925346.9999895,batch_consumer-sts-0_20250707_215551_358599.csv,True,False,False,1751925379.8232613,607531.9721698761
590185,1751924772.291487,1751925347.5441957,batch_consumer-sts-0_20250707_215551_358599.csv,True,False,False,1751925379.8232613,607531.7742824554
590195,1751924772.2916722,1751925347.5719109,batch_consumer-sts-0_20250707_215551_358599.csv,True,False,False,1751925379.8232613,607531.5890312195
590205,1751924772.291857,1751925347.5985868,batch_consumer-sts-0_20250707_215551_358599.csv,True,False,False,1751925379.8232613,607531.4042568207
590215,1751924772.292041,1751925347.6258676,batch_consumer-sts-0_20250707_215551_358599.csv,True,False,False,1751925379.8232613,607531.2201976776
590225,1751924772.292228,1751925347.6529994,batch_consumer-sts-0_20250707_215551_358599.csv,True,False,False,1751925379.8232613,607531.0332775116
590235,1751924772.2924066,1751925347.6796112,batch_consumer-sts-0_20250707_215551_358599.csv,True,False,False,1751925379.8232613,607530.8547019958
590245,1751924772.292593,1751925347.70423,batch_consumer-sts-0_20250707_215551_358599.csv,True,False,False,1751925379.8232613,607530.668258667
590255,1751924772.292778,1751925347.730512,batch_consumer-sts-0_20250707_215551_358599.csv,True,False,False,1751925379.8232613,607530.4832458496
590265,1751924772.2929692,1751925347.756996,batch_consumer-sts-0_20250707_215551_358599.csv,True,False,False,1751925379.8232613,607530.2920341492
590275,1751924772.2931523,1751925347.7833345,batch_consumer-sts-0_20250707_215551_358599.csv,True,False,False,1751925379.8232613,607530.1089286804
590285,1751924772.293362,1751925347.8106165,batch_consumer-sts-0_20250707_215551_358599.csv,True,False,False,1751925379.8232613,607529.8993587494
590295,1751924772.29356,1751925347.8372178,batch_consumer-sts-0_20250707_215551_358599.csv,True,False,False,1751925379.8232613,607529.7012329102
590305,1751924772.2937484,1751925347.8635683,batch_consumer-sts-0_20250707_215551_358599.csv,True,False,False,1751925379.8232613,607529.5128822327
590315,1751924772.2939436,1751925347.8902247,batch_consumer-sts-0_20250707_215551_358599.csv,True,False,False,1751925379.8232613,607529.3176174164
590325,1751924772.294143,1751925347.916524,batch_consumer-sts-0_20250707_215551_358599.csv,True,False,False,1751925379.8232613,607529.1182994843
590335,1751924772.2944262,1751925347.9437895,batch_consumer-sts-0_20250707_215551_358599.csv,True,False,False,1751925379.8232613,607528.8350582123
590345,1751924772.2946725,1751925347.971048,batch_consumer-sts-0_20250707_215551_358599.csv,True,False,False,1751925379.8232613,607528.5887718201
590355,1751924772.294942,1751925347.9982424,batch_consumer-sts-0_20250707_215551_358599.csv,True,False,False,1751925379.8232613,607528.3193588257
590365,1751924772.2952092,1751925348.0257154,batch_consumer-sts-0_20250707_215551_358599.csv,True,False,False,1751925379.8232613,607528.0520915985
590375,1751924772.295462,1751925348.053069,batch_consumer-sts-0_20250707_215551_358599.csv,True,False,False,1751925379.8232613,607527.7993679047
590385,1751924772.295727,1751925348.080166,batch_consumer-sts-0_20250707_215551_358599.csv,True,False,False,1751925379.8232613,607527.5342464447
590395,1751924772.2960036,1751925348.1067684,batch_consumer-sts-0_20250707_215551_358599.csv,True,False,False,1751925379.8232613,607527.257680893
590405,1751924772.2962549,1751925348.1343312,batch_consumer-sts-0_20250707_215551_358599.csv,True,False,False,1751925379.8232613,607527.0063877106
590415,1751924772.2964897,1751925348.1615827,batch_consumer-sts-0_20250707_215551_358599.csv,True,False,False,1751925379.8232613,607526.7715454102
590425,1751924772.2967298,1751925348.1885622,batch_consumer-sts-0_20250707_215551_358599.csv,True,False,False,1751925379.8232613,607526.531457901
590435,1751924772.2970092,1751925348.2161856,batch_consumer-sts-0_20250707_215551_358599.csv,True,False,False,1751925379.8232613,607526.2520313263
590445,1751924772.297254,1751925348.2442887,batch_consumer-sts-0_20250707_215551_358599.csv,True,False,False,1751925379.8232613,607526.0071754456
590455,1751924772.297507,1751925348.2715893,batch_consumer-sts-0_20250707_215551_358599.csv,True,False,False,1751925379.8232613,607525.7542133331
590465,1751924772.2977543,1751925348.2991178,batch_consumer-sts-0_20250707_215551_358599.csv,True,False,False,1751925379.8232613,607525.5069732666
590475,1751924772.297996,1751925348.326536,batch_consumer-sts-0_20250707_215551_358599.csv,True,False,False,1751925379.8232613,607525.2652168274
590485,1751924772.2982397,1751925348.3540356,batch_consumer-sts-0_20250707_215551_358599.csv,True,False,False,1751925379.8232613,607525.0215530396
590495,1751924772.2984684,1751925348.3810122,batch_consumer-sts-0_20250707_215551_358599.csv,True,False,False,1751925379.8232613,607524.7929096222
590505,1751924772.2987044,1751925348.4088745,batch_consumer-sts-0_20250707_215551_358599.csv,True,False,False,1751925379.8232613,607524.5568752289
590515,1751924772.298945,1751925348.436272,batch_consumer-sts-0_20250707_215551_358599.csv,True,False,False,1751925379.8232613,607524.3163108826
590525,1751924772.2991824,1751925348.4639137,batch_consumer-sts-0_20250707_215551_358599.csv,True,False,False,1751925379.8232613,607524.0788459778
590535,1751924772.299422,1751925348.4910424,batch_consumer-sts-0_20250707_215551_358599.csv,True,False,False,1751925379.8232613,607523.8392353058
590545,1751924772.2996533,1751925348.51835,batch_consumer-sts-0_20250707_215551_358599.csv,True,False,False,1751925379.8232613,607523.607969284
590555,1751924772.3031197,1751925348.5456376,batch_consumer-sts-0_20250707_215551_358599.csv,True,False,False,1751925379.8232613,607520.1416015625
590565,1751924772.3033535,1751925348.5731778,batch_consumer-sts-0_20250707_215551_358599.csv,True,False,False,1751925379.8232613,607519.9077129364
590575,1751924772.3035502,1751925348.6007204,batch_consumer-sts-0_20250707_215551_358599.csv,True,False,False,1751925379.8232613,607519.7110176086
590585,1751924772.3037448,1751925348.6274786,batch_consumer-sts-0_20250707_215551_358599.csv,True,False,False,1751925379.8232613,607519.5164680481
590595,1751924772.3039422,1751925348.6547403,batch_consumer-sts-0_20250707_215551_358599.csv,True,False,False,1751925379.8232613,607519.3190574646
590605,1751924772.3041403,1751925348.681798,batch_consumer-sts-0_20250707_215551_358599.csv,True,False,False,1751925379.8232613,607519.1209316254
590615,1751924772.3043838,1751925348.7087932,batch_consumer-sts-0_20250707_215551_358599.csv,True,False,False,1751925379.8232613,607518.8775062561
590625,1751924772.3046052,1751925348.7359726,batch_consumer-sts-0_20250707_215551_358599.csv,True,False,False,1751925379.8232613,607518.6560153961
590635,1751924772.3048272,1751925349.7648454,batch_consumer-sts-0_20250707_215551_358599.csv,True,False,False,1751925379.8232613,607518.434047699
590645,1751924772.3050473,1751925349.792151,batch_consumer-sts-0_20250707_215551_358599.csv,True,False,False,1751925379.8232613,607518.2139873505
590655,1751924772.3052623,1751925349.818938,batch_consumer-sts-0_20250707_215551_358599.csv,True,False,False,1751925379.8232613,607517.9989337921
590665,1751924772.305477,1751925349.8457332,batch_consumer-sts-0_20250707_215551_358599.csv,True,False,False,1751925379.8232613,607517.7843570709
590675,1751924772.305661,1751925349.87263,batch_consumer-sts-0_20250707_215551_358599.csv,True,False,False,1751925379.8232613,607517.6002979279
590685,1751924772.3058455,1751925349.8996208,batch_consumer-sts-0_20250707_215551_358599.csv,True,False,False,1751925379.8232613,607517.4157619476
590695,1751924772.3060598,1751925349.9261243,batch_consumer-sts-0_20250707_215551_358599.csv,True,False,False,1751925379.8232613,607517.201423645
590705,1751924772.3062918,1751925349.9528418,batch_consumer-sts-0_20250707_215551_358599.csv,True,False,False,1751925379.8232613,607516.9694423676
590715,1751924772.306512,1751925349.9795637,batch_consumer-sts-0_20250707_215551_358599.csv,True,False,False,1751925379.8232613,607516.7491436005
590725,1751924772.306727,1751925350.0065832,batch_consumer-sts-0_20250707_215551_358599.csv,True,False,False,1751925379.8232613,607516.5343284607
590735,1751924772.306948,1751925350.0336404,batch_consumer-sts-0_20250707_215551_358599.csv,True,False,False,1751925379.8232613,607516.3133144379
590745,1751924772.3071692,1751925350.0602803,batch_consumer-sts-0_20250707_215551_358599.csv,True,False,False,1751925379.8232613,607516.0920619965
590755,1751924772.3074057,1751925350.087273,batch_consumer-sts-0_20250707_215551_358599.csv,True,False,False,1751925379.8232613,607515.855550766
590765,1751924772.3075888,1751925350.1139245,batch_consumer-sts-0_20250707_215551_358599.csv,True,False,False,1751925379.8232613,607515.6724452972
590775,1751924772.3077767,1751925350.1403892,batch_consumer-sts-0_20250707_215551_358599.csv,True,False,False,1751925379.8232613,607515.4845714569
590785,1751924772.3079586,1751925350.1668687,batch_consumer-sts-0_20250707_215551_358599.csv,True,False,False,1751925379.8232613,607515.302658081
590795,1751924772.3081462,1751925350.1934977,batch_consumer-sts-0_20250707_215551_358599.csv,True,False,False,1751925379.8232613,607515.1150226593
590805,1751924772.3083336,1751925350.2196996,batch_consumer-sts-0_20250707_215551_358599.csv,True,False,False,1751925379.8232613,607514.9276256561
590815,1751924772.3085191,1751925350.2464914,batch_consumer-sts-0_20250707_215551_358599.csv,True,False,False,1751925379.8232613,607514.7421360016
590825,1751924772.3086996,1751925350.2729206,batch_consumer-sts-0_20250707_215551_358599.csv,True,False,False,1751925379.8232613,607514.5616531372
590835,1751924772.308888,1751925350.29938,batch_consumer-sts-0_20250707_215551_358599.csv,True,False,False,1751925379.8232613,607514.3733024597
590845,1751924772.3090663,1751925350.3258786,batch_consumer-sts-0_20250707_215551_358599.csv,True,False,False,1751925379.8232613,607514.1949653625
590855,1751924772.3092525,1751925350.3517835,batch_consumer-sts-0_20250707_215551_358599.csv,True,False,False,1751925379.8232613,607514.0087604523
590865,1751924772.3094342,1751925350.3779442,batch_consumer-sts-0_20250707_215551_358599.csv,True,False,False,1751925379.8232613,607513.827085495
590875,1751924772.3096206,1751925350.403843,batch_consumer-sts-0_20250707_215551_358599.csv,True,False,False,1751925379.8232613,607513.6406421661
590885,1751924772.3098066,1751925350.4308538,batch_consumer-sts-0_20250707_215551_358599.csv,True,False,False,1751925379.8232613,607513.4546756744
590895,1751924772.3099978,1751925350.4567676,batch_consumer-sts-0_20250707_215551_358599.csv,True,False,False,1751925379.8232613,607513.263463974
590905,1751924772.3102045,1751925350.4829457,batch_consumer-sts-0_20250707_215551_358599.csv,True,False,False,1751925379.8232613,607513.0567550659
590915,1751924772.31049,1751925350.5091689,batch_consumer-sts-0_20250707_215551_358599.csv,True,False,False,1751925379.8232613,607512.7713680267
590925,1751924772.3107202,1751925350.5354192,batch_consumer-sts-0_20250707_215551_358599.csv,True,False,False,1751925379.8232613,607512.5410556793
590935,1751924772.3109634,1751925350.561942,batch_consumer-sts-0_20250707_215551_358599.csv,True,False,False,1751925379.8232613,607512.2978687286
590945,1751924772.3112051,1751925350.5874116,batch_consumer-sts-0_20250707_215551_358599.csv,True,False,False,1751925379.8232613,607512.0561122894
590955,1751924772.311443,1751925350.6140032,batch_consumer-sts-0_20250707_215551_358599.csv,True,False,False,1751925379.8232613,607511.8181705475
590965,1751924772.3116825,1751925350.6393783,batch_consumer-sts-0_20250707_215551_358599.csv,True,False,False,1751925379.8232613,607511.5787982941
590975,1751924772.3118656,1751925350.6658063,batch_consumer-sts-0_20250707_215551_358599.csv,True,False,False,1751925379.8232613,607511.3956928253
590985,1751924772.3120494,1751925350.6919973,batch_consumer-sts-0_20250707_215551_358599.csv,True,False,False,1751925379.8232613,607511.2118721008
590995,1751924772.3122325,1751925350.718003,batch_consumer-sts-0_20250707_215551_358599.csv,True,False,False,1751925379.8232613,607511.0287666321
591005,1751924772.31241,1751925350.7439878,batch_consumer-sts-0_20250707_215551_358599.csv,True,False,False,1751925379.8232613,607510.8511447906
591015,1751924772.3126,1751925350.7702155,batch_consumer-sts-0_20250707_215551_358599.csv,True,False,False,1751925379.8232613,607510.6613636017
591025,1751924772.3127894,1751925350.7962947,batch_consumer-sts-0_20250707_215551_358599.csv,True,False,False,1751925379.8232613,607510.4718208313
591035,1751924772.3129728,1751925350.8224475,batch_consumer-sts-0_20250707_215551_358599.csv,True,False,False,1751925379.8232613,607510.288476944
591045,1751924772.3131752,1751925350.849121,batch_consumer-sts-0_20250707_215551_358599.csv,True,False,False,1751925379.8232613,607510.0860595703
591055,1751924772.3133748,1751925350.8754115,batch_consumer-sts-0_20250707_215551_358599.csv,True,False,False,1751925379.8232613,607509.8865032196
591065,1751924772.3135664,1751925350.9014363,batch_consumer-sts-0_20250707_215551_358599.csv,True,False,False,1751925379.8232613,607509.694814682
591075,1751924772.313761,1751925350.9275494,batch_consumer-sts-0_20250707_215551_358599.csv,True,False,False,1751925379.8232613,607509.5002651215
591085,1751924772.3139536,1751925350.9536915,batch_consumer-sts-0_20250707_215551_358599.csv,True,False,False,1751925379.8232613,607509.3076229095
591095,1751924772.3141508,1751925350.979574,batch_consumer-sts-0_20250707_215551_358599.csv,True,False,False,1751925379.8232613,607509.1104507446
591105,1751924772.314445,1751925351.0057642,batch_consumer-sts-0_20250707_215551_358599.csv,True,False,False,1751925379.8232613,607508.816242218
591115,1751924772.314669,1751925351.0316794,batch_consumer-sts-0_20250707_215551_358599.csv,True,False,False,1751925379.8232613,607508.5923671722
591125,1751924772.3149,1751925351.057646,batch_consumer-sts-0_20250707_215551_358599.csv,True,False,False,1751925379.8232613,607508.3613395691
591135,1751924772.31514,1751925351.0836272,batch_consumer-sts-0_20250707_215551_358599.csv,True,False,False,1751925379.8232613,607508.1212520599
591145,1751924772.3153806,1751925351.110088,batch_consumer-sts-0_20250707_215551_358599.csv,True,False,False,1751925379.8232613,607507.8806877136
591155,1751924772.3155851,1751925351.13627,batch_consumer-sts-0_20250707_215551_358599.csv,True,False,False,1751925379.8232613,607507.6761245728
591165,1751924772.3157692,1751925351.162393,batch_consumer-sts-0_20250707_215551_358599.csv,True,False,False,1751925379.8232613,607507.4920654297
591175,1751924772.315951,1751925351.2010746,batch_consumer-sts-0_20250707_215551_358599.csv,True,False,False,1751925379.8232613,607507.3101520538
591185,1751924772.3161364,1751925351.2277577,batch_consumer-sts-0_20250707_215551_358599.csv,True,False,False,1751925379.8232613,607507.1249008179
591195,1751924772.316319,1751925351.254396,batch_consumer-sts-0_20250707_215551_358599.csv,True,False,False,1751925379.8232613,607506.9422721863
591205,1751924772.3165052,1751925351.277816,batch_consumer-sts-0_20250707_215551_358599.csv,True,False,False,1751925379.8232613,607506.756067276
591215,1751924772.3166895,1751925351.304014,batch_consumer-sts-0_20250707_215551_358599.csv,True,False,False,1751925379.8232613,607506.5717697144
591225,1751924772.3168757,1751925351.3314655,batch_consumer-sts-0_20250707_215551_358599.csv,True,False,False,1751925379.8232613,607506.3855648041
591235,1751924772.3170574,1751925351.577423,batch_consumer-sts-0_20250707_215610_118654.csv,True,False,False,1751925379.8232613,607506.2038898468
591245,1751924772.3172417,1751925351.6041443,batch_consumer-sts-0_20250707_215610_118654.csv,True,False,False,1751925379.8232613,607506.0195922852
591255,1751924772.3174691,1751925351.630695,batch_consumer-sts-0_20250707_215610_118654.csv,True,False,False,1751925379.8232613,607505.7921409607
591265,1751924772.3176525,1751925351.65714,batch_consumer-sts-0_20250707_215610_118654.csv,True,False,False,1751925379.8232613,607505.6087970734
591275,1751924772.317836,1751925351.683688,batch_consumer-sts-0_20250707_215610_118654.csv,True,False,False,1751925379.8232613,607505.4252147675
591285,1751924772.3180203,1751925351.7103214,batch_consumer-sts-0_20250707_215610_118654.csv,True,False,False,1751925379.8232613,607505.2409172058
591295,1751924772.3182287,1751925351.736793,batch_consumer-sts-0_20250707_215610_118654.csv,True,False,False,1751925379.8232613,607505.0325393677
591305,1751924772.3184216,1751925351.7633808,batch_consumer-sts-0_20250707_215610_118654.csv,True,False,False,1751925379.8232613,607504.8396587372
591315,1751924772.3186092,1751925351.7901435,batch_consumer-sts-0_20250707_215610_118654.csv,True,False,False,1751925379.8232613,607504.6520233154
591325,1751924772.3188045,1751925351.81688,batch_consumer-sts-0_20250707_215610_118654.csv,True,False,False,1751925379.8232613,607504.4567584991
591335,1751924772.3189986,1751925351.8433447,batch_consumer-sts-0_20250707_215610_118654.csv,True,False,False,1751925379.8232613,607504.2626857758
591345,1751924772.319188,1751925351.8699942,batch_consumer-sts-0_20250707_215610_118654.csv,True,False,False,1751925379.8232613,607504.0731430054
591355,1751924772.3193836,1751925351.8966014,batch_consumer-sts-0_20250707_215610_118654.csv,True,False,False,1751925379.8232613,607503.8776397705
591365,1751924772.3195794,1751925351.9236283,batch_consumer-sts-0_20250707_215610_118654.csv,True,False,False,1751925379.8232613,607503.6818981171
591375,1751924772.3197618,1751925351.9505925,batch_consumer-sts-0_20250707_215610_118654.csv,True,False,False,1751925379.8232613,607503.499507904
591385,1751924772.3199458,1751925351.97782,batch_consumer-sts-0_20250707_215610_118654.csv,True,False,False,1751925379.8232613,607503.315448761
591395,1751924772.3201313,1751925352.0047371,batch_consumer-sts-0_20250707_215610_118654.csv,True,False,False,1751925379.8232613,607503.1299591064
591405,1751924772.32031,1751925352.0316186,batch_consumer-sts-0_20250707_215610_118654.csv,True,False,False,1751925379.8232613,607502.9511451721
591415,1751924772.320494,1751925352.0584197,batch_consumer-sts-0_20250707_215610_118654.csv,True,False,False,1751925379.8232613,607502.7673244476
591425,1751924772.3206744,1751925352.0851169,batch_consumer-sts-0_20250707_215610_118654.csv,True,False,False,1751925379.8232613,607502.5868415833
591435,1751924772.3208556,1751925352.1113377,batch_consumer-sts-0_20250707_215610_118654.csv,True,False,False,1751925379.8232613,607502.4056434631
591445,1751924772.3210423,1751925352.1375172,batch_consumer-sts-0_20250707_215610_118654.csv,True,False,False,1751925379.8232613,607502.2189617157
591455,1751924772.3212268,1751925352.3368704,batch_consumer-sts-0_20250707_215610_118654.csv,True,False,False,1751925379.8232613,607502.0344257355
591465,1751924772.3214135,1751925352.363004,batch_consumer-sts-0_20250707_215610_118654.csv,True,False,False,1751925379.8232613,607501.847743988
591475,1751924772.3216183,1751925352.3887398,batch_consumer-sts-0_20250707_215610_118654.csv,True,False,False,1751925379.8232613,607501.6429424286
591485,1751924772.3218074,1751925352.415026,batch_consumer-sts-0_20250707_215610_118654.csv,True,False,False,1751925379.8232613,607501.4538764954
591495,1751924772.321999,1751925352.4410114,batch_consumer-sts-0_20250707_215610_118654.csv,True,False,False,1751925379.8232613,607501.2621879578
591505,1751924772.3222,1751925352.467411,batch_consumer-sts-0_20250707_215610_118654.csv,True,False,False,1751925379.8232613,607501.0612010956
591515,1751924772.322435,1751925352.4931889,batch_consumer-sts-0_20250707_215610_118654.csv,True,False,False,1751925379.8232613,607500.8263587952
591525,1751924772.3226516,1751925352.5193837,batch_consumer-sts-0_20250707_215610_118654.csv,True,False,False,1751925379.8232613,607500.6096363068
591535,1751924772.3228953,1751925352.5452168,batch_consumer-sts-0_20250707_215610_118654.csv,True,False,False,1751925379.8232613,607500.3659725189
591545,1751924772.3237004,1751925352.5712929,batch_consumer-sts-0_20250707_215610_118654.csv,True,False,False,1751925379.8232613,607499.5608329773
591555,1751924772.3239288,1751925352.5972986,batch_consumer-sts-0_20250707_215610_118654.csv,True,False,False,1751925379.8232613,607499.3324279785
591565,1751924772.3241556,1751925352.6235003,batch_consumer-sts-0_20250707_215610_118654.csv,True,False,False,1751925379.8232613,607499.1056919098
591575,1751924772.3243876,1751925352.6496964,batch_consumer-sts-0_20250707_215610_118654.csv,True,False,False,1751925379.8232613,607498.8737106323
591585,1751924772.324631,1751925352.6758633,batch_consumer-sts-0_20250707_215610_118654.csv,True,False,False,1751925379.8232613,607498.6302852631
591595,1751924772.3248205,1751925352.7020032,batch_consumer-sts-0_20250707_215610_118654.csv,True,False,False,1751925379.8232613,607498.4407424927
591605,1751924772.3250525,1751925352.7282655,batch_consumer-sts-0_20250707_215610_118654.csv,True,False,False,1751925379.8232613,607498.2087612152
591615,1751924772.3252594,1751925352.754079,batch_consumer-sts-0_20250707_215610_118654.csv,True,False,False,1751925379.8232613,607498.0018138885
591625,1751924772.325469,1751925352.7802389,batch_consumer-sts-0_20250707_215610_118654.csv,True,False,False,1751925379.8232613,607497.7922439575
591635,1751924772.3256946,1751925352.8063955,batch_consumer-sts-0_20250707_215610_118654.csv,True,False,False,1751925379.8232613,607497.5666999817
591645,1751924772.3259056,1751925352.8324003,batch_consumer-sts-0_20250707_215610_118654.csv,True,False,False,1751925379.8232613,607497.3556995392
591655,1751924772.3261597,1751925352.8583455,batch_consumer-sts-0_20250707_215610_118654.csv,True,False,False,1751925379.8232613,607497.1015453339
591665,1751924772.3263874,1751925352.884375,batch_consumer-sts-0_20250707_215610_118654.csv,True,False,False,1751925379.8232613,607496.8738555908
591675,1751924772.326616,1751925352.9106472,batch_consumer-sts-0_20250707_215610_118654.csv,True,False,False,1751925379.8232613,607496.6452121735
591685,1751924772.3268473,1751925352.9368372,batch_consumer-sts-0_20250707_215610_118654.csv,True,False,False,1751925379.8232613,607496.4139461517
591695,1751924772.327083,1751925352.9625328,batch_consumer-sts-0_20250707_215610_118654.csv,True,False,False,1751925379.8232613,607496.178150177
591705,1751924772.327321,1751925352.9883468,batch_consumer-sts-0_20250707_215610_118654.csv,True,False,False,1751925379.8232613,607495.9402084351
591715,1751924772.3275526,1751925353.014645,batch_consumer-sts-0_20250707_215610_118654.csv,True,False,False,1751925379.8232613,607495.7087039948
591725,1751924772.3277886,1751925353.040485,batch_consumer-sts-0_20250707_215610_118654.csv,True,False,False,1751925379.8232613,607495.4726696014
591735,1751924772.3280268,1751925353.0667486,batch_consumer-sts-0_20250707_215610_118654.csv,True,False,False,1751925379.8232613,607495.2344894409
591745,1751924772.328285,1751925353.092868,batch_consumer-sts-0_20250707_215610_118654.csv,True,False,False,1751925379.8232613,607494.9762821198
591755,1751924772.328511,1751925353.1210394,batch_consumer-sts-0_20250707_215610_118654.csv,True,False,False,1751925379.8232613,607494.7502613068
591765,1751924772.328725,1751925353.1451452,batch_consumer-sts-0_20250707_215610_118654.csv,True,False,False,1751925379.8232613,607494.5361614227
643425,1751924773.452561,1751925353.171684,batch_consumer-sts-0_20250707_215610_118654.csv,True,False,False,1751925379.8232613,606370.7003593445
643435,1751924773.4527547,1751925353.1975043,batch_consumer-sts-0_20250707_215610_118654.csv,True,False,False,1751925379.8232613,606370.5065250397
643445,1751924773.452951,1751925353.2240095,batch_consumer-sts-0_20250707_215610_118654.csv,True,False,False,1751925379.8232613,606370.3103065491
643455,1751924773.4531436,1751925353.2507398,batch_consumer-sts-0_20250707_215610_118654.csv,True,False,False,1751925379.8232613,606370.1176643372
643465,1751924773.4533386,1751925353.2776077,batch_consumer-sts-0_20250707_215610_118654.csv,True,False,False,1751925379.8232613,606369.9226379395
643475,1751924773.4535258,1751925353.304713,batch_consumer-sts-0_20250707_215610_118654.csv,True,False,False,1751925379.8232613,606369.7354793549
643485,1751924773.4537165,1751925353.3318396,batch_consumer-sts-0_20250707_215610_118654.csv,True,False,False,1751925379.8232613,606369.5447444916
643495,1751924773.4539087,1751925353.3589036,batch_consumer-sts-0_20250707_215610_118654.csv,True,False,False,1751925379.8232613,606369.3525791168
643505,1751924773.4541037,1751925353.3858185,batch_consumer-sts-0_20250707_215610_118654.csv,True,False,False,1751925379.8232613,606369.1575527191
643515,1751924773.4543092,1751925353.4128232,batch_consumer-sts-0_20250707_215610_118654.csv,True,False,False,1751925379.8232613,606368.9520359039
643525,1751924773.454502,1751925353.439855,batch_consumer-sts-0_20250707_215610_118654.csv,True,False,False,1751925379.8232613,606368.7591552734
643535,1751924773.454694,1751925353.4671683,batch_consumer-sts-0_20250707_215610_118654.csv,True,False,False,1751925379.8232613,606368.5672283173
643545,1751924773.4548876,1751925353.494057,batch_consumer-sts-0_20250707_215610_118654.csv,True,False,False,1751925379.8232613,606368.373632431
643555,1751924773.455082,1751925353.5209134,batch_consumer-sts-0_20250707_215610_118654.csv,True,False,False,1751925379.8232613,606368.1793212891
643565,1751924773.455278,1751925353.5477965,batch_consumer-sts-0_20250707_215610_118654.csv,True,False,False,1751925379.8232613,606367.983341217
643575,1751924773.455464,1751925353.574785,batch_consumer-sts-0_20250707_215610_118654.csv,True,False,False,1751925379.8232613,606367.7973747253
643585,1751924773.4556482,1751925353.601494,batch_consumer-sts-0_20250707_215610_118654.csv,True,False,False,1751925379.8232613,606367.6130771637
643595,1751924773.4558315,1751925353.627715,batch_consumer-sts-0_20250707_215610_118654.csv,True,False,False,1751925379.8232613,606367.4297332764
643605,1751924773.4560373,1751925353.654079,batch_consumer-sts-0_20250707_215610_118654.csv,True,False,False,1751925379.8232613,606367.2239780426
643615,1751924773.4562266,1751925353.6809485,batch_consumer-sts-0_20250707_215610_118654.csv,True,False,False,1751925379.8232613,606367.0346736908
643625,1751924773.456425,1751925353.7077122,batch_consumer-sts-0_20250707_215610_118654.csv,True,False,False,1751925379.8232613,606366.836309433
643635,1751924773.4566116,1751925353.7342513,batch_consumer-sts-0_20250707_215610_118654.csv,True,False,False,1751925379.8232613,606366.6496276855
643645,1751924773.4568112,1751925353.760665,batch_consumer-sts-0_20250707_215610_118654.csv,True,False,False,1751925379.8232613,606366.4500713348
643655,1751924773.4570007,1751925353.787439,batch_consumer-sts-0_20250707_215610_118654.csv,True,False,False,1751925379.8232613,606366.2605285645
643665,1751924773.4571934,1751925353.814091,batch_consumer-sts-0_20250707_215610_118654.csv,True,False,False,1751925379.8232613,606366.0678863525
643675,1751924773.457383,1751925353.840852,batch_consumer-sts-0_20250707_215610_118654.csv,True,False,False,1751925379.8232613,606365.8783435822
643685,1751924773.457585,1751925354.8692975,batch_consumer-sts-0_20250707_215610_118654.csv,True,False,False,1751925379.8232613,606365.6761646271
643695,1751924773.4577892,1751925354.8954434,batch_consumer-sts-0_20250707_215610_118654.csv,True,False,False,1751925379.8232613,606365.4720783234
643705,1751924773.457981,1751925355.3768516,batch_consumer-sts-0_20250707_215610_118654.csv,True,False,False,1751925379.8232613,606365.2801513672
643715,1751924773.4581764,1751925355.4032266,batch_consumer-sts-0_20250707_215610_118654.csv,True,False,False,1751925379.8232613,606365.0848865509
643725,1751924773.4583683,1751925355.4246368,batch_consumer-sts-0_20250707_215610_118654.csv,True,False,False,1751925379.8232613,606364.8929595947
643735,1751924773.4585624,1751925355.4508314,batch_consumer-sts-0_20250707_215610_118654.csv,True,False,False,1751925379.8232613,606364.6988868713
643745,1751924773.45876,1751925355.4773598,batch_consumer-sts-0_20250707_215610_118654.csv,True,False,False,1751925379.8232613,606364.5012378693
643755,1751924773.4589553,1751925355.50334,batch_consumer-sts-0_20250707_215610_118654.csv,True,False,False,1751925379.8232613,606364.305973053
643765,1751924773.4591503,1751925355.5295155,batch_consumer-sts-0_20250707_215610_118654.csv,True,False,False,1751925379.8232613,606364.1109466553
643775,1751924773.459349,1751925355.5557415,batch_consumer-sts-0_20250707_215610_118654.csv,True,False,False,1751925379.8232613,606363.9123439789
643785,1751924773.4597485,1751925355.5817118,batch_consumer-sts-0_20250707_215610_118654.csv,True,False,False,1751925379.8232613,606363.5127544403
643795,1751924773.459932,1751925355.6075757,batch_consumer-sts-0_20250707_215610_118654.csv,True,False,False,1751925379.8232613,606363.3291721344
643805,1751924773.460118,1751925355.633638,batch_consumer-sts-0_20250707_215610_118654.csv,True,False,False,1751925379.8232613,606363.1432056427
643815,1751924773.4602969,1751925355.6596189,batch_consumer-sts-0_20250707_215610_118654.csv,True,False,False,1751925379.8232613,606362.9643917084
643825,1751924773.4604828,1751925355.68612,batch_consumer-sts-0_20250707_215610_118654.csv,True,False,False,1751925379.8232613,606362.7784252167
643835,1751924773.460663,1751925355.7120538,batch_consumer-sts-0_20250707_215610_118654.csv,True,False,False,1751925379.8232613,606362.5981807709
643845,1751924773.4608445,1751925355.7378569,batch_consumer-sts-0_20250707_215610_118654.csv,True,False,False,1751925379.8232613,606362.4167442322
643855,1751924773.4610262,1751925355.7637334,batch_consumer-sts-0_20250707_215610_118654.csv,True,False,False,1751925379.8232613,606362.2350692749
643865,1751924773.4612055,1751925355.7896743,batch_consumer-sts-0_20250707_215610_118654.csv,True,False,False,1751925379.8232613,606362.0557785034
643875,1751924773.461394,1751925355.8155136,batch_consumer-sts-0_20250707_215610_118654.csv,True,False,False,1751925379.8232613,606361.8671894073
643885,1751924773.4615796,1751925355.8417852,batch_consumer-sts-0_20250707_215610_118654.csv,True,False,False,1751925379.8232613,606361.6816997528
643895,1751924773.461759,1751925355.8674994,batch_consumer-sts-0_20250707_215610_118654.csv,True,False,False,1751925379.8232613,606361.5021705627
643905,1751924773.4619403,1751925355.893505,batch_consumer-sts-0_20250707_215610_118654.csv,True,False,False,1751925379.8232613,606361.3209724426
643915,1751924773.462119,1751925355.9195004,batch_consumer-sts-0_20250707_215610_118654.csv,True,False,False,1751925379.8232613,606361.1421585083
643925,1751924773.4623327,1751925355.945678,batch_consumer-sts-0_20250707_215610_118654.csv,True,False,False,1751925379.8232613,606360.9285354614
643935,1751924773.4626994,1751925355.9715164,batch_consumer-sts-0_20250707_215610_118654.csv,True,False,False,1751925379.8232613,606360.5618476868
643945,1751924773.462889,1751925355.9972107,batch_consumer-sts-0_20250707_215610_118654.csv,True,False,False,1751925379.8232613,606360.3723049164
643955,1751924773.4632528,1751925356.0229082,batch_consumer-sts-0_20250707_215610_118654.csv,True,False,False,1751925379.8232613,606360.0084781647
643965,1751924773.4639814,1751925356.0486455,batch_consumer-sts-0_20250707_215610_118654.csv,True,False,False,1751925379.8232613,606359.2798709869
643975,1751924773.4643605,1751925356.0746107,batch_consumer-sts-0_20250707_215610_118654.csv,True,False,False,1751925379.8232613,606358.9007854462
643985,1751924773.4645438,1751925356.1005375,batch_consumer-sts-0_20250707_215610_118654.csv,True,False,False,1751925379.8232613,606358.7174415588
643995,1751924773.4647286,1751925356.1266832,batch_consumer-sts-0_20250707_215610_118654.csv,True,False,False,1751925379.8232613,606358.53266716
644005,1751924773.464923,1751925356.1526115,batch_consumer-sts-0_20250707_215610_118654.csv,True,False,False,1751925379.8232613,606358.3383560181
644015,1751924773.4650917,1751925356.1785357,batch_consumer-sts-0_20250707_215610_118654.csv,True,False,False,1751925379.8232613,606358.1695556641
644025,1751924773.4652643,1751925356.204294,batch_consumer-sts-0_20250707_215610_118654.csv,True,False,False,1751925379.8232613,606357.9969406128
644035,1751924773.4654377,1751925356.2302256,batch_consumer-sts-0_20250707_215610_118654.csv,True,False,False,1751925379.8232613,606357.8236103058
644045,1751924773.465608,1751925356.2558594,batch_consumer-sts-0_20250707_215610_118654.csv,True,False,False,1751925379.8232613,606357.6533794403
644055,1751924773.4657855,1751925356.2819204,batch_consumer-sts-0_20250707_215610_118654.csv,True,False,False,1751925379.8232613,606357.4757575989
644065,1751924773.465961,1751925356.308111,batch_consumer-sts-0_20250707_215610_118654.csv,True,False,False,1751925379.8232613,606357.3002815247
644075,1751924773.4661384,1751925356.3344662,batch_consumer-sts-0_20250707_215610_118654.csv,True,False,False,1751925379.8232613,606357.1228981018
644085,1751924773.466414,1751925356.3607545,batch_consumer-sts-0_20250707_215610_118654.csv,True,False,False,1751925379.8232613,606356.8472862244
644095,1751924773.4665976,1751925356.3868518,batch_consumer-sts-0_20250707_215610_118654.csv,True,False,False,1751925379.8232613,606356.6637039185
644105,1751924773.4667847,1751925356.4126985,batch_consumer-sts-0_20250707_215610_118654.csv,True,False,False,1751925379.8232613,606356.4765453339
644115,1751924773.4669688,1751925356.438942,batch_consumer-sts-0_20250707_215610_118654.csv,True,False,False,1751925379.8232613,606356.2924861908
644125,1751924773.4671526,1751925356.4652317,batch_consumer-sts-0_20250707_215610_118654.csv,True,False,False,1751925379.8232613,606356.1086654663
644135,1751924773.4673324,1751925356.4913604,batch_consumer-sts-0_20250707_215610_118654.csv,True,False,False,1751925379.8232613,606355.9288978577
644145,1751924773.4675226,1751925356.5175824,batch_consumer-sts-0_20250707_215610_118654.csv,True,False,False,1751925379.8232613,606355.7386398315
644155,1751924773.467711,1751925356.543539,batch_consumer-sts-0_20250707_215610_118654.csv,True,False,False,1751925379.8232613,606355.550289154
644165,1751924773.467898,1751925356.5702822,batch_consumer-sts-0_20250707_215610_118654.csv,True,False,False,1751925379.8232613,606355.363368988
644175,1751924773.468084,1751925356.596491,batch_consumer-sts-0_20250707_215610_118654.csv,True,False,False,1751925379.8232613,606355.1771640778
644185,1751924773.4682727,1751925356.6224482,batch_consumer-sts-0_20250707_215610_118654.csv,True,False,False,1751925379.8232613,606354.9885749817
644195,1751924773.46846,1751925356.648414,batch_consumer-sts-0_20250707_215610_118654.csv,True,False,False,1751925379.8232613,606354.8011779785
644205,1751924773.4686444,1751925356.675046,batch_consumer-sts-0_20250707_215610_118654.csv,True,False,False,1751925379.8232613,606354.6168804169
644215,1751924773.4688308,1751925356.702023,batch_consumer-sts-0_20250707_215610_118654.csv,True,False,False,1751925379.8232613,606354.430437088
644225,1751924773.4690125,1751925356.7285137,batch_consumer-sts-0_20250707_215610_118654.csv,True,False,False,1751925379.8232613,606354.2487621307
644235,1751924773.4692025,1751925356.754555,batch_consumer-sts-0_20250707_215610_118654.csv,True,False,False,1751925379.8232613,606354.0587425232
644245,1751924773.4693935,1751925356.7809854,batch_consumer-sts-0_20250707_215610_118654.csv,True,False,False,1751925379.8232613,606353.8677692413
644255,1751924773.4695785,1751925356.8069603,batch_consumer-sts-0_20250707_215610_118654.csv,True,False,False,1751925379.8232613,606353.682756424
644265,1751924773.4697614,1751925356.8326557,batch_consumer-sts-0_20250707_215610_118654.csv,True,False,False,1751925379.8232613,606353.4998893738
644275,1751924773.4699464,1751925356.8589191,batch_consumer-sts-0_20250707_215610_118654.csv,True,False,False,1751925379.8232613,606353.3148765564
644285,1751924773.470134,1751925356.8906512,batch_consumer-sts-0_20250707_215610_118654.csv,True,False,False,1751925379.8232613,606353.1272411346
644295,1751924773.470346,1751925356.9169705,batch_consumer-sts-0_20250707_215610_118654.csv,True,False,False,1751925379.8232613,606352.9152870178
644305,1751924773.4705384,1751925356.943389,batch_consumer-sts-0_20250707_215610_118654.csv,True,False,False,1751925379.8232613,606352.7228832245
644315,1751924773.4707308,1751925356.969971,batch_consumer-sts-0_20250707_215610_118654.csv,True,False,False,1751925379.8232613,606352.5304794312
644325,1751924773.4709277,1751925356.9961872,batch_consumer-sts-0_20250707_215610_118654.csv,True,False,False,1751925379.8232613,606352.3335456848
644335,1751924773.4711196,1751925357.0223353,batch_consumer-sts-0_20250707_215610_118654.csv,True,False,False,1751925379.8232613,606352.1416187286
644345,1751924773.4713228,1751925357.0484202,batch_consumer-sts-0_20250707_215610_118654.csv,True,False,False,1751925379.8232613,606351.9384860992
644355,1751924773.471508,1751925357.0758731,batch_consumer-sts-0_20250707_215610_118654.csv,True,False,False,1751925379.8232613,606351.7532348633
644365,1751924773.471692,1751925357.1022234,batch_consumer-sts-0_20250707_215610_118654.csv,True,False,False,1751925379.8232613,606351.5691757202
644375,1751924773.471874,1751925357.1283667,batch_consumer-sts-0_20250707_215610_118654.csv,True,False,False,1751925379.8232613,606351.3872623444
644385,1751924773.4720554,1751925357.1547618,batch_consumer-sts-0_20250707_215610_118654.csv,True,False,False,1751925379.8232613,606351.2058258057
644395,1751924773.472239,1751925357.1813066,batch_consumer-sts-0_20250707_215610_118654.csv,True,False,False,1751925379.8232613,606351.0222434998
644405,1751924773.4724245,1751925357.207712,batch_consumer-sts-0_20250707_215610_118654.csv,True,False,False,1751925379.8232613,606350.8367538452
644415,1751924773.4726117,1751925357.2341502,batch_consumer-sts-0_20250707_215610_118654.csv,True,False,False,1751925379.8232613,606350.6495952606
644425,1751924773.4727936,1751925357.2605343,batch_consumer-sts-0_20250707_215610_118654.csv,True,False,False,1751925379.8232613,606350.4676818848
644435,1751924773.4729958,1751925357.5246785,batch_consumer-sts-0_20250707_215610_118654.csv,True,False,False,1751925379.8232613,606350.2655029297
644445,1751924773.473183,1751925357.550894,batch_consumer-sts-0_20250707_215610_118654.csv,True,False,False,1751925379.8232613,606350.0783443451
644455,1751924773.4733772,1751925357.576613,batch_consumer-sts-0_20250707_215610_118654.csv,True,False,False,1751925379.8232613,606349.8840332031
644465,1751924773.4735675,1751925357.6027858,batch_consumer-sts-0_20250707_215610_118654.csv,True,False,False,1751925379.8232613,606349.693775177
644475,1751924773.4743176,1751925357.628888,batch_consumer-sts-0_20250707_215610_118654.csv,True,False,False,1751925379.8232613,606348.9437103271
644485,1751924773.474526,1751925357.6554549,batch_consumer-sts-0_20250707_215610_118654.csv,True,False,False,1751925379.8232613,606348.735332489
644495,1751924773.4747305,1751925357.6812437,batch_consumer-sts-0_20250707_215610_118654.csv,True,False,False,1751925379.8232613,606348.5307693481
644505,1751924773.474905,1751925357.7077208,batch_consumer-sts-0_20250707_215610_118654.csv,True,False,False,1751925379.8232613,606348.3562469482
644515,1751924773.4750838,1751925357.733251,batch_consumer-sts-0_20250707_215610_118654.csv,True,False,False,1751925379.8232613,606348.1774330139
644525,1751924773.4752655,1751925357.7594583,batch_consumer-sts-0_20250707_215610_118654.csv,True,False,False,1751925379.8232613,606347.9957580566
644535,1751924773.4754436,1751925357.7855432,batch_consumer-sts-0_20250707_215610_118654.csv,True,False,False,1751925379.8232613,606347.817659378
644545,1751924773.47562,1751925357.8119557,batch_consumer-sts-0_20250707_215610_118654.csv,True,False,False,1751925379.8232613,606347.6412296295
644555,1751924773.4758031,1751925357.837983,batch_consumer-sts-0_20250707_215610_118654.csv,True,False,False,1751925379.8232613,606347.4581241608
644565,1751924773.4759808,1751925357.8637724,batch_consumer-sts-0_20250707_215610_118654.csv,True,False,False,1751925379.8232613,606347.2805023193
644575,1751924773.4761608,1751925357.889461,batch_consumer-sts-0_20250707_215610_118654.csv,True,False,False,1751925379.8232613,606347.1004962921
644585,1751924773.4763458,1751925357.915434,batch_consumer-sts-0_20250707_215610_118654.csv,True,False,False,1751925379.8232613,606346.9154834747
644595,1751924773.4765272,1751925357.9413333,batch_consumer-sts-0_20250707_215610_118654.csv,True,False,False,1751925379.8232613,606346.734046936
644605,1751924773.4767058,1751925357.9671142,batch_consumer-sts-0_20250707_215610_118654.csv,True,False,False,1751925379.8232613,606346.5554714203
644615,1751924773.4768865,1751925357.9927416,batch_consumer-sts-0_20250707_215610_118654.csv,True,False,False,1751925379.8232613,606346.3747501373
644625,1751924773.4770677,1751925358.0186346,batch_consumer-sts-0_20250707_215610_118654.csv,True,False,False,1751925379.8232613,606346.1935520172
644635,1751924773.4772477,1751925358.0500283,batch_consumer-sts-0_20250707_215610_118654.csv,True,False,False,1751925379.8232613,606346.01354599
644645,1751924773.4774275,1751925358.0762377,batch_consumer-sts-0_20250707_215610_118654.csv,True,False,False,1751925379.8232613,606345.8337783813
644655,1751924773.477625,1751925358.102312,batch_consumer-sts-0_20250707_215610_118654.csv,True,False,False,1751925379.8232613,606345.6363677979
644665,1751924773.477816,1751925358.1283205,batch_consumer-sts-0_20250707_215610_118654.csv,True,False,False,1751925379.8232613,606345.4451560974
644675,1751924773.4780047,1751925358.1545155,batch_consumer-sts-0_20250707_215610_118654.csv,True,False,False,1751925379.8232613,606345.2565670013
644685,1751924773.478201,1751925358.1807678,batch_consumer-sts-0_20250707_215610_118654.csv,True,False,False,1751925379.8232613,606345.0603485107
644695,1751924773.478425,1751925358.2068734,batch_consumer-sts-0_20250707_215610_118654.csv,True,False,False,1751925379.8232613,606344.8362350464
644705,1751924773.4786477,1751925358.2330973,batch_consumer-sts-0_20250707_215610_118654.csv,True,False,False,1751925379.8232613,606344.6135520935
644715,1751924773.4788597,1751925358.2595367,batch_consumer-sts-0_20250707_215610_118654.csv,True,False,False,1751925379.8232613,606344.4015979767
644725,1751924773.4790747,1751925358.2858226,batch_consumer-sts-0_20250707_215610_118654.csv,True,False,False,1751925379.8232613,606344.1865444183
644735,1751924773.479268,1751925358.3120017,batch_consumer-sts-0_20250707_215610_118654.csv,True,False,False,1751925379.8232613,606343.9931869507
644745,1751924773.479463,1751925358.338509,batch_consumer-sts-0_20250707_215610_118654.csv,True,False,False,1751925379.8232613,606343.798160553
644755,1751924773.4796667,1751925358.364951,batch_consumer-sts-0_20250707_215610_118654.csv,True,False,False,1751925379.8232613,606343.5945510864
644765,1751924773.4798453,1751925358.391535,batch_consumer-sts-0_20250707_215610_118654.csv,True,False,False,1751925379.8232613,606343.4159755707
644775,1751924773.4800284,1751925358.4178178,batch_consumer-sts-0_20250707_215610_118654.csv,True,False,False,1751925379.8232613,606343.2328701019
644785,1751924773.4802136,1751925358.443969,batch_consumer-sts-0_20250707_215610_118654.csv,True,False,False,1751925379.8232613,606343.047618866
644795,1751924773.480396,1751925358.4703124,batch_consumer-sts-0_20250707_215610_118654.csv,True,False,False,1751925379.8232613,606342.865228653
644805,1751924773.480604,1751925358.4968915,batch_consumer-sts-0_20250707_215610_118654.csv,True,False,False,1751925379.8232613,606342.657327652
644815,1751924773.480794,1751925358.523553,batch_consumer-sts-0_20250707_215610_118654.csv,True,False,False,1751925379.8232613,606342.4673080444
644825,1751924773.4809885,1751925358.5500164,batch_consumer-sts-0_20250707_215610_118654.csv,True,False,False,1751925379.8232613,606342.2727584839
644835,1751924773.4814734,1751925358.5765646,batch_consumer-sts-0_20250707_215610_118654.csv,True,False,False,1751925379.8232613,606341.787815094
644845,1751924773.4819555,1751925358.603553,batch_consumer-sts-0_20250707_215610_118654.csv,True,False,False,1751925379.8232613,606341.305732727
644855,1751924773.4824512,1751925358.6301832,batch_consumer-sts-0_20250707_215610_118654.csv,True,False,False,1751925379.8232613,606340.8100605011
644865,1751924773.4826655,1751925358.6571152,batch_consumer-sts-0_20250707_215610_118654.csv,True,False,False,1751925379.8232613,606340.5957221985
644875,1751924773.482878,1751925358.683854,batch_consumer-sts-0_20250707_215610_118654.csv,True,False,False,1751925379.8232613,606340.3832912445
644885,1751924773.4830878,1751925358.710725,batch_consumer-sts-0_20250707_215610_118654.csv,True,False,False,1751925379.8232613,606340.1734828949
644895,1751924773.483309,1751925358.7377367,batch_consumer-sts-0_20250707_215610_118654.csv,True,False,False,1751925379.8232613,606339.9522304535
644905,1751924773.4835389,1751925358.764442,batch_consumer-sts-0_20250707_215610_118654.csv,True,False,False,1751925379.8232613,606339.7223949432
644915,1751924773.483753,1751925358.7911782,batch_consumer-sts-0_20250707_215610_118654.csv,True,False,False,1751925379.8232613,606339.5082950592
644925,1751924773.4839754,1751925358.8178425,batch_consumer-sts-0_20250707_215610_118654.csv,True,False,False,1751925379.8232613,606339.2858505249
644935,1751924773.4841654,1751925358.844591,batch_consumer-sts-0_20250707_215610_118654.csv,True,False,False,1751925379.8232613,606339.0958309174
644945,1751924773.4843566,1751925358.8713906,batch_consumer-sts-0_20250707_215610_118654.csv,True,False,False,1751925379.8232613,606338.9046192169
644955,1751924773.4845605,1751925358.8979197,batch_consumer-sts-0_20250707_215610_118654.csv,True,False,False,1751925379.8232613,606338.7007713318
644965,1751924773.484733,1751925358.9242952,batch_consumer-sts-0_20250707_215610_118654.csv,True,False,False,1751925379.8232613,606338.5281562805
644975,1751924773.4849148,1751925358.9508386,batch_consumer-sts-0_20250707_215610_118654.csv,True,False,False,1751925379.8232613,606338.3464813232
644985,1751924773.4850907,1751925358.9775138,batch_consumer-sts-0_20250707_215610_118654.csv,True,False,False,1751925379.8232613,606338.1705284119
644995,1751924773.4852643,1751925359.0043528,batch_consumer-sts-0_20250707_215610_118654.csv,True,False,False,1751925379.8232613,606337.9969596863
645005,1751924773.4854443,1751925359.030929,batch_consumer-sts-0_20250707_215610_118654.csv,True,False,False,1751925379.8232613,606337.816953659
645015,1751924773.4856277,1751925359.0575526,batch_consumer-sts-0_20250707_215610_118654.csv,True,False,False,1751925379.8232613,606337.6336097717
645025,1751924773.4858072,1751925359.0845122,batch_consumer-sts-0_20250707_215610_118654.csv,True,False,False,1751925379.8232613,606337.4540805817
645035,1751924773.4859858,1751925359.1112363,batch_consumer-sts-0_20250707_215610_118654.csv,True,False,False,1751925379.8232613,606337.2755050659
645045,1751924773.4861686,1751925359.1377914,batch_consumer-sts-0_20250707_215610_118654.csv,True,False,False,1751925379.8232613,606337.0926380157
645055,1751924773.4863534,1751925359.1648307,batch_consumer-sts-0_20250707_215610_118654.csv,True,False,False,1751925379.8232613,606336.907863617
645065,1751924773.486538,1751925359.1914966,batch_consumer-sts-0_20250707_215610_118654.csv,True,False,False,1751925379.8232613,606336.7233276367
645075,1751924773.4867208,1751925359.2182329,batch_consumer-sts-0_20250707_215610_118654.csv,True,False,False,1751925379.8232613,606336.5404605865
645085,1751924773.4869015,1751925360.2471642,batch_consumer-sts-0_20250707_215610_118654.csv,True,False,False,1751925379.8232613,606336.3597393036
645095,1751924773.4870915,1751925360.4032738,batch_consumer-sts-0_20250707_215610_118654.csv,True,False,False,1751925379.8232613,606336.169719696
645105,1751924773.4872658,1751925360.4298284,batch_consumer-sts-0_20250707_215610_118654.csv,True,False,False,1751925379.8232613,606335.9954357147
645115,1751924773.4874468,1751925360.4560733,batch_consumer-sts-0_20250707_215610_118654.csv,True,False,False,1751925379.8232613,606335.8144760132
645125,1751924773.487631,1751925360.48252,batch_consumer-sts-0_20250707_215610_118654.csv,True,False,False,1751925379.8232613,606335.6301784515
645135,1751924773.4878118,1751925360.5088975,batch_consumer-sts-0_20250707_215610_118654.csv,True,False,False,1751925379.8232613,606335.4494571686
645145,1751924773.487993,1751925360.5353212,batch_consumer-sts-0_20250707_215610_118654.csv,True,False,False,1751925379.8232613,606335.2682590485
645155,1751924773.4881735,1751925360.561691,batch_consumer-sts-0_20250707_215610_118654.csv,True,False,False,1751925379.8232613,606335.0877761841
645165,1751924773.488355,1751925360.5882494,batch_consumer-sts-0_20250707_215610_118654.csv,True,False,False,1751925379.8232613,606334.9063396454
645175,1751924773.4885378,1751925360.614599,batch_consumer-sts-0_20250707_215610_118654.csv,True,False,False,1751925379.8232613,606334.7234725952
645185,1751924773.4887445,1751925360.6410885,batch_consumer-sts-0_20250707_215610_118654.csv,True,False,False,1751925379.8232613,606334.5167636871
645195,1751924773.4892054,1751925360.667556,batch_consumer-sts-0_20250707_215610_118654.csv,True,False,False,1751925379.8232613,606334.0559005737
645205,1751924773.490704,1751925360.6939874,batch_consumer-sts-0_20250707_215610_118654.csv,True,False,False,1751925379.8232613,606332.5572013855
645215,1751924773.4919276,1751925360.7206006,batch_consumer-sts-0_20250707_215610_118654.csv,True,False,False,1751925379.8232613,606331.3336372375
645225,1751924773.4921093,1751925360.7471595,batch_consumer-sts-0_20250707_215610_118654.csv,True,False,False,1751925379.8232613,606331.1519622803
645235,1751924773.4922943,1751925360.7736197,batch_consumer-sts-0_20250707_215610_118654.csv,True,False,False,1751925379.8232613,606330.9669494629
645245,1751924773.4924743,1751925360.8002565,batch_consumer-sts-0_20250707_215610_118654.csv,True,False,False,1751925379.8232613,606330.7869434357
661995,1751924773.854221,1751925360.8267293,batch_consumer-sts-0_20250707_215610_118654.csv,True,False,False,1751925379.8232613,605969.0401554108
662005,1751924773.854437,1751925360.8532407,batch_consumer-sts-0_20250707_215610_118654.csv,True,False,False,1751925379.8232613,605968.8241481781
662015,1751924773.8546498,1751925360.8798096,batch_consumer-sts-0_20250707_215610_118654.csv,True,False,False,1751925379.8232613,605968.6114788055
662025,1751924773.8548696,1751925360.9064803,batch_consumer-sts-0_20250707_215610_118654.csv,True,False,False,1751925379.8232613,605968.3916568756
662035,1751924773.85508,1751925360.9331682,batch_consumer-sts-0_20250707_215610_118654.csv,True,False,False,1751925379.8232613,605968.1813716888
662045,1751924773.85527,1751925360.9597163,batch_consumer-sts-0_20250707_215610_118654.csv,True,False,False,1751925379.8232613,605967.9913520813
662055,1751924773.8554726,1751925360.9861891,batch_consumer-sts-0_20250707_215610_118654.csv,True,False,False,1751925379.8232613,605967.7886962891
662065,1751924773.8556564,1751925361.0126944,batch_consumer-sts-0_20250707_215610_118654.csv,True,False,False,1751925379.8232613,605967.6048755646
662075,1751924773.8558395,1751925361.0392177,batch_consumer-sts-0_20250707_215610_118654.csv,True,False,False,1751925379.8232613,605967.4217700958
662085,1751924773.8560262,1751925361.0657327,batch_consumer-sts-0_20250707_215610_118654.csv,True,False,False,1751925379.8232613,605967.2350883484
662095,1751924773.8562367,1751925361.092375,batch_consumer-sts-0_20250707_215610_118654.csv,True,False,False,1751925379.8232613,605967.024564743
662105,1751924773.856429,1751925361.1185644,batch_consumer-sts-0_20250707_215610_118654.csv,True,False,False,1751925379.8232613,605966.8321609497
662115,1751924773.8566236,1751925361.1449249,batch_consumer-sts-0_20250707_215610_118654.csv,True,False,False,1751925379.8232613,605966.6376113892
662125,1751924773.856819,1751925361.1712968,batch_consumer-sts-0_20250707_215610_118654.csv,True,False,False,1751925379.8232613,605966.4423465729
662135,1751924773.8570166,1751925361.1976943,batch_consumer-sts-0_20250707_215610_118654.csv,True,False,False,1751925379.8232613,605966.2446975708
662145,1751924773.8577323,1751925361.223639,batch_consumer-sts-0_20250707_215610_118654.csv,True,False,False,1751925379.8232613,605965.5289649963
662155,1751924773.8579333,1751925361.249717,batch_consumer-sts-0_20250707_215610_118654.csv,True,False,False,1751925379.8232613,605965.3279781342
662165,1751924773.858125,1751925361.2729626,batch_consumer-sts-0_20250707_215610_118654.csv,True,False,False,1751925379.8232613,605965.1362895966
662175,1751924773.8583207,1751925361.2996194,batch_consumer-sts-0_20250707_215610_118654.csv,True,False,False,1751925379.8232613,605964.9405479431
662185,1751924773.8585408,1751925361.3264968,batch_consumer-sts-0_20250707_215610_118654.csv,True,False,False,1751925379.8232613,605964.7204875946
662195,1751924773.8587458,1751925361.352994,batch_consumer-sts-0_20250707_215610_118654.csv,True,False,False,1751925379.8232613,605964.5154476166
662205,1751924773.8589306,1751925361.3789072,batch_consumer-sts-0_20250707_215610_118654.csv,True,False,False,1751925379.8232613,605964.3306732178
662215,1751924773.859126,1751925361.403766,batch_consumer-sts-0_20250707_215610_118654.csv,True,False,False,1751925379.8232613,605964.1351699829
662225,1751924773.8593152,1751925361.4299798,batch_consumer-sts-0_20250707_215610_118654.csv,True,False,False,1751925379.8232613,605963.9461040497
662235,1751924773.8595135,1751925361.4563026,batch_consumer-sts-0_20250707_215610_118654.csv,True,False,False,1751925379.8232613,605963.7477397919
662245,1751924773.8596914,1751925361.4826484,batch_consumer-sts-0_20250707_215610_118654.csv,True,False,False,1751925379.8232613,605963.5698795319
662255,1751924773.859868,1751925361.5087948,batch_consumer-sts-0_20250707_215610_118654.csv,True,False,False,1751925379.8232613,605963.3932113647
662265,1751924773.860046,1751925361.5350518,batch_consumer-sts-0_20250707_215610_118654.csv,True,False,False,1751925379.8232613,605963.2153511047
662275,1751924773.860222,1751925361.560885,batch_consumer-sts-0_20250707_215610_118654.csv,True,False,False,1751925379.8232613,605963.0391597748
662285,1751924773.860401,1751925361.5871246,batch_consumer-sts-0_20250707_215610_118654.csv,True,False,False,1751925379.8232613,605962.8603458405
662295,1751924773.8605812,1751925361.6132536,batch_consumer-sts-0_20250707_215610_118654.csv,True,False,False,1751925379.8232613,605962.6801013947
662305,1751924773.8607593,1751925361.6392355,batch_consumer-sts-0_20250707_215610_118654.csv,True,False,False,1751925379.8232613,605962.5020027161
662315,1751924773.8609412,1751925361.6653552,batch_consumer-sts-0_20250707_215610_118654.csv,True,False,False,1751925379.8232613,605962.3200893402
662325,1751924773.8611238,1751925361.6916409,batch_consumer-sts-0_20250707_215610_118654.csv,True,False,False,1751925379.8232613,605962.1374607086
662335,1751924773.861307,1751925361.7177334,batch_consumer-sts-0_20250707_215610_118654.csv,True,False,False,1751925379.8232613,605961.9543552399
662345,1751924773.8615131,1751925361.744035,batch_consumer-sts-0_20250707_215610_118654.csv,True,False,False,1751925379.8232613,605961.748123169
662355,1751924773.8617454,1751925361.7704074,batch_consumer-sts-0_20250707_215610_118654.csv,True,False,False,1751925379.8232613,605961.5159034729
662365,1751924773.8619611,1751925361.7977057,batch_consumer-sts-0_20250707_215610_118654.csv,True,False,False,1751925379.8232613,605961.3001346588
662375,1751924773.862182,1751925361.8233602,batch_consumer-sts-0_20250707_215610_118654.csv,True,False,False,1751925379.8232613,605961.0793590546
662385,1751924773.8624368,1751925361.8492267,batch_consumer-sts-0_20250707_215610_118654.csv,True,False,False,1751925379.8232613,605960.8244895935
662395,1751924773.8626702,1751925361.875163,batch_consumer-sts-0_20250707_215610_118654.csv,True,False,False,1751925379.8232613,605960.5910778046
662405,1751924773.8629258,1751925361.9017062,batch_consumer-sts-0_20250707_215610_118654.csv,True,False,False,1751925379.8232613,605960.3354930878
662415,1751924773.8631551,1751925361.9272776,batch_consumer-sts-0_20250707_215610_118654.csv,True,False,False,1751925379.8232613,605960.1061344147
662425,1751924773.8633878,1751925361.953086,batch_consumer-sts-0_20250707_215610_118654.csv,True,False,False,1751925379.8232613,605959.8734378815
662435,1751924773.8636158,1751925361.978852,batch_consumer-sts-0_20250707_215610_118654.csv,True,False,False,1751925379.8232613,605959.6455097198
662445,1751924773.8638473,1751925362.0050762,batch_consumer-sts-0_20250707_215610_118654.csv,True,False,False,1751925379.8232613,605959.4140052795
662455,1751924773.8640952,1751925362.0307446,batch_consumer-sts-0_20250707_215610_118654.csv,True,False,False,1751925379.8232613,605959.1660499573
662465,1751924773.8643107,1751925362.056552,batch_consumer-sts-0_20250707_215610_118654.csv,True,False,False,1751925379.8232613,605958.9505195618
662475,1751924773.8645391,1751925362.0825148,batch_consumer-sts-0_20250707_215610_118654.csv,True,False,False,1751925379.8232613,605958.722114563
662485,1751924773.8647294,1751925362.1081896,batch_consumer-sts-0_20250707_215610_118654.csv,True,False,False,1751925379.8232613,605958.5318565369
662495,1751924773.8649278,1751925362.1340098,batch_consumer-sts-0_20250707_215610_118654.csv,True,False,False,1751925379.8232613,605958.333492279
662505,1751924773.8657053,1751925362.1589844,batch_consumer-sts-0_20250707_215610_118654.csv,True,False,False,1751925379.8232613,605957.5560092926
662515,1751924773.865884,1751925362.183764,batch_consumer-sts-0_20250707_215610_118654.csv,True,False,False,1751925379.8232613,605957.3771953583
662525,1751924773.86606,1751925362.2102015,batch_consumer-sts-0_20250707_215610_118654.csv,True,False,False,1751925379.8232613,605957.2012424469
662535,1751924773.866257,1751925362.2363975,batch_consumer-sts-0_20250707_215610_118654.csv,True,False,False,1751925379.8232613,605957.0043087006
662545,1751924773.8664453,1751925362.262317,batch_consumer-sts-0_20250707_215610_118654.csv,True,False,False,1751925379.8232613,605956.8159580231
662555,1751924773.8666322,1751925362.2885427,batch_consumer-sts-0_20250707_215610_118654.csv,True,False,False,1751925379.8232613,605956.629037857
662565,1751924773.8668482,1751925362.314508,batch_consumer-sts-0_20250707_215610_118654.csv,True,False,False,1751925379.8232613,605956.4130306244
662575,1751924773.8670647,1751925362.3404367,batch_consumer-sts-0_20250707_215610_118654.csv,True,False,False,1751925379.8232613,605956.1965465546
662585,1751924773.86727,1751925362.366838,batch_consumer-sts-0_20250707_215610_118654.csv,True,False,False,1751925379.8232613,605955.991268158
662595,1751924773.8674808,1751925362.603423,batch_consumer-sts-0_20250707_215610_118654.csv,True,False,False,1751925379.8232613,605955.780506134
662605,1751924773.8676624,1751925362.629327,batch_consumer-sts-0_20250707_215610_118654.csv,True,False,False,1751925379.8232613,605955.5988311768
662615,1751924773.8678403,1751925362.6555667,batch_consumer-sts-0_20250707_215610_118654.csv,True,False,False,1751925379.8232613,605955.4209709167
662625,1751924773.868022,1751925362.682009,batch_consumer-sts-0_20250707_215610_118654.csv,True,False,False,1751925379.8232613,605955.2392959595
662635,1751924773.8681974,1751925363.0638528,batch_consumer-sts-0_20250707_215610_118654.csv,True,False,False,1751925379.8232613,605955.0638198853
662645,1751924773.8683774,1751925363.0901864,batch_consumer-sts-0_20250707_215610_118654.csv,True,False,False,1751925379.8232613,605954.883813858
662655,1751924773.8685718,1751925363.1153002,batch_consumer-sts-0_20250707_215610_118654.csv,True,False,False,1751925379.8232613,605954.6895027161
662665,1751924773.868778,1751925363.1411624,batch_consumer-sts-0_20250707_215610_118654.csv,True,False,False,1751925379.8232613,605954.4832706451
662675,1751924773.8689606,1751925363.1672344,batch_consumer-sts-0_20250707_215610_118654.csv,True,False,False,1751925379.8232613,605954.3006420135
662685,1751924773.869141,1751925363.1933773,batch_consumer-sts-0_20250707_215610_118654.csv,True,False,False,1751925379.8232613,605954.1201591492
662695,1751924773.8693175,1751925363.219499,batch_consumer-sts-0_20250707_215610_118654.csv,True,False,False,1751925379.8232613,605953.9437294006
662705,1751924773.8695,1751925363.2454076,batch_consumer-sts-0_20250707_215610_118654.csv,True,False,False,1751925379.8232613,605953.7613391876
662715,1751924773.869704,1751925363.271539,batch_consumer-sts-0_20250707_215610_118654.csv,True,False,False,1751925379.8232613,605953.5572528839
662725,1751924773.8698986,1751925363.2976627,batch_consumer-sts-0_20250707_215610_118654.csv,True,False,False,1751925379.8232613,605953.3627033234
662735,1751924773.8700795,1751925363.3236082,batch_consumer-sts-0_20250707_215610_118654.csv,True,False,False,1751925379.8232613,605953.1817436218
662745,1751924773.8702972,1751925363.349426,batch_consumer-sts-0_20250707_215610_118654.csv,True,False,False,1751925379.8232613,605952.9640674591
662755,1751924773.8705146,1751925363.3755465,batch_consumer-sts-0_20250707_215610_118654.csv,True,False,False,1751925379.8232613,605952.746629715
662765,1751924773.870726,1751925363.4014602,batch_consumer-sts-0_20250707_215610_118654.csv,True,False,False,1751925379.8232613,605952.5351524353
662775,1751924773.8709402,1751925363.427854,batch_consumer-sts-0_20250707_215610_118654.csv,True,False,False,1751925379.8232613,605952.3210525513
662785,1751924773.8711576,1751925363.4535165,batch_consumer-sts-0_20250707_215610_118654.csv,True,False,False,1751925379.8232613,605952.1036148071
662795,1751924773.8713772,1751925363.47951,batch_consumer-sts-0_20250707_215610_118654.csv,True,False,False,1751925379.8232613,605951.8840312958
662805,1751924773.8715763,1751925363.5059614,batch_consumer-sts-0_20250707_215610_118654.csv,True,False,False,1751925379.8232613,605951.6849517822
662815,1751924773.8717911,1751925363.5316322,batch_consumer-sts-0_20250707_215610_118654.csv,True,False,False,1751925379.8232613,605951.4701366425
662825,1751924773.8720124,1751925363.5571487,batch_consumer-sts-0_20250707_215610_118654.csv,True,False,False,1751925379.8232613,605951.248884201
662835,1751924773.872209,1751925363.5834117,batch_consumer-sts-0_20250707_215610_118654.csv,True,False,False,1751925379.8232613,605951.0521888733
662845,1751924773.8735826,1751925363.60967,batch_consumer-sts-0_20250707_215610_118654.csv,True,False,False,1751925379.8232613,605949.6786594391
662855,1751924773.87382,1751925363.6357048,batch_consumer-sts-0_20250707_215610_118654.csv,True,False,False,1751925379.8232613,605949.4411945343
662865,1751924773.874006,1751925363.661715,batch_consumer-sts-0_20250707_215610_118654.csv,True,False,False,1751925379.8232613,605949.2552280426
662875,1751924773.8742151,1751925363.6878045,batch_consumer-sts-0_20250707_215610_118654.csv,True,False,False,1751925379.8232613,605949.0461349487
662885,1751924773.8744216,1751925363.7145689,batch_consumer-sts-0_20250707_215610_118654.csv,True,False,False,1751925379.8232613,605948.8396644592
662895,1751924773.8746338,1751925363.740333,batch_consumer-sts-0_20250707_215610_118654.csv,True,False,False,1751925379.8232613,605948.6274719238
662905,1751924773.8748395,1751925363.7660031,batch_consumer-sts-0_20250707_215610_118654.csv,True,False,False,1751925379.8232613,605948.4217166901
662915,1751924773.8750458,1751925363.7922127,batch_consumer-sts-0_20250707_215610_118654.csv,True,False,False,1751925379.8232613,605948.2154846191
662925,1751924773.8752606,1751925363.818136,batch_consumer-sts-0_20250707_215610_118654.csv,True,False,False,1751925379.8232613,605948.0006694794
662935,1751924773.8754785,1751925363.8440478,batch_consumer-sts-0_20250707_215610_118654.csv,True,False,False,1751925379.8232613,605947.7827548981
662945,1751924773.8756924,1751925363.8699555,batch_consumer-sts-0_20250707_215610_118654.csv,True,False,False,1751925379.8232613,605947.5688934326
662955,1751924773.875882,1751925363.8962402,batch_consumer-sts-0_20250707_215610_118654.csv,True,False,False,1751925379.8232613,605947.3793506622
662965,1751924773.8763373,1751925363.923314,batch_consumer-sts-0_20250707_215610_118654.csv,True,False,False,1751925379.8232613,605946.9239711761
662975,1751924773.8767765,1751925363.9499862,batch_consumer-sts-0_20250707_215610_118654.csv,True,False,False,1751925379.8232613,605946.4848041534
662985,1751924773.877207,1751925363.9757102,batch_consumer-sts-0_20250707_215610_118654.csv,True,False,False,1751925379.8232613,605946.0542201996
662995,1751924773.87739,1751925364.002584,batch_consumer-sts-0_20250707_215610_118654.csv,True,False,False,1751925379.8232613,605945.8713531494
663005,1751924773.877576,1751925364.0290575,batch_consumer-sts-0_20250707_215610_118654.csv,True,False,False,1751925379.8232613,605945.6851482391
663015,1751924773.8780234,1751925364.0561943,batch_consumer-sts-0_20250707_215610_118654.csv,True,False,False,1751925379.8232613,605945.2378749847
663025,1751924773.8782425,1751925364.0848324,batch_consumer-sts-0_20250707_215610_118654.csv,True,False,False,1751925379.8232613,605945.0187683105
663035,1751924773.8784585,1751925364.1107738,batch_consumer-sts-0_20250707_215610_118654.csv,True,False,False,1751925379.8232613,605944.8027610779
663045,1751924773.8786688,1751925364.13844,batch_consumer-sts-0_20250707_215610_118654.csv,True,False,False,1751925379.8232613,605944.5924758911
663055,1751924773.8788934,1751925364.16613,batch_consumer-sts-0_20250707_215610_118654.csv,True,False,False,1751925379.8232613,605944.3678855896
663065,1751924773.8790798,1751925364.1932983,batch_consumer-sts-0_20250707_215610_118654.csv,True,False,False,1751925379.8232613,605944.1814422607
663075,1751924773.8792725,1751925364.2200904,batch_consumer-sts-0_20250707_215610_118654.csv,True,False,False,1751925379.8232613,605943.9888000488
663085,1751924773.8794756,1751925364.248261,batch_consumer-sts-0_20250707_215610_118654.csv,True,False,False,1751925379.8232613,605943.7856674194
663095,1751924773.87966,1751925364.2747004,batch_consumer-sts-0_20250707_215610_118654.csv,True,False,False,1751925379.8232613,605943.6013698578
663105,1751924773.8798423,1751925364.3020332,batch_consumer-sts-0_20250707_215610_118654.csv,True,False,False,1751925379.8232613,605943.4189796448
663115,1751924773.8800151,1751925364.3291075,batch_consumer-sts-0_20250707_215610_118654.csv,True,False,False,1751925379.8232613,605943.2461261749
663125,1751924773.880193,1751925364.3562791,batch_consumer-sts-0_20250707_215610_118654.csv,True,False,False,1751925379.8232613,605943.0682659149
663135,1751924773.8803787,1751925364.382561,batch_consumer-sts-0_20250707_215610_118654.csv,True,False,False,1751925379.8232613,605942.8825378418
663145,1751924773.8805597,1751925364.4091537,batch_consumer-sts-0_20250707_215610_118654.csv,True,False,False,1751925379.8232613,605942.7015781403
663155,1751924773.8807385,1751925364.5097888,batch_consumer-sts-0_20250707_215610_118654.csv,True,False,False,1751925379.8232613,605942.5227642059
663165,1751924773.8809142,1751925364.5374207,batch_consumer-sts-0_20250707_215610_118654.csv,True,False,False,1751925379.8232613,605942.3470497131
663175,1751924773.881093,1751925364.565066,batch_consumer-sts-0_20250707_215610_118654.csv,True,False,False,1751925379.8232613,605942.1682357788
663185,1751924773.8812757,1751925364.5922182,batch_consumer-sts-0_20250707_215610_118654.csv,True,False,False,1751925379.8232613,605941.9856071472
663195,1751924773.8814547,1751925364.6192229,batch_consumer-sts-0_20250707_215610_118654.csv,True,False,False,1751925379.8232613,605941.8065547943
663205,1751924773.881633,1751925364.6456766,batch_consumer-sts-0_20250707_215610_118654.csv,True,False,False,1751925379.8232613,605941.6282176971
663215,1751924773.8818164,1751925364.6727655,batch_consumer-sts-0_20250707_215610_118654.csv,True,False,False,1751925379.8232613,605941.4448738098
663225,1751924773.8820012,1751925365.7014823,batch_consumer-sts-0_20250707_215610_118654.csv,True,False,False,1751925379.8232613,605941.260099411
663235,1751924773.8822024,1751925365.7286446,batch_consumer-sts-0_20250707_215610_118654.csv,True,False,False,1751925379.8232613,605941.0588741302
663245,1751924773.8823895,1751925365.7562475,batch_consumer-sts-0_20250707_215610_118654.csv,True,False,False,1751925379.8232613,605940.8717155457
663255,1751924773.8825796,1751925365.7827492,batch_consumer-sts-0_20250707_215610_118654.csv,True,False,False,1751925379.8232613,605940.6816959381
663265,1751924773.8827665,1751925365.8096085,batch_consumer-sts-0_20250707_215610_118654.csv,True,False,False,1751925379.8232613,605940.4947757721
663275,1751924773.882958,1751925365.8362465,batch_consumer-sts-0_20250707_215610_118654.csv,True,False,False,1751925379.8232613,605940.3033256531
663285,1751924773.8831513,1751925365.8629277,batch_consumer-sts-0_20250707_215610_118654.csv,True,False,False,1751925379.8232613,605940.1099681854
663295,1751924773.8833482,1751925365.8888416,batch_consumer-sts-0_20250707_215610_118654.csv,True,False,False,1751925379.8232613,605939.9130344391
663305,1751924773.8835473,1751925365.9154046,batch_consumer-sts-0_20250707_215610_118654.csv,True,False,False,1751925379.8232613,605939.7139549255
663315,1751924773.8837535,1751925365.942239,batch_consumer-sts-0_20250707_215610_118654.csv,True,False,False,1751925379.8232613,605939.5077228546
663325,1751924773.8839417,1751925365.9687655,batch_consumer-sts-0_20250707_215610_118654.csv,True,False,False,1751925379.8232613,605939.3196105957
663335,1751924773.8841364,1751925365.99561,batch_consumer-sts-0_20250707_215610_118654.csv,True,False,False,1751925379.8232613,605939.1248226166
663345,1751924773.8843305,1751925366.0218804,batch_consumer-sts-0_20250707_215610_118654.csv,True,False,False,1751925379.8232613,605938.9307498932
663355,1751924773.8845525,1751925366.0487297,batch_consumer-sts-0_20250707_215610_118654.csv,True,False,False,1751925379.8232613,605938.708782196
663365,1751924773.8847473,1751925366.0747037,batch_consumer-sts-0_20250707_215610_118654.csv,True,False,False,1751925379.8232613,605938.5139942169
663375,1751924773.884952,1751925366.1010528,batch_consumer-sts-0_20250707_215610_118654.csv,True,False,False,1751925379.8232613,605938.3091926575
663385,1751924773.8851392,1751925366.1280313,batch_consumer-sts-0_20250707_215610_118654.csv,True,False,False,1751925379.8232613,605938.1220340729
663395,1751924773.8853238,1751925366.1548452,batch_consumer-sts-0_20250707_215610_118654.csv,True,False,False,1751925379.8232613,605937.9374980927
663405,1751924773.8855104,1751925366.182123,batch_consumer-sts-0_20250707_215610_118654.csv,True,False,False,1751925379.8232613,605937.7508163452
663415,1751924773.8856895,1751925366.2088666,batch_consumer-sts-0_20250707_215610_118654.csv,True,False,False,1751925379.8232613,605937.5717639923
663425,1751924773.885874,1751925366.2371843,batch_consumer-sts-0_20250707_215610_118654.csv,True,False,False,1751925379.8232613,605937.3872280121
663435,1751924773.886059,1751925366.2640214,batch_consumer-sts-0_20250707_215610_118654.csv,True,False,False,1751925379.8232613,605937.2022151947
663445,1751924773.8862514,1751925366.2915258,batch_consumer-sts-0_20250707_215610_118654.csv,True,False,False,1751925379.8232613,605937.0098114014
663455,1751924773.886438,1751925366.318734,batch_consumer-sts-0_20250707_215610_118654.csv,True,False,False,1751925379.8232613,605936.8233680725
663465,1751924773.8866398,1751925366.3453336,batch_consumer-sts-0_20250707_215610_118654.csv,True,False,False,1751925379.8232613,605936.621427536
663475,1751924773.8868308,1751925366.3755896,batch_consumer-sts-0_20250707_215610_118654.csv,True,False,False,1751925379.8232613,605936.4304542542
663485,1751924773.8872745,1751925366.4021926,batch_consumer-sts-0_20250707_215610_118654.csv,True,False,False,1751925379.8232613,605935.9867572784
663495,1751924773.8876815,1751925366.4285114,batch_consumer-sts-0_20250707_215610_118654.csv,True,False,False,1751925379.8232613,605935.5797767639
663505,1751924773.887871,1751925366.455598,batch_consumer-sts-0_20250707_215610_118654.csv,True,False,False,1751925379.8232613,605935.3902339935
663515,1751924773.8881133,1751925366.4823916,batch_consumer-sts-0_20250707_215610_118654.csv,True,False,False,1751925379.8232613,605935.1480007172
663525,1751924773.888574,1751925366.5086074,batch_consumer-sts-0_20250707_215610_118654.csv,True,False,False,1751925379.8232613,605934.6873760223
663535,1751924773.8890283,1751925366.5352433,batch_consumer-sts-0_20250707_215610_118654.csv,True,False,False,1751925379.8232613,605934.2329502106
663545,1751924773.8893406,1751925366.561684,batch_consumer-sts-0_20250707_215610_118654.csv,True,False,False,1751925379.8232613,605933.920621872
663555,1751924773.8895316,1751925366.5885606,batch_consumer-sts-0_20250707_215610_118654.csv,True,False,False,1751925379.8232613,605933.7296485901
663565,1751924773.8897166,1751925366.6148534,batch_consumer-sts-0_20250707_215610_118654.csv,True,False,False,1751925379.8232613,605933.5446357727
663575,1751924773.8899062,1751925366.6418626,batch_consumer-sts-0_20250707_215610_118654.csv,True,False,False,1751925379.8232613,605933.3550930023
663585,1751924773.8900998,1751925366.668367,batch_consumer-sts-0_20250707_215610_118654.csv,True,False,False,1751925379.8232613,605933.1614971161
663595,1751924773.890308,1751925366.695108,batch_consumer-sts-0_20250707_215610_118654.csv,True,False,False,1751925379.8232613,605932.9533576965
663605,1751924773.8904836,1751925366.7207267,batch_consumer-sts-0_20250707_215610_118654.csv,True,False,False,1751925379.8232613,605932.7776432037
663615,1751924773.890684,1751925366.7483065,batch_consumer-sts-0_20250707_215610_118654.csv,True,False,False,1751925379.8232613,605932.5773715973
663625,1751924773.8908775,1751925366.7756505,batch_consumer-sts-0_20250707_215610_118654.csv,True,False,False,1751925379.8232613,605932.3837757111
663635,1751924773.8910644,1751925366.8020191,batch_consumer-sts-0_20250707_215610_118654.csv,True,False,False,1751925379.8232613,605932.196855545
663645,1751924773.891255,1751925366.828569,batch_consumer-sts-0_20250707_215610_118654.csv,True,False,False,1751925379.8232613,605932.0063591003
663655,1751924773.8914473,1751925366.855377,batch_consumer-sts-0_20250707_215610_118654.csv,True,False,False,1751925379.8232613,605931.813955307
663665,1751924773.8916385,1751925366.8823671,batch_consumer-sts-0_20250707_215610_118654.csv,True,False,False,1751925379.8232613,605931.6227436066
663675,1751924773.8918295,1751925366.914083,batch_consumer-sts-0_20250707_215610_118654.csv,True,False,False,1751925379.8232613,605931.4317703247
663685,1751924773.8920293,1751925366.9394166,batch_consumer-sts-0_20250707_215610_118654.csv,True,False,False,1751925379.8232613,605931.2319755554
663695,1751924773.8922064,1751925366.9671595,batch_consumer-sts-0_20250707_215610_118654.csv,True,False,False,1751925379.8232613,605931.0548305511
663705,1751924773.8923829,1751925366.9940207,batch_consumer-sts-0_20250707_215610_118654.csv,True,False,False,1751925379.8232613,605930.8784008026
663715,1751924773.8925614,1751925367.0197408,batch_consumer-sts-0_20250707_215610_118654.csv,True,False,False,1751925379.8232613,605930.6998252869
663725,1751924773.892748,1751925367.0464258,batch_consumer-sts-0_20250707_215610_118654.csv,True,False,False,1751925379.8232613,605930.5131435394
663735,1751924773.8929262,1751925367.0784247,batch_consumer-sts-0_20250707_215610_118654.csv,True,False,False,1751925379.8232613,605930.3350448608
663745,1751924773.8931324,1751925367.1047676,batch_consumer-sts-0_20250707_215610_118654.csv,True,False,False,1751925379.8232613,605930.1288127899
663755,1751924773.8933277,1751925367.1305754,batch_consumer-sts-0_20250707_215610_118654.csv,True,False,False,1751925379.8232613,605929.9335479736
663765,1751924773.8935242,1751925367.1574025,batch_consumer-sts-0_20250707_215610_118654.csv,True,False,False,1751925379.8232613,605929.7370910645
663775,1751924773.8937223,1751925367.1842442,batch_consumer-sts-0_20250707_215610_118654.csv,True,False,False,1751925379.8232613,605929.5389652252
663785,1751924773.8939197,1751925367.2109902,batch_consumer-sts-0_20250707_215610_118654.csv,True,False,False,1751925379.8232613,605929.3415546417
663795,1751924773.8941123,1751925367.237924,batch_consumer-sts-0_20250707_215610_118654.csv,True,False,False,1751925379.8232613,605929.1489124298
665715,1751924773.934399,1751925367.2638752,batch_consumer-sts-0_20250707_215610_118654.csv,True,False,False,1751925379.8232613,605888.8623714447
665725,1751924773.934593,1751925367.2911444,batch_consumer-sts-0_20250707_215610_118654.csv,True,False,False,1751925379.8232613,605888.6682987213
665735,1751924773.9347827,1751925367.317731,batch_consumer-sts-0_20250707_215610_118654.csv,True,False,False,1751925379.8232613,605888.4785175323
665745,1751924773.935006,1751925367.3446157,batch_consumer-sts-0_20250707_215610_118654.csv,True,False,False,1751925379.8232613,605888.2553577423
665755,1751924773.935219,1751925367.3720713,batch_consumer-sts-0_20250707_215610_118654.csv,True,False,False,1751925379.8232613,605888.0422115326
665765,1751924773.9354427,1751925367.3989258,batch_consumer-sts-0_20250707_215610_118654.csv,True,False,False,1751925379.8232613,605887.8185749054
665775,1751924773.935632,1751925367.425359,batch_consumer-sts-0_20250707_215610_118654.csv,True,False,False,1751925379.8232613,605887.6292705536
665785,1751924773.9358432,1751925367.4525056,batch_consumer-sts-0_20250707_215610_118654.csv,True,False,False,1751925379.8232613,605887.4180316925
665795,1751924773.936062,1751925367.4793775,batch_consumer-sts-0_20250707_215610_118654.csv,True,False,False,1751925379.8232613,605887.1991634369
665805,1751924773.9374745,1751925368.0726428,batch_consumer-sts-0_20250707_215610_118654.csv,True,False,False,1751925379.8232613,605885.7867717743
665815,1751924773.9376743,1751925368.0995474,batch_consumer-sts-0_20250707_215610_118654.csv,True,False,False,1751925379.8232613,605885.586977005
665825,1751924773.937855,1751925368.126216,batch_consumer-sts-0_20250707_215610_118654.csv,True,False,False,1751925379.8232613,605885.406255722
665835,1751924773.938035,1751925368.1526008,batch_consumer-sts-0_20250707_215610_118654.csv,True,False,False,1751925379.8232613,605885.2262496948
665845,1751924773.938236,1751925368.1790786,batch_consumer-sts-0_20250707_215610_118654.csv,True,False,False,1751925379.8232613,605885.0252628326
665855,1751924773.938423,1751925368.2057164,batch_consumer-sts-0_20250707_215610_118654.csv,True,False,False,1751925379.8232613,605884.8383426666
665865,1751924773.938609,1751925368.2324736,batch_consumer-sts-0_20250707_215610_118654.csv,True,False,False,1751925379.8232613,605884.6523761749
665875,1751924773.9388034,1751925368.259124,batch_consumer-sts-0_20250707_215610_118654.csv,True,False,False,1751925379.8232613,605884.4578266144
665885,1751924773.9389956,1751925368.285669,batch_consumer-sts-0_20250707_215610_118654.csv,True,False,False,1751925379.8232613,605884.2656612396
665895,1751924773.9391909,1751925368.311986,batch_consumer-sts-0_20250707_215610_118654.csv,True,False,False,1751925379.8232613,605884.0703964233
665905,1751924773.9393797,1751925368.3387911,batch_consumer-sts-0_20250707_215610_118654.csv,True,False,False,1751925379.8232613,605883.8815689087
665915,1751924773.9395764,1751925368.3654833,batch_consumer-sts-0_20250707_215610_118654.csv,True,False,False,1751925379.8232613,605883.6848735809
665925,1751924773.9397666,1751925368.392577,batch_consumer-sts-0_20250707_215610_118654.csv,True,False,False,1751925379.8232613,605883.4946155548
665935,1751924773.9399588,1751925368.418835,batch_consumer-sts-0_20250707_215610_118654.csv,True,False,False,1751925379.8232613,605883.30245018
665945,1751924773.940694,1751925368.4456182,batch_consumer-sts-0_20250707_215610_118654.csv,True,False,False,1751925379.8232613,605882.5671672821
665955,1751924773.941661,1751925368.472129,batch_consumer-sts-0_20250707_215610_118654.csv,True,False,False,1751925379.8232613,605881.6003799438
665965,1751924773.941843,1751925368.4987738,batch_consumer-sts-0_20250707_215610_118654.csv,True,False,False,1751925379.8232613,605881.4182281494
665975,1751924773.942037,1751925368.5252895,batch_consumer-sts-0_20250707_215610_118654.csv,True,False,False,1751925379.8232613,605881.224155426
665985,1751924773.942244,1751925368.5523176,batch_consumer-sts-0_20250707_215610_118654.csv,True,False,False,1751925379.8232613,605881.0172080994
665995,1751924773.9424589,1751925368.5794032,batch_consumer-sts-0_20250707_215610_118654.csv,True,False,False,1751925379.8232613,605880.8023929596
666005,1751924773.94267,1751925368.6064737,batch_consumer-sts-0_20250707_215610_118654.csv,True,False,False,1751925379.8232613,605880.5911540985
666015,1751924773.9428866,1751925368.6333127,batch_consumer-sts-0_20250707_215610_118654.csv,True,False,False,1751925379.8232613,605880.3746700287
666025,1751924773.9431014,1751925368.6613178,batch_consumer-sts-0_20250707_215610_118654.csv,True,False,False,1751925379.8232613,605880.1598548889
666035,1751924773.9433148,1751925368.6886494,batch_consumer-sts-0_20250707_215610_118654.csv,True,False,False,1751925379.8232613,605879.9464702606
666045,1751924773.9435234,1751925368.7151551,batch_consumer-sts-0_20250707_215610_118654.csv,True,False,False,1751925379.8232613,605879.7378540039
666055,1751924773.9436996,1751925368.742444,batch_consumer-sts-0_20250707_215610_118654.csv,True,False,False,1751925379.8232613,605879.561662674
666065,1751924773.943879,1751925368.7690575,batch_consumer-sts-0_20250707_215610_118654.csv,True,False,False,1751925379.8232613,605879.3823719025
666075,1751924773.9440618,1751925368.7956536,batch_consumer-sts-0_20250707_215610_118654.csv,True,False,False,1751925379.8232613,605879.1995048523
666085,1751924773.944243,1751925368.8219087,batch_consumer-sts-0_20250707_215610_118654.csv,True,False,False,1751925379.8232613,605879.0183067322
666095,1751924773.9444213,1751925368.849404,batch_consumer-sts-0_20250707_215610_118654.csv,True,False,False,1751925379.8232613,605878.839969635
666105,1751924773.9445963,1751925368.876133,batch_consumer-sts-0_20250707_215610_118654.csv,True,False,False,1751925379.8232613,605878.664970398
666115,1751924773.9447773,1751925368.903267,batch_consumer-sts-0_20250707_215610_118654.csv,True,False,False,1751925379.8232613,605878.4840106964
666125,1751924773.9449604,1751925368.9305077,batch_consumer-sts-0_20250707_215610_118654.csv,True,False,False,1751925379.8232613,605878.3009052277
666135,1751924773.94514,1751925368.956929,batch_consumer-sts-0_20250707_215610_118654.csv,True,False,False,1751925379.8232613,605878.1213760376
666145,1751924773.9453387,1751925368.9823024,batch_consumer-sts-0_20250707_215610_118654.csv,True,False,False,1751925379.8232613,605877.9225349426
666155,1751924773.9455338,1751925369.0089111,batch_consumer-sts-0_20250707_215610_118654.csv,True,False,False,1751925379.8232613,605877.7275085449
666165,1751924773.945719,1751925369.035787,batch_consumer-sts-0_20250707_215610_118654.csv,True,False,False,1751925379.8232613,605877.542257309
666175,1751924773.9459052,1751925369.0624962,batch_consumer-sts-0_20250707_215610_118654.csv,True,False,False,1751925379.8232613,605877.3560523987
666185,1751924773.946103,1751925369.089208,batch_consumer-sts-0_20250707_215610_118654.csv,True,False,False,1751925379.8232613,605877.158164978
666195,1751924773.946354,1751925369.1154778,batch_consumer-sts-0_20250707_215610_118654.csv,True,False,False,1751925379.8232613,605876.9073486328
666205,1751924773.946573,1751925369.142239,batch_consumer-sts-0_20250707_215610_118654.csv,True,False,False,1751925379.8232613,605876.6882419586
666215,1751924773.9467847,1751925369.1685438,batch_consumer-sts-0_20250707_215610_118654.csv,True,False,False,1751925379.8232613,605876.4765262604
666225,1751924773.9470105,1751925369.1975946,batch_consumer-sts-0_20250707_215610_118654.csv,True,False,False,1751925379.8232613,605876.250743866
666235,1751924773.947232,1751925369.2240682,batch_consumer-sts-0_20250707_215610_118654.csv,True,False,False,1751925379.8232613,605876.029253006
666245,1751924773.947444,1751925369.2511392,batch_consumer-sts-0_20250707_215610_118654.csv,True,False,False,1751925379.8232613,605875.8172988892
666255,1751924773.9476323,1751925369.2780232,batch_consumer-sts-0_20250707_215610_118654.csv,True,False,False,1751925379.8232613,605875.6289482117
666265,1751924773.9478228,1751925369.3044124,batch_consumer-sts-0_20250707_215610_118654.csv,True,False,False,1751925379.8232613,605875.438451767
666275,1751924773.9480207,1751925369.3310962,batch_consumer-sts-0_20250707_215610_118654.csv,True,False,False,1751925379.8232613,605875.2405643463
666285,1751924773.9481947,1751925369.358734,batch_consumer-sts-0_20250707_215610_118654.csv,True,False,False,1751925379.8232613,605875.0665187836
666295,1751924773.9483702,1751925369.3853447,batch_consumer-sts-0_20250707_215610_118654.csv,True,False,False,1751925379.8232613,605874.8910427094
666305,1751924773.94855,1751925369.4113183,batch_consumer-sts-0_20250707_215610_118654.csv,True,False,False,1751925379.8232613,605874.7112751007
666315,1751924773.9487498,1751925369.4379485,batch_consumer-sts-0_20250707_215610_118654.csv,True,False,False,1751925379.8232613,605874.5114803314
666325,1751924773.948938,1751925369.465124,batch_consumer-sts-0_20250707_215610_118654.csv,True,False,False,1751925379.8232613,605874.3233680725
666335,1751924773.9491298,1751925369.492702,batch_consumer-sts-0_20250707_215610_118654.csv,True,False,False,1751925379.8232613,605874.1314411163
666345,1751924773.949321,1751925369.5193412,batch_consumer-sts-0_20250707_215610_118654.csv,True,False,False,1751925379.8232613,605873.9402294159
666355,1751924773.9495127,1751925369.547367,batch_consumer-sts-0_20250707_215610_118654.csv,True,False,False,1751925379.8232613,605873.7485408783
666365,1751924773.9497042,1751925369.603677,batch_consumer-sts-0_20250707_215610_118654.csv,True,False,False,1751925379.8232613,605873.5570907593
666375,1751924773.9498954,1751925369.6322143,batch_consumer-sts-0_20250707_215610_118654.csv,True,False,False,1751925379.8232613,605873.3658790588
666385,1751924773.950094,1751925369.6600893,batch_consumer-sts-0_20250707_215610_118654.csv,True,False,False,1751925379.8232613,605873.1672763824
666395,1751924773.9503212,1751925369.6877527,batch_consumer-sts-0_20250707_215610_118654.csv,True,False,False,1751925379.8232613,605872.9400634766
666405,1751924773.9505308,1751925369.714643,batch_consumer-sts-0_20250707_215610_118654.csv,True,False,False,1751925379.8232613,605872.7304935455
666415,1751924773.9507425,1751925369.742651,batch_consumer-sts-0_20250707_215610_118654.csv,True,False,False,1751925379.8232613,605872.5187778473
666425,1751924773.9509594,1751925369.7700818,batch_consumer-sts-0_20250707_215610_118654.csv,True,False,False,1751925379.8232613,605872.3018169403
666435,1751924773.9511757,1751925369.7975583,batch_consumer-sts-0_20250707_215610_118654.csv,True,False,False,1751925379.8232613,605872.0855712891
666445,1751924773.9516575,1751925369.824819,batch_consumer-sts-0_20250707_215610_118654.csv,True,False,False,1751925379.8232613,605871.6037273407
666455,1751924773.9521112,1751925369.851832,batch_consumer-sts-0_20250707_215610_118654.csv,True,False,False,1751925379.8232613,605871.1500167847
666465,1751924773.952297,1751925369.8789258,batch_consumer-sts-0_20250707_215610_118654.csv,True,False,False,1751925379.8232613,605870.9642887115
666475,1751924773.952484,1751925369.906192,batch_consumer-sts-0_20250707_215610_118654.csv,True,False,False,1751925379.8232613,605870.7773685455
666485,1751924773.952669,1751925369.934055,batch_consumer-sts-0_20250707_215610_118654.csv,True,False,False,1751925379.8232613,605870.5923557281
666495,1751924773.952853,1751925369.961616,batch_consumer-sts-0_20250707_215610_118654.csv,True,False,False,1751925379.8232613,605870.4082965851
666505,1751924773.9530451,1751925369.989432,batch_consumer-sts-0_20250707_215610_118654.csv,True,False,False,1751925379.8232613,605870.2161312103
666515,1751924773.9532237,1751925370.0163028,batch_consumer-sts-0_20250707_215610_118654.csv,True,False,False,1751925379.8232613,605870.0375556946
666525,1751924773.953405,1751925370.0429168,batch_consumer-sts-0_20250707_215610_118654.csv,False,False,False,1751925379.8232613,605869.8563575745
20588,1751924721.4918325,1751925133.7157269,batch_consumer-sts-1_20250707_215231_848400.csv,True,True,False,1751925379.8232613,658331.4287662506
20598,1751924721.492066,1751925133.7441716,batch_consumer-sts-1_20250707_215231_848400.csv,True,False,False,1751925379.8232613,658331.1953544617
20608,1751924721.4922974,1751925133.7722375,batch_consumer-sts-1_20250707_215231_848400.csv,True,False,False,1751925379.8232613,658330.9638500214
20618,1751924721.4925456,1751925133.7997785,batch_consumer-sts-1_20250707_215231_848400.csv,True,False,False,1751925379.8232613,658330.7156562805
20628,1751924721.492779,1751925133.8277464,batch_consumer-sts-1_20250707_215231_848400.csv,True,False,False,1751925379.8232613,658330.4822444916
20638,1751924721.493009,1751925133.8553886,batch_consumer-sts-1_20250707_215231_848400.csv,True,False,False,1751925379.8232613,658330.2521705627
20648,1751924721.4932451,1751925133.883113,batch_consumer-sts-1_20250707_215231_848400.csv,True,False,False,1751925379.8232613,658330.0161361694
20658,1751924721.4934847,1751925133.911528,batch_consumer-sts-1_20250707_215231_848400.csv,True,False,False,1751925379.8232613,658329.7765254974
20668,1751924721.4937236,1751925133.9386656,batch_consumer-sts-1_20250707_215231_848400.csv,True,False,False,1751925379.8232613,658329.5376300812
20678,1751924721.493965,1751925133.966532,batch_consumer-sts-1_20250707_215231_848400.csv,True,False,False,1751925379.8232613,658329.2963504791
20688,1751924721.4942374,1751925133.9940455,batch_consumer-sts-1_20250707_215231_848400.csv,True,False,False,1751925379.8232613,658329.0238380432
20698,1751924721.4944782,1751925134.0212972,batch_consumer-sts-1_20250707_215231_848400.csv,True,False,False,1751925379.8232613,658328.7830352783
20708,1751924721.4947135,1751925134.1905422,batch_consumer-sts-1_20250707_215231_848400.csv,True,False,False,1751925379.8232613,658328.5477161407
20718,1751924721.4949508,1751925134.217739,batch_consumer-sts-1_20250707_215231_848400.csv,True,False,False,1751925379.8232613,658328.3104896545
20728,1751924721.49518,1751925134.5312483,batch_consumer-sts-1_20250707_215231_848400.csv,True,False,False,1751925379.8232613,658328.0813694
20738,1751924721.495422,1751925134.597186,batch_consumer-sts-1_20250707_215231_848400.csv,True,False,False,1751925379.8232613,658327.8393745422
20748,1751924721.495654,1751925134.6243577,batch_consumer-sts-1_20250707_215231_848400.csv,True,False,False,1751925379.8232613,658327.6071548462
20758,1751924721.495891,1751925134.651652,batch_consumer-sts-1_20250707_215231_848400.csv,True,False,False,1751925379.8232613,658327.3701667786
20768,1751924721.4961157,1751925134.6797464,batch_consumer-sts-1_20250707_215231_848400.csv,True,False,False,1751925379.8232613,658327.145576477
20778,1751924721.496355,1751925134.7072625,batch_consumer-sts-1_20250707_215231_848400.csv,True,False,False,1751925379.8232613,658326.9062042236
20788,1751924721.4965816,1751925134.7352097,batch_consumer-sts-1_20250707_215231_848400.csv,True,False,False,1751925379.8232613,658326.6797065735
20798,1751924721.4968116,1751925134.7622845,batch_consumer-sts-1_20250707_215231_848400.csv,True,False,False,1751925379.8232613,658326.4496326447
20808,1751924721.4970756,1751925134.789632,batch_consumer-sts-1_20250707_215231_848400.csv,True,False,False,1751925379.8232613,658326.1857032776
20818,1751924721.4973102,1751925134.8174796,batch_consumer-sts-1_20250707_215231_848400.csv,True,False,False,1751925379.8232613,658325.9510993958
20828,1751924721.497542,1751925134.8447008,batch_consumer-sts-1_20250707_215231_848400.csv,True,False,False,1751925379.8232613,658325.7193565369
20838,1751924721.4977772,1751925134.8727252,batch_consumer-sts-1_20250707_215231_848400.csv,True,False,False,1751925379.8232613,658325.4840373993
20848,1751924721.4979985,1751925134.9002151,batch_consumer-sts-1_20250707_215231_848400.csv,True,False,False,1751925379.8232613,658325.2627849579
20858,1751924721.4982436,1751925134.9276822,batch_consumer-sts-1_20250707_215231_848400.csv,True,False,False,1751925379.8232613,658325.0176906586
20868,1751924721.4984798,1751925134.9554925,batch_consumer-sts-1_20250707_215231_848400.csv,True,False,False,1751925379.8232613,658324.7814178467
20878,1751924721.4987087,1751925134.983687,batch_consumer-sts-1_20250707_215231_848400.csv,True,False,False,1751925379.8232613,658324.5525360107
20888,1751924721.4989357,1751925135.0112586,batch_consumer-sts-1_20250707_215231_848400.csv,True,False,False,1751925379.8232613,658324.3255615234
20898,1751924721.4991715,1751925135.0386152,batch_consumer-sts-1_20250707_215231_848400.csv,True,False,False,1751925379.8232613,658324.0897655487
20908,1751924721.499401,1751925135.0663753,batch_consumer-sts-1_20250707_215231_848400.csv,True,False,False,1751925379.8232613,658323.860168457
20918,1751924721.4996333,1751925135.0940645,batch_consumer-sts-1_20250707_215231_848400.csv,True,False,False,1751925379.8232613,658323.627948761
20928,1751924721.4998677,1751925135.1221075,batch_consumer-sts-1_20250707_215231_848400.csv,True,False,False,1751925379.8232613,658323.3935832977
20938,1751924721.5000968,1751925135.1518946,batch_consumer-sts-1_20250707_215231_848400.csv,True,False,False,1751925379.8232613,658323.1644630432
20948,1751924721.5003335,1751925135.1794736,batch_consumer-sts-1_20250707_215231_848400.csv,True,False,False,1751925379.8232613,658322.9277133942
20958,1751924721.5005672,1751925135.2060337,batch_consumer-sts-1_20250707_215231_848400.csv,True,False,False,1751925379.8232613,658322.6940631866
20968,1751924721.5008016,1751925135.2336028,batch_consumer-sts-1_20250707_215231_848400.csv,True,False,False,1751925379.8232613,658322.4596977234
20978,1751924721.5010276,1751925135.2597494,batch_consumer-sts-1_20250707_215231_848400.csv,True,False,False,1751925379.8232613,658322.2336769104
20988,1751924721.5012553,1751925135.287367,batch_consumer-sts-1_20250707_215231_848400.csv,True,False,False,1751925379.8232613,658322.0059871674
20998,1751924721.5014915,1751925135.3147926,batch_consumer-sts-1_20250707_215231_848400.csv,True,False,False,1751925379.8232613,658321.7697143555
22758,1751924721.5417736,1751925135.3420622,batch_consumer-sts-1_20250707_215231_848400.csv,True,False,False,1751925379.8232613,658281.4877033234
22768,1751924721.5420268,1751925135.369873,batch_consumer-sts-1_20250707_215231_848400.csv,True,False,False,1751925379.8232613,658281.2345027924
22778,1751924721.5422792,1751925135.397193,batch_consumer-sts-1_20250707_215231_848400.csv,True,False,False,1751925379.8232613,658280.9820175171
22788,1751924721.5425384,1751925135.4245648,batch_consumer-sts-1_20250707_215231_848400.csv,True,False,False,1751925379.8232613,658280.7228565216
22798,1751924721.542776,1751925135.4509487,batch_consumer-sts-1_20250707_215231_848400.csv,True,False,False,1751925379.8232613,658280.4851531982
22808,1751924721.5430086,1751925135.4786882,batch_consumer-sts-1_20250707_215231_848400.csv,True,False,False,1751925379.8232613,658280.2526950836
22818,1751924721.543242,1751925135.5065234,batch_consumer-sts-1_20250707_215231_848400.csv,True,False,False,1751925379.8232613,658280.0192832947
22828,1751924721.543496,1751925135.5338097,batch_consumer-sts-1_20250707_215231_848400.csv,True,False,False,1751925379.8232613,658279.7653675079
22838,1751924721.5436893,1751925135.5611863,batch_consumer-sts-1_20250707_215231_848400.csv,True,False,False,1751925379.8232613,658279.5720100403
22848,1751924721.5438976,1751925135.5889378,batch_consumer-sts-1_20250707_215231_848400.csv,True,False,False,1751925379.8232613,658279.3636322021
22858,1751924721.5440886,1751925135.6167843,batch_consumer-sts-1_20250707_215231_848400.csv,True,False,False,1751925379.8232613,658279.1726589203
22868,1751924721.5442834,1751925135.644491,batch_consumer-sts-1_20250707_215231_848400.csv,True,False,False,1751925379.8232613,658278.9778709412
22878,1751924721.544495,1751925135.671971,batch_consumer-sts-1_20250707_215231_848400.csv,True,False,False,1751925379.8232613,658278.7661552429
22888,1751924721.544731,1751925135.6992753,batch_consumer-sts-1_20250707_215231_848400.csv,True,False,False,1751925379.8232613,658278.5303592682
22898,1751924721.5449605,1751925135.7264037,batch_consumer-sts-1_20250707_215231_848400.csv,True,False,False,1751925379.8232613,658278.3007621765
22908,1751924721.5451925,1751925135.754112,batch_consumer-sts-1_20250707_215231_848400.csv,True,False,False,1751925379.8232613,658278.068780899
22918,1751924721.5454288,1751925135.7812276,batch_consumer-sts-1_20250707_215231_848400.csv,True,False,False,1751925379.8232613,658277.8325080872
22928,1751924721.5456576,1751925135.8088052,batch_consumer-sts-1_20250707_215231_848400.csv,True,False,False,1751925379.8232613,658277.6036262512
22938,1751924721.5458915,1751925135.8359826,batch_consumer-sts-1_20250707_215231_848400.csv,True,False,False,1751925379.8232613,658277.3697376251
22948,1751924721.546127,1751925135.863125,batch_consumer-sts-1_20250707_215231_848400.csv,True,False,False,1751925379.8232613,658277.134180069
22958,1751924721.546379,1751925135.8903933,batch_consumer-sts-1_20250707_215231_848400.csv,True,False,False,1751925379.8232613,658276.8821716309
22968,1751924721.5466137,1751925135.9177654,batch_consumer-sts-1_20250707_215231_848400.csv,True,False,False,1751925379.8232613,658276.647567749
22978,1751924721.546852,1751925135.945089,batch_consumer-sts-1_20250707_215231_848400.csv,True,False,False,1751925379.8232613,658276.4091491699
22988,1751924721.5470874,1751925135.9731417,batch_consumer-sts-1_20250707_215231_848400.csv,True,False,False,1751925379.8232613,658276.1738300323
22998,1751924721.5473182,1751925136.0008397,batch_consumer-sts-1_20250707_215231_848400.csv,True,False,False,1751925379.8232613,658275.9430408478
23008,1751924721.5475578,1751925136.0281923,batch_consumer-sts-1_20250707_215231_848400.csv,True,False,False,1751925379.8232613,658275.7034301758
23018,1751924721.5477886,1751925136.055746,batch_consumer-sts-1_20250707_215231_848400.csv,True,False,False,1751925379.8232613,658275.4726409912
23028,1751924721.548021,1751925136.0834105,batch_consumer-sts-1_20250707_215231_848400.csv,True,False,False,1751925379.8232613,658275.2401828766
23038,1751924721.5482557,1751925136.110764,batch_consumer-sts-1_20250707_215231_848400.csv,True,False,False,1751925379.8232613,658275.0055789948
23048,1751924721.5484824,1751925136.1383035,batch_consumer-sts-1_20250707_215231_848400.csv,True,False,False,1751925379.8232613,658274.778842926
23058,1751924721.548713,1751925136.1655588,batch_consumer-sts-1_20250707_215231_848400.csv,True,False,False,1751925379.8232613,658274.54829216
23068,1751924721.548952,1751925136.1926925,batch_consumer-sts-1_20250707_215231_848400.csv,True,False,False,1751925379.8232613,658274.3091583252
23078,1751924721.549179,1751925136.2183402,batch_consumer-sts-1_20250707_215231_848400.csv,True,False,False,1751925379.8232613,658274.0821838379
23088,1751924721.5494037,1751925136.2504342,batch_consumer-sts-1_20250707_215231_848400.csv,True,False,False,1751925379.8232613,658273.8575935364
23098,1751924721.5496356,1751925136.2785332,batch_consumer-sts-1_20250707_215231_848400.csv,True,False,False,1751925379.8232613,658273.6256122589
23108,1751924721.5498686,1751925136.3063076,batch_consumer-sts-1_20250707_215231_848400.csv,True,False,False,1751925379.8232613,658273.3926773071
23118,1751924721.550094,1751925136.333218,batch_consumer-sts-1_20250707_215231_848400.csv,True,False,False,1751925379.8232613,658273.1673717499
23128,1751924721.5503316,1751925136.3603983,batch_consumer-sts-1_20250707_215231_848400.csv,True,False,False,1751925379.8232613,658272.9296684265
23138,1751924721.5505712,1751925137.3896697,batch_consumer-sts-1_20250707_215231_848400.csv,True,False,False,1751925379.8232613,658272.6900577545
23148,1751924721.550794,1751925137.4170082,batch_consumer-sts-1_20250707_215231_848400.csv,True,False,False,1751925379.8232613,658272.4673748016
23158,1751924721.551023,1751925137.4445252,batch_consumer-sts-1_20250707_215231_848400.csv,True,False,False,1751925379.8232613,658272.2382545471
23168,1751924721.5512583,1751925137.4719143,batch_consumer-sts-1_20250707_215231_848400.csv,True,False,False,1751925379.8232613,658272.0029354095
23178,1751924721.5514948,1751925137.499644,batch_consumer-sts-1_20250707_215231_848400.csv,True,False,False,1751925379.8232613,658271.7664241791
23188,1751924721.551731,1751925137.5269392,batch_consumer-sts-1_20250707_215231_848400.csv,True,False,False,1751925379.8232613,658271.5301513672
23198,1751924721.5519705,1751925137.5543814,batch_consumer-sts-1_20250707_215231_848400.csv,True,False,False,1751925379.8232613,658271.2907791138
23208,1751924721.5522022,1751925137.581792,batch_consumer-sts-1_20250707_215231_848400.csv,True,False,False,1751925379.8232613,658271.0590362549
23218,1751924721.5524316,1751925137.609393,batch_consumer-sts-1_20250707_215231_848400.csv,True,False,False,1751925379.8232613,658270.8296775818
23228,1751924721.5526645,1751925137.6376867,batch_consumer-sts-1_20250707_215231_848400.csv,True,False,False,1751925379.8232613,658270.59674263
23238,1751924721.5529046,1751925137.6650393,batch_consumer-sts-1_20250707_215231_848400.csv,True,False,False,1751925379.8232613,658270.3566551208
23248,1751924721.55314,1751925137.6927369,batch_consumer-sts-1_20250707_215231_848400.csv,True,False,False,1751925379.8232613,658270.1213359833
23258,1751924721.5533898,1751925137.7194335,batch_consumer-sts-1_20250707_215231_848400.csv,True,False,False,1751925379.8232613,658269.8714733124
23268,1751924721.5536568,1751925137.7465808,batch_consumer-sts-1_20250707_215231_848400.csv,True,False,False,1751925379.8232613,658269.6044445038
23278,1751924721.5538905,1751925137.7740228,batch_consumer-sts-1_20250707_215231_848400.csv,True,False,False,1751925379.8232613,658269.3707942963
23288,1751924721.5541267,1751925137.8008988,batch_consumer-sts-1_20250707_215231_848400.csv,True,False,False,1751925379.8232613,658269.1345214844
23298,1751924721.5543635,1751925137.829061,batch_consumer-sts-1_20250707_215231_848400.csv,True,False,False,1751925379.8232613,658268.8977718353
23308,1751924721.5546012,1751925137.856434,batch_consumer-sts-1_20250707_215231_848400.csv,True,False,False,1751925379.8232613,658268.660068512
23318,1751924721.5548391,1751925137.8837106,batch_consumer-sts-1_20250707_215231_848400.csv,True,False,False,1751925379.8232613,658268.42212677
23328,1751924721.5550663,1751925137.910823,batch_consumer-sts-1_20250707_215231_848400.csv,True,False,False,1751925379.8232613,658268.1949138641
23338,1751924721.555299,1751925137.9333613,batch_consumer-sts-1_20250707_215231_848400.csv,True,False,False,1751925379.8232613,658267.9622173309
23348,1751924721.5555344,1751925137.9602995,batch_consumer-sts-1_20250707_215231_848400.csv,True,False,False,1751925379.8232613,658267.7268981934
23358,1751924721.5557718,1751925137.9875636,batch_consumer-sts-1_20250707_215231_848400.csv,True,False,False,1751925379.8232613,658267.4894332886
23368,1751924721.556006,1751925138.0147126,batch_consumer-sts-1_20250707_215231_848400.csv,True,False,False,1751925379.8232613,658267.2553062439
23378,1751924721.5562403,1751925138.0418277,batch_consumer-sts-1_20250707_215231_848400.csv,True,False,False,1751925379.8232613,658267.0209407806
23388,1751924721.5564666,1751925138.0687208,batch_consumer-sts-1_20250707_215231_848400.csv,True,False,False,1751925379.8232613,658266.7946815491
23398,1751924721.5567176,1751925138.104452,batch_consumer-sts-1_20250707_215231_848400.csv,True,False,False,1751925379.8232613,658266.5436267853
23408,1751924721.5569515,1751925138.133957,batch_consumer-sts-1_20250707_215231_848400.csv,True,False,False,1751925379.8232613,658266.3097381592
23418,1751924721.5571845,1751925138.1613834,batch_consumer-sts-1_20250707_215231_848400.csv,True,False,False,1751925379.8232613,658266.0768032074
23428,1751924721.5574126,1751925138.1892943,batch_consumer-sts-1_20250707_215231_848400.csv,True,False,False,1751925379.8232613,658265.8486366272
23438,1751924721.5576422,1751925138.21666,batch_consumer-sts-1_20250707_215231_848400.csv,True,False,False,1751925379.8232613,658265.6190395355
23448,1751924721.557873,1751925138.2443542,batch_consumer-sts-1_20250707_215231_848400.csv,True,False,False,1751925379.8232613,658265.388250351
23458,1751924721.558106,1751925138.271814,batch_consumer-sts-1_20250707_215231_848400.csv,True,False,False,1751925379.8232613,658265.1553153992
23468,1751924721.5583751,1751925138.2999756,batch_consumer-sts-1_20250707_215231_848400.csv,True,False,False,1751925379.8232613,658264.8861408234
23478,1751924721.558606,1751925138.3275125,batch_consumer-sts-1_20250707_215231_848400.csv,True,False,False,1751925379.8232613,658264.6553516388
23488,1751924721.558845,1751925138.354832,batch_consumer-sts-1_20250707_215231_848400.csv,True,False,False,1751925379.8232613,658264.416217804
23498,1751924721.559076,1751925138.3821566,batch_consumer-sts-1_20250707_215231_848400.csv,True,False,False,1751925379.8232613,658264.1851902008
23508,1751924721.559308,1751925138.4127865,batch_consumer-sts-1_20250707_215231_848400.csv,True,False,False,1751925379.8232613,658263.9532089233
23518,1751924721.5595603,1751925138.440299,batch_consumer-sts-1_20250707_215231_848400.csv,True,False,False,1751925379.8232613,658263.7009620667
23528,1751924721.559801,1751925138.4680948,batch_consumer-sts-1_20250707_215231_848400.csv,True,False,False,1751925379.8232613,658263.4601593018
23538,1751924721.5600302,1751925138.496455,batch_consumer-sts-1_20250707_215231_848400.csv,True,False,False,1751925379.8232613,658263.2310390472
23548,1751924721.5602596,1751925138.523332,batch_consumer-sts-1_20250707_215231_848400.csv,True,False,False,1751925379.8232613,658263.0016803741
23558,1751924721.56049,1751925138.5507529,batch_consumer-sts-1_20250707_215231_848400.csv,True,False,False,1751925379.8232613,658262.7713680267
23568,1751924721.5607271,1751925138.5783503,batch_consumer-sts-1_20250707_215231_848400.csv,True,False,False,1751925379.8232613,658262.5341415405
23578,1751924721.5609565,1751925138.605928,batch_consumer-sts-1_20250707_215231_848400.csv,True,False,False,1751925379.8232613,658262.3047828674
23588,1751924721.5611897,1751925138.6336248,batch_consumer-sts-1_20250707_215231_848400.csv,True,False,False,1751925379.8232613,658262.0716094971
23598,1751924721.5614245,1751925138.6601026,batch_consumer-sts-1_20250707_215231_848400.csv,True,False,False,1751925379.8232613,658261.8367671967
23608,1751924721.5616596,1751925138.6881518,batch_consumer-sts-1_20250707_215231_848400.csv,True,False,False,1751925379.8232613,658261.6016864777
23618,1751924721.561897,1751925138.7154298,batch_consumer-sts-1_20250707_215231_848400.csv,True,False,False,1751925379.8232613,658261.3642215729
23628,1751924721.5621357,1751925138.7447803,batch_consumer-sts-1_20250707_215231_848400.csv,True,False,False,1751925379.8232613,658261.1255645752
23638,1751924721.5624008,1751925138.7722983,batch_consumer-sts-1_20250707_215231_848400.csv,True,False,False,1751925379.8232613,658260.8604431152
23648,1751924721.562635,1751925138.7995558,batch_consumer-sts-1_20250707_215231_848400.csv,True,False,False,1751925379.8232613,658260.6263160706
23658,1751924721.5628717,1751925138.8290126,batch_consumer-sts-1_20250707_215231_848400.csv,True,False,False,1751925379.8232613,658260.3895664215
23668,1751924721.5631092,1751925138.856949,batch_consumer-sts-1_20250707_215231_848400.csv,True,False,False,1751925379.8232613,658260.1521015167
23678,1751924721.563369,1751925138.8847349,batch_consumer-sts-1_20250707_215231_848400.csv,True,False,False,1751925379.8232613,658259.8922252655
23688,1751924721.5636003,1751925138.912324,batch_consumer-sts-1_20250707_215231_848400.csv,True,False,False,1751925379.8232613,658259.6609592438
23698,1751924721.5638406,1751925138.9398854,batch_consumer-sts-1_20250707_215231_848400.csv,True,False,False,1751925379.8232613,658259.420633316
23708,1751924721.5640724,1751925138.9701486,batch_consumer-sts-1_20250707_215231_848400.csv,True,False,False,1751925379.8232613,658259.1888904572
23718,1751924721.5643015,1751925138.9980967,batch_consumer-sts-1_20250707_215231_848400.csv,True,False,False,1751925379.8232613,658258.9597702026
23728,1751924721.56453,1751925139.0260265,batch_consumer-sts-1_20250707_215231_848400.csv,True,False,False,1751925379.8232613,658258.7313652039
23738,1751924721.5647678,1751925139.054067,batch_consumer-sts-1_20250707_215231_848400.csv,True,False,False,1751925379.8232613,658258.4934234619
23748,1751924721.564998,1751925139.0818894,batch_consumer-sts-1_20250707_215231_848400.csv,True,False,False,1751925379.8232613,658258.2633495331
23758,1751924721.565235,1751925139.1095836,batch_consumer-sts-1_20250707_215231_848400.csv,True,False,False,1751925379.8232613,658258.0263614655
23768,1751924721.5654683,1751925139.136897,batch_consumer-sts-1_20250707_215231_848400.csv,True,False,False,1751925379.8232613,658257.7929496765
23778,1751924721.565697,1751925139.2344568,batch_consumer-sts-1_20250707_215231_848400.csv,True,False,False,1751925379.8232613,658257.5643062592
23788,1751924721.5659251,1751925139.2617917,batch_consumer-sts-1_20250707_215231_848400.csv,True,False,False,1751925379.8232613,658257.336139679
23798,1751924721.5661647,1751925139.2891383,batch_consumer-sts-1_20250707_215231_848400.csv,True,False,False,1751925379.8232613,658257.096529007
23808,1751924721.5663974,1751925139.316389,batch_consumer-sts-1_20250707_215231_848400.csv,True,False,False,1751925379.8232613,658256.8638324738
23818,1751924721.56662,1751925139.3436973,batch_consumer-sts-1_20250707_215231_848400.csv,True,False,False,1751925379.8232613,658256.6411495209
23828,1751924721.5668514,1751925139.371258,batch_consumer-sts-1_20250707_215231_848400.csv,True,False,False,1751925379.8232613,658256.4098834991
23838,1751924721.5670774,1751925139.399093,batch_consumer-sts-1_20250707_215231_848400.csv,True,False,False,1751925379.8232613,658256.1838626862
23848,1751924721.5673013,1751925139.4267006,batch_consumer-sts-1_20250707_215231_848400.csv,True,False,False,1751925379.8232613,658255.9599876404
23858,1751924721.5675352,1751925139.4542902,batch_consumer-sts-1_20250707_215231_848400.csv,True,False,False,1751925379.8232613,658255.7260990143
23868,1751924721.5677774,1751925139.4812474,batch_consumer-sts-1_20250707_215231_848400.csv,True,False,False,1751925379.8232613,658255.4838657379
23878,1751924721.5680146,1751925139.5084426,batch_consumer-sts-1_20250707_215231_848400.csv,True,False,False,1751925379.8232613,658255.2466392517
23888,1751924721.568251,1751925139.5789075,batch_consumer-sts-1_20250707_215231_848400.csv,True,False,False,1751925379.8232613,658255.0103664398
23898,1751924721.568477,1751925139.6059587,batch_consumer-sts-1_20250707_215231_848400.csv,True,False,False,1751925379.8232613,658254.7843456268
23908,1751924721.568707,1751925139.632684,batch_consumer-sts-1_20250707_215231_848400.csv,True,False,False,1751925379.8232613,658254.554271698
23918,1751924721.5689397,1751925139.659767,batch_consumer-sts-1_20250707_215231_848400.csv,True,False,False,1751925379.8232613,658254.3215751648
23928,1751924721.569173,1751925139.7219548,batch_consumer-sts-1_20250707_215231_848400.csv,True,False,False,1751925379.8232613,658254.0881633759
23938,1751924721.569401,1751925139.7488396,batch_consumer-sts-1_20250707_215231_848400.csv,True,False,False,1751925379.8232613,658253.8602352142
23948,1751924721.5696354,1751925139.7753448,batch_consumer-sts-1_20250707_215231_848400.csv,True,False,False,1751925379.8232613,658253.625869751
23958,1751924721.5698714,1751925139.8017707,batch_consumer-sts-1_20250707_215231_848400.csv,True,False,False,1751925379.8232613,658253.3898353577
23968,1751924721.5700934,1751925139.8278933,batch_consumer-sts-1_20250707_215231_848400.csv,True,False,False,1751925379.8232613,658253.1678676605
23978,1751924721.5703394,1751925139.8544812,batch_consumer-sts-1_20250707_215231_848400.csv,True,False,False,1751925379.8232613,658252.9218196869
23988,1751924721.57057,1751925139.881363,batch_consumer-sts-1_20250707_215231_848400.csv,True,False,False,1751925379.8232613,658252.6912689209
23998,1751924721.5708203,1751925139.9077258,batch_consumer-sts-1_20250707_215231_848400.csv,True,False,False,1751925379.8232613,658252.4409294128
24008,1751924721.5710554,1751925139.9336655,batch_consumer-sts-1_20250707_215231_848400.csv,True,False,False,1751925379.8232613,658252.2058486938
24018,1751924721.571283,1751925139.9604802,batch_consumer-sts-1_20250707_215231_848400.csv,True,False,False,1751925379.8232613,658251.9781589508
24028,1751924721.5715215,1751925139.9882722,batch_consumer-sts-1_20250707_215231_848400.csv,True,False,False,1751925379.8232613,658251.7397403717
24038,1751924721.571751,1751925140.0145576,batch_consumer-sts-1_20250707_215231_848400.csv,True,False,False,1751925379.8232613,658251.51014328
24048,1751924721.5719898,1751925140.0417624,batch_consumer-sts-1_20250707_215231_848400.csv,True,False,False,1751925379.8232613,658251.2714862823
24058,1751924721.5722656,1751925140.0686102,batch_consumer-sts-1_20250707_215231_848400.csv,True,False,False,1751925379.8232613,658250.9956359863
24068,1751924721.572569,1751925140.09552,batch_consumer-sts-1_20250707_215231_848400.csv,True,False,False,1751925379.8232613,658250.6923675537
24078,1751924721.5728004,1751925140.121452,batch_consumer-sts-1_20250707_215231_848400.csv,True,False,False,1751925379.8232613,658250.4608631134
24088,1751924721.5730667,1751925140.1494572,batch_consumer-sts-1_20250707_215231_848400.csv,True,False,False,1751925379.8232613,658250.1945495605
24098,1751924721.573302,1751925140.1762493,batch_consumer-sts-1_20250707_215231_848400.csv,True,False,False,1751925379.8232613,658249.959230423
24108,1751924721.5735295,1751925140.203695,batch_consumer-sts-1_20250707_215231_848400.csv,True,False,False,1751925379.8232613,658249.7317790985
24118,1751924721.573763,1751925140.229652,batch_consumer-sts-1_20250707_215231_848400.csv,True,False,False,1751925379.8232613,658249.4983673096
24128,1751924721.5740287,1751925140.2569158,batch_consumer-sts-1_20250707_215231_848400.csv,True,False,False,1751925379.8232613,658249.2325305939
24138,1751924721.574268,1751925140.2842207,batch_consumer-sts-1_20250707_215231_848400.csv,True,False,False,1751925379.8232613,658248.9931583405
24148,1751924721.5744972,1751925140.310677,batch_consumer-sts-1_20250707_215231_848400.csv,True,False,False,1751925379.8232613,658248.7640380859
24158,1751924721.5747335,1751925140.3364856,batch_consumer-sts-1_20250707_215231_848400.csv,True,False,False,1751925379.8232613,658248.527765274
24168,1751924721.5752437,1751925140.3633912,batch_consumer-sts-1_20250707_215231_848400.csv,True,False,False,1751925379.8232613,658248.0175495148
24178,1751924721.575503,1751925140.3902354,batch_consumer-sts-1_20250707_215231_848400.csv,True,False,False,1751925379.8232613,658247.7581501007
24188,1751924721.5757024,1751925140.4164476,batch_consumer-sts-1_20250707_215231_848400.csv,True,False,False,1751925379.8232613,658247.5588321686
24198,1751924721.575901,1751925140.4435742,batch_consumer-sts-1_20250707_215231_848400.csv,True,False,False,1751925379.8232613,658247.3602294922
24208,1751924721.576086,1751925140.47051,batch_consumer-sts-1_20250707_215231_848400.csv,True,False,False,1751925379.8232613,658247.1752166748
24218,1751924721.5762796,1751925140.4977818,batch_consumer-sts-1_20250707_215231_848400.csv,True,False,False,1751925379.8232613,658246.9816207886
24228,1751924721.5764728,1751925140.5244896,batch_consumer-sts-1_20250707_215231_848400.csv,True,False,False,1751925379.8232613,658246.7885017395
24238,1751924721.5766902,1751925140.5514112,batch_consumer-sts-1_20250707_215231_848400.csv,True,False,False,1751925379.8232613,658246.5710639954
24248,1751924721.5769274,1751925140.5781496,batch_consumer-sts-1_20250707_215231_848400.csv,True,False,False,1751925379.8232613,658246.3338375092
24258,1751924721.57716,1751925140.6045096,batch_consumer-sts-1_20250707_215231_848400.csv,True,False,False,1751925379.8232613,658246.1013793945
24268,1751924721.5773864,1751925140.6312702,batch_consumer-sts-1_20250707_215231_848400.csv,True,False,False,1751925379.8232613,658245.8748817444
24278,1751924721.5776155,1751925140.6581776,batch_consumer-sts-1_20250707_215231_848400.csv,True,False,False,1751925379.8232613,658245.6457614899
24288,1751924721.5778434,1751925140.6851833,batch_consumer-sts-1_20250707_215231_848400.csv,True,False,False,1751925379.8232613,658245.4178333282
24298,1751924721.5780663,1751925140.711507,batch_consumer-sts-1_20250707_215231_848400.csv,True,False,False,1751925379.8232613,658245.1949119568
24308,1751924721.5783029,1751925140.7384975,batch_consumer-sts-1_20250707_215231_848400.csv,True,False,False,1751925379.8232613,658244.9584007263
24318,1751924721.5785434,1751925140.7654262,batch_consumer-sts-1_20250707_215231_848400.csv,True,False,False,1751925379.8232613,658244.71783638
24328,1751924721.578769,1751925140.7929103,batch_consumer-sts-1_20250707_215231_848400.csv,True,False,False,1751925379.8232613,658244.4922924042
24338,1751924721.5789857,1751925140.8194273,batch_consumer-sts-1_20250707_215231_848400.csv,True,False,False,1751925379.8232613,658244.2755699158
24348,1751924721.579245,1751925140.846421,batch_consumer-sts-1_20250707_215231_848400.csv,True,False,False,1751925379.8232613,658244.0161705017
24358,1751924721.5794735,1751925140.8736694,batch_consumer-sts-1_20250707_215231_848400.csv,True,False,False,1751925379.8232613,658243.7877655029
24368,1751924721.579717,1751925140.9004643,batch_consumer-sts-1_20250707_215231_848400.csv,True,False,False,1751925379.8232613,658243.5443401337
24378,1751924721.5799568,1751925140.927363,batch_consumer-sts-1_20250707_215231_848400.csv,True,False,False,1751925379.8232613,658243.3044910431
24388,1751924721.5801938,1751925140.9544635,batch_consumer-sts-1_20250707_215231_848400.csv,True,False,False,1751925379.8232613,658243.0675029755
24398,1751924721.5804212,1751925140.981917,batch_consumer-sts-1_20250707_215231_848400.csv,True,False,False,1751925379.8232613,658242.840051651
24408,1751924721.5806513,1751925141.0086596,batch_consumer-sts-1_20250707_215231_848400.csv,True,False,False,1751925379.8232613,658242.6099777222
24418,1751924721.580896,1751925141.0346005,batch_consumer-sts-1_20250707_215231_848400.csv,True,False,False,1751925379.8232613,658242.36536026
24428,1751924721.5811234,1751925141.0611837,batch_consumer-sts-1_20250707_215231_848400.csv,True,False,False,1751925379.8232613,658242.1379089355
24438,1751924721.5813577,1751925141.0881376,batch_consumer-sts-1_20250707_215231_848400.csv,True,False,False,1751925379.8232613,658241.9035434723
24448,1751924721.5816011,1751925141.1143024,batch_consumer-sts-1_20250707_215231_848400.csv,True,False,False,1751925379.8232613,658241.660118103
24458,1751924721.5818465,1751925141.14196,batch_consumer-sts-1_20250707_215231_848400.csv,True,False,False,1751925379.8232613,658241.4147853851
24468,1751924721.5820806,1751925141.169382,batch_consumer-sts-1_20250707_215231_848400.csv,True,False,False,1751925379.8232613,658241.1806583405
24478,1751924721.5823352,1751925141.1960816,batch_consumer-sts-1_20250707_215231_848400.csv,True,False,False,1751925379.8232613,658240.926027298
24488,1751924721.582575,1751925141.222782,batch_consumer-sts-1_20250707_215231_848400.csv,True,False,False,1751925379.8232613,658240.6861782074
24498,1751924721.582815,1751925141.251859,batch_consumer-sts-1_20250707_215231_848400.csv,True,False,False,1751925379.8232613,658240.4463291168
24508,1751924721.5831194,1751925141.2786958,batch_consumer-sts-1_20250707_215231_848400.csv,True,False,False,1751925379.8232613,658240.1418685913
24518,1751924721.583363,1751925141.3054285,batch_consumer-sts-1_20250707_215231_848400.csv,True,False,False,1751925379.8232613,658239.8982048035
24528,1751924721.5835974,1751925141.3322988,batch_consumer-sts-1_20250707_215231_848400.csv,True,False,False,1751925379.8232613,658239.6638393402
24538,1751924721.5838597,1751925141.3595788,batch_consumer-sts-1_20250707_215231_848400.csv,True,False,False,1751925379.8232613,658239.4015789032
24548,1751924721.584151,1751925141.3856215,batch_consumer-sts-1_20250707_215231_848400.csv,True,False,False,1751925379.8232613,658239.1102313995
24558,1751924721.584386,1751925141.4128785,batch_consumer-sts-1_20250707_215231_848400.csv,True,False,False,1751925379.8232613,658238.8751506805
24568,1751924721.584646,1751925141.439856,batch_consumer-sts-1_20250707_215231_848400.csv,True,False,False,1751925379.8232613,658238.6152744293
24578,1751924721.5848804,1751925141.467332,batch_consumer-sts-1_20250707_215231_848400.csv,True,False,False,1751925379.8232613,658238.3809089661
24588,1751924721.5851195,1751925141.4938712,batch_consumer-sts-1_20250707_215231_848400.csv,True,False,False,1751925379.8232613,658238.1417751312
24598,1751924721.5853648,1751925141.5203245,batch_consumer-sts-1_20250707_215231_848400.csv,True,False,False,1751925379.8232613,658237.8964424133
24608,1751924721.5856397,1751925141.547154,batch_consumer-sts-1_20250707_215231_848400.csv,True,False,False,1751925379.8232613,658237.6215457916
24618,1751924721.58588,1751925141.5738685,batch_consumer-sts-1_20250707_215231_848400.csv,True,False,False,1751925379.8232613,658237.3812198639
24628,1751924721.5861354,1751925141.6007526,batch_consumer-sts-1_20250707_215231_848400.csv,True,False,False,1751925379.8232613,658237.1258735657
24638,1751924721.5863886,1751925141.627542,batch_consumer-sts-1_20250707_215231_848400.csv,True,False,False,1751925379.8232613,658236.8726730347
24648,1751924721.5866196,1751925141.6544893,batch_consumer-sts-1_20250707_215231_848400.csv,True,False,False,1751925379.8232613,658236.6416454315
24658,1751924721.5868523,1751925141.6823792,batch_consumer-sts-1_20250707_215231_848400.csv,True,False,False,1751925379.8232613,658236.4089488983
24668,1751924721.587081,1751925141.708875,batch_consumer-sts-1_20250707_215231_848400.csv,True,False,False,1751925379.8232613,658236.180305481
24678,1751924721.5873165,1751925141.7359002,batch_consumer-sts-1_20250707_215231_848400.csv,True,False,False,1751925379.8232613,658235.9447479248
24688,1751924721.58755,1751925141.762646,batch_consumer-sts-1_20250707_215231_848400.csv,True,False,False,1751925379.8232613,658235.7113361359
24698,1751924721.5877817,1751925141.7892628,batch_consumer-sts-1_20250707_215231_848400.csv,True,False,False,1751925379.8232613,658235.479593277
24708,1751924721.5880134,1751925141.816626,batch_consumer-sts-1_20250707_215231_848400.csv,True,False,False,1751925379.8232613,658235.2478504181
24718,1751924721.5882418,1751925141.8437326,batch_consumer-sts-1_20250707_215231_848400.csv,True,False,False,1751925379.8232613,658235.0194454193
24728,1751924721.5884912,1751925141.8711102,batch_consumer-sts-1_20250707_215231_848400.csv,True,False,False,1751925379.8232613,658234.7700595856
24738,1751924721.588738,1751925142.9003985,batch_consumer-sts-1_20250707_215231_848400.csv,True,False,False,1751925379.8232613,658234.5232963562
24748,1751924721.5889726,1751925142.9268951,batch_consumer-sts-1_20250707_215231_848400.csv,True,False,False,1751925379.8232613,658234.2886924744
24758,1751924721.5892842,1751925142.953895,batch_consumer-sts-1_20250707_215231_848400.csv,True,False,False,1751925379.8232613,658233.9770793915
24768,1751924721.5895622,1751925142.9806204,batch_consumer-sts-1_20250707_215231_848400.csv,True,False,False,1751925379.8232613,658233.6990833282
15028,1751924721.3068843,1751925143.0060773,batch_consumer-sts-1_20250707_215231_848400.csv,True,True,False,1751925379.8232613,658516.3769721985
15038,1751924721.3071222,1751925143.0327244,batch_consumer-sts-1_20250707_215231_848400.csv,True,False,False,1751925379.8232613,658516.1390304565
15048,1751924721.3073533,1751925143.0598123,batch_consumer-sts-1_20250707_215231_848400.csv,True,False,False,1751925379.8232613,658515.9080028534
15058,1751924721.3075836,1751925143.08692,batch_consumer-sts-1_20250707_215231_848400.csv,True,False,False,1751925379.8232613,658515.677690506
15068,1751924721.307825,1751925143.113193,batch_consumer-sts-1_20250707_215231_848400.csv,True,False,False,1751925379.8232613,658515.4361724854
15078,1751924721.3080635,1751925143.1407683,batch_consumer-sts-1_20250707_215231_848400.csv,True,False,False,1751925379.8232613,658515.1977539062
15088,1751924721.308295,1751925143.1691697,batch_consumer-sts-1_20250707_215231_848400.csv,True,False,False,1751925379.8232613,658514.966249466
15098,1751924721.3085294,1751925143.1965606,batch_consumer-sts-1_20250707_215231_848400.csv,True,False,False,1751925379.8232613,658514.7318840027
15108,1751924721.3087578,1751925143.222916,batch_consumer-sts-1_20250707_215231_848400.csv,True,False,False,1751925379.8232613,658514.5034790039
15118,1751924721.3092887,1751925143.250103,batch_consumer-sts-1_20250707_215231_848400.csv,True,False,False,1751925379.8232613,658513.9725208282
15128,1751924721.3095207,1751925143.2776272,batch_consumer-sts-1_20250707_215231_848400.csv,True,False,False,1751925379.8232613,658513.7405395508
15138,1751924721.309761,1751925143.3048134,batch_consumer-sts-1_20250707_215231_848400.csv,True,False,False,1751925379.8232613,658513.500213623
15148,1751924721.309986,1751925143.3317423,batch_consumer-sts-1_20250707_215231_848400.csv,True,False,False,1751925379.8232613,658513.2751464844
15158,1751924721.3102314,1751925143.3590806,batch_consumer-sts-1_20250707_215231_848400.csv,True,False,False,1751925379.8232613,658513.0298137665
15168,1751924721.3104615,1751925143.3863428,batch_consumer-sts-1_20250707_215231_848400.csv,True,False,False,1751925379.8232613,658512.7997398376
15178,1751924721.3106935,1751925143.4126494,batch_consumer-sts-1_20250707_215231_848400.csv,True,False,False,1751925379.8232613,658512.5677585602
15188,1751924721.3109329,1751925143.4401312,batch_consumer-sts-1_20250707_215231_848400.csv,True,False,False,1751925379.8232613,658512.3283863068
15198,1751924721.3111634,1751925143.4671175,batch_consumer-sts-1_20250707_215231_848400.csv,True,False,False,1751925379.8232613,658512.0978355408
15208,1751924721.3113952,1751925143.4947114,batch_consumer-sts-1_20250707_215231_848400.csv,True,False,False,1751925379.8232613,658511.8660926819
15218,1751924721.311623,1751925143.5207684,batch_consumer-sts-1_20250707_215231_848400.csv,True,False,False,1751925379.8232613,658511.6381645203
15228,1751924721.3118544,1751925143.5480075,batch_consumer-sts-1_20250707_215231_848400.csv,True,False,False,1751925379.8232613,658511.4068984985
15238,1751924721.3120854,1751925143.5746944,batch_consumer-sts-1_20250707_215231_848400.csv,True,False,False,1751925379.8232613,658511.1758708954
15248,1751924721.3123162,1751925143.6011102,batch_consumer-sts-1_20250707_215231_848400.csv,True,False,False,1751925379.8232613,658510.9450817108
15258,1751924721.3125584,1751925143.6280663,batch_consumer-sts-1_20250707_215231_848400.csv,True,False,False,1751925379.8232613,658510.7028484344
15268,1751924721.3127902,1751925143.6546965,batch_consumer-sts-1_20250707_215231_848400.csv,True,False,False,1751925379.8232613,658510.4711055756
15278,1751924721.3130205,1751925143.6814446,batch_consumer-sts-1_20250707_215231_848400.csv,True,False,False,1751925379.8232613,658510.2407932281
15288,1751924721.3132527,1751925143.7076428,batch_consumer-sts-1_20250707_215231_848400.csv,True,False,False,1751925379.8232613,658510.0085735321
15298,1751924721.3134866,1751925143.734414,batch_consumer-sts-1_20250707_215231_848400.csv,True,False,False,1751925379.8232613,658509.774684906
15308,1751924721.3137212,1751925143.7680058,batch_consumer-sts-1_20250707_215231_848400.csv,True,False,False,1751925379.8232613,658509.5400810242
15318,1751924721.31396,1751925143.794656,batch_consumer-sts-1_20250707_215231_848400.csv,True,False,False,1751925379.8232613,658509.3011856079
15328,1751924721.3142009,1751925143.820281,batch_consumer-sts-1_20250707_215231_848400.csv,True,False,False,1751925379.8232613,658509.060382843
15338,1751924721.314432,1751925143.84697,batch_consumer-sts-1_20250707_215231_848400.csv,True,False,False,1751925379.8232613,658508.8293552399
15348,1751924721.3146646,1751925143.873742,batch_consumer-sts-1_20250707_215231_848400.csv,True,False,False,1751925379.8232613,658508.5966587067
15358,1751924721.314894,1751925143.9001255,batch_consumer-sts-1_20250707_215231_848400.csv,True,False,False,1751925379.8232613,658508.3673000336
15368,1751924721.3151228,1751925143.926548,batch_consumer-sts-1_20250707_215231_848400.csv,True,False,False,1751925379.8232613,658508.1384181976
15378,1751924721.315358,1751925143.954104,batch_consumer-sts-1_20250707_215231_848400.csv,True,False,False,1751925379.8232613,658507.9033374786
15388,1751924721.3155956,1751925143.9814036,batch_consumer-sts-1_20250707_215231_848400.csv,True,False,False,1751925379.8232613,658507.6656341553
15398,1751924721.315819,1751925144.0087214,batch_consumer-sts-1_20250707_215231_848400.csv,True,False,False,1751925379.8232613,658507.4422359467
15408,1751924721.316043,1751925144.035488,batch_consumer-sts-1_20250707_215231_848400.csv,True,False,False,1751925379.8232613,658507.2183609009
15418,1751924721.316275,1751925144.0627203,batch_consumer-sts-1_20250707_215231_848400.csv,True,False,False,1751925379.8232613,658506.9863796234
15428,1751924721.3165054,1751925144.0897846,batch_consumer-sts-1_20250707_215231_848400.csv,True,False,False,1751925379.8232613,658506.7558288574
15438,1751924721.3167331,1751925144.1157875,batch_consumer-sts-1_20250707_215231_848400.csv,True,False,False,1751925379.8232613,658506.5281391144
15448,1751924721.3169663,1751925144.1423342,batch_consumer-sts-1_20250707_215231_848400.csv,True,False,False,1751925379.8232613,658506.294965744
15458,1751924721.317191,1751925144.168858,batch_consumer-sts-1_20250707_215231_848400.csv,True,False,False,1751925379.8232613,658506.0703754425
15468,1751924721.3174157,1751925144.195284,batch_consumer-sts-1_20250707_215231_848400.csv,True,False,False,1751925379.8232613,658505.8455467224
15478,1751924721.3176425,1751925144.22107,batch_consumer-sts-1_20250707_215231_848400.csv,True,False,False,1751925379.8232613,658505.6188106537
15488,1751924721.3178687,1751925144.24768,batch_consumer-sts-1_20250707_215231_848400.csv,True,False,False,1751925379.8232613,658505.3925514221
15498,1751924721.3180964,1751925144.2742572,batch_consumer-sts-1_20250707_215231_848400.csv,True,False,False,1751925379.8232613,658505.1648616791
15508,1751924721.3183367,1751925144.4548364,batch_consumer-sts-1_20250707_215231_848400.csv,True,False,False,1751925379.8232613,658504.9245357513
15518,1751924721.31857,1751925144.481795,batch_consumer-sts-1_20250707_215231_848400.csv,True,False,False,1751925379.8232613,658504.691362381
15528,1751924721.3187966,1751925144.507022,batch_consumer-sts-1_20250707_215231_848400.csv,True,False,False,1751925379.8232613,658504.4646263123
15538,1751924721.3190272,1751925144.533797,batch_consumer-sts-1_20250707_215231_848400.csv,True,False,False,1751925379.8232613,658504.2340755463
15548,1751924721.3192625,1751925144.5612142,batch_consumer-sts-1_20250707_215231_848400.csv,True,False,False,1751925379.8232613,658503.9987564087
15558,1751924721.3194883,1751925144.5881016,batch_consumer-sts-1_20250707_215231_848400.csv,True,False,False,1751925379.8232613,658503.7729740143
15568,1751924721.319722,1751925144.6142426,batch_consumer-sts-1_20250707_215231_848400.csv,True,False,False,1751925379.8232613,658503.5393238068
15578,1751924721.3199544,1751925144.640565,batch_consumer-sts-1_20250707_215231_848400.csv,True,False,False,1751925379.8232613,658503.3068656921
15588,1751924721.3201838,1751925144.6676865,batch_consumer-sts-1_20250707_215231_848400.csv,True,False,False,1751925379.8232613,658503.077507019
15598,1751924721.3204136,1751925144.6951523,batch_consumer-sts-1_20250707_215231_848400.csv,True,False,False,1751925379.8232613,658502.8476715088
15608,1751924721.3206403,1751925144.7212548,batch_consumer-sts-1_20250707_215231_848400.csv,True,False,False,1751925379.8232613,658502.6209354401
15618,1751924721.320871,1751925144.7491038,batch_consumer-sts-1_20250707_215231_848400.csv,True,False,False,1751925379.8232613,658502.3901462555
15628,1751924721.3210988,1751925144.7761078,batch_consumer-sts-1_20250707_215231_848400.csv,True,False,False,1751925379.8232613,658502.1624565125
15638,1751924721.321337,1751925144.8561633,batch_consumer-sts-1_20250707_215231_848400.csv,True,False,False,1751925379.8232613,658501.9242763519
15648,1751924721.321566,1751925144.883399,batch_consumer-sts-1_20250707_215231_848400.csv,True,False,False,1751925379.8232613,658501.6951560974
15658,1751924721.321793,1751925144.9097776,batch_consumer-sts-1_20250707_215231_848400.csv,True,False,False,1751925379.8232613,658501.4681816101
15668,1751924721.322024,1751925145.1278849,batch_consumer-sts-1_20250707_215231_848400.csv,True,False,False,1751925379.8232613,658501.237154007
15678,1751924721.322273,1751925145.154907,batch_consumer-sts-1_20250707_215231_848400.csv,True,False,False,1751925379.8232613,658500.9882450104
15688,1751924721.3225007,1751925145.1822343,batch_consumer-sts-1_20250707_215231_848400.csv,True,False,False,1751925379.8232613,658500.7605552673
15698,1751924721.3227296,1751925145.2085557,batch_consumer-sts-1_20250707_215231_848400.csv,True,False,False,1751925379.8232613,658500.5316734314
15708,1751924721.322954,1751925145.2349982,batch_consumer-sts-1_20250707_215231_848400.csv,True,False,False,1751925379.8232613,658500.3073215485
15718,1751924721.3231864,1751925145.2616224,batch_consumer-sts-1_20250707_215231_848400.csv,True,False,False,1751925379.8232613,658500.0748634338
15728,1751924721.3234146,1751925145.2883475,batch_consumer-sts-1_20250707_215231_848400.csv,True,False,False,1751925379.8232613,658499.8466968536
15738,1751924721.3236496,1751925145.3150623,batch_consumer-sts-1_20250707_215231_848400.csv,True,False,False,1751925379.8232613,658499.6116161346
15748,1751924721.3238757,1751925145.3419683,batch_consumer-sts-1_20250707_215231_848400.csv,True,False,False,1751925379.8232613,658499.3855953217
15758,1751924721.3241084,1751925145.36879,batch_consumer-sts-1_20250707_215231_848400.csv,True,False,False,1751925379.8232613,658499.1528987885
15768,1751924721.3243396,1751925145.39552,batch_consumer-sts-1_20250707_215231_848400.csv,True,False,False,1751925379.8232613,658498.9216327667
15778,1751924721.3245668,1751925145.4215794,batch_consumer-sts-1_20250707_215231_848400.csv,True,False,False,1751925379.8232613,658498.6944198608
15788,1751924721.3247936,1751925145.4487455,batch_consumer-sts-1_20250707_215231_848400.csv,True,False,False,1751925379.8232613,658498.4676837921
15798,1751924721.3250213,1751925145.4755278,batch_consumer-sts-1_20250707_215231_848400.csv,True,False,False,1751925379.8232613,658498.2399940491
15808,1751924721.3252506,1751925145.5026033,batch_consumer-sts-1_20250707_215231_848400.csv,True,False,False,1751925379.8232613,658498.010635376
15818,1751924721.381286,1751925145.5294683,batch_consumer-sts-1_20250707_215231_848400.csv,True,False,False,1751925379.8232613,658441.9753551483
15828,1751924721.3815536,1751925145.5564115,batch_consumer-sts-1_20250707_215231_848400.csv,True,False,False,1751925379.8232613,658441.707611084
15838,1751924721.3817987,1751925145.5835931,batch_consumer-sts-1_20250707_215231_848400.csv,True,False,False,1751925379.8232613,658441.4625167847
15848,1751924721.3820388,1751925145.6110237,batch_consumer-sts-1_20250707_215231_848400.csv,True,False,False,1751925379.8232613,658441.2224292755
15858,1751924721.382292,1751925145.6381562,batch_consumer-sts-1_20250707_215231_848400.csv,True,False,False,1751925379.8232613,658440.9692287445
15868,1751924721.3825283,1751925145.6655018,batch_consumer-sts-1_20250707_215231_848400.csv,True,False,False,1751925379.8232613,658440.7329559326
15878,1751924721.3827724,1751925145.6954885,batch_consumer-sts-1_20250707_215231_848400.csv,True,False,False,1751925379.8232613,658440.4888153076
15888,1751924721.383011,1751925145.7220137,batch_consumer-sts-1_20250707_215231_848400.csv,True,False,False,1751925379.8232613,658440.2501583099
15898,1751924721.3832507,1751925145.748909,batch_consumer-sts-1_20250707_215231_848400.csv,True,False,False,1751925379.8232613,658440.0105476379
15908,1751924721.3834913,1751925145.776065,batch_consumer-sts-1_20250707_215231_848400.csv,True,False,False,1751925379.8232613,658439.7699832916
15918,1751924721.3837218,1751925145.803614,batch_consumer-sts-1_20250707_215231_848400.csv,True,False,False,1751925379.8232613,658439.5394325256
15928,1751924721.3839588,1751925145.8304024,batch_consumer-sts-1_20250707_215231_848400.csv,True,False,False,1751925379.8232613,658439.302444458
15938,1751924721.3841991,1751925145.858337,batch_consumer-sts-1_20250707_215231_848400.csv,True,False,False,1751925379.8232613,658439.0621185303
15948,1751924721.384444,1751925145.8851235,batch_consumer-sts-1_20250707_215231_848400.csv,True,False,False,1751925379.8232613,658438.8172626495
15958,1751924721.3846889,1751925145.9116445,batch_consumer-sts-1_20250707_215231_848400.csv,True,False,False,1751925379.8232613,658438.5724067688
15968,1751924721.3849196,1751925145.9373944,batch_consumer-sts-1_20250707_215231_848400.csv,True,False,False,1751925379.8232613,658438.3416175842
15978,1751924721.3851578,1751925145.9640477,batch_consumer-sts-1_20250707_215231_848400.csv,True,False,False,1751925379.8232613,658438.1034374237
15988,1751924721.385391,1751925145.991126,batch_consumer-sts-1_20250707_215231_848400.csv,True,False,False,1751925379.8232613,658437.8702640533
15998,1751924721.3856251,1751925146.01729,batch_consumer-sts-1_20250707_215231_848400.csv,True,False,False,1751925379.8232613,658437.6361370087
16008,1751924721.3858616,1751925146.0442748,batch_consumer-sts-1_20250707_215231_848400.csv,True,False,False,1751925379.8232613,658437.3996257782
16018,1751924721.386092,1751925146.0713496,batch_consumer-sts-1_20250707_215231_848400.csv,True,False,False,1751925379.8232613,658437.1693134308
16028,1751924721.3863394,1751925146.0983691,batch_consumer-sts-1_20250707_215231_848400.csv,True,False,False,1751925379.8232613,658436.9218349457
16038,1751924721.3865702,1751925146.125034,batch_consumer-sts-1_20250707_215231_848400.csv,True,False,False,1751925379.8232613,658436.6910457611
16048,1751924721.3868062,1751925146.1519587,batch_consumer-sts-1_20250707_215231_848400.csv,True,False,False,1751925379.8232613,658436.4550113678
16058,1751924721.3870394,1751925146.178874,batch_consumer-sts-1_20250707_215231_848400.csv,True,False,False,1751925379.8232613,658436.2218379974
16068,1751924721.3872766,1751925146.2057295,batch_consumer-sts-1_20250707_215231_848400.csv,True,False,False,1751925379.8232613,658435.9846115112
16078,1751924721.3875053,1751925146.236011,batch_consumer-sts-1_20250707_215231_848400.csv,True,False,False,1751925379.8232613,658435.7559680939
16088,1751924721.3876848,1751925146.2640388,batch_consumer-sts-1_20250707_215231_848400.csv,True,False,False,1751925379.8232613,658435.5764389038
16098,1751924721.3878682,1751925146.2912953,batch_consumer-sts-1_20250707_215231_848400.csv,True,False,False,1751925379.8232613,658435.3930950165
16108,1751924721.3880498,1751925146.318038,batch_consumer-sts-1_20250707_215231_848400.csv,True,False,False,1751925379.8232613,658435.2114200592
16118,1751924721.388262,1751925146.3455026,batch_consumer-sts-1_20250707_215231_848400.csv,True,False,False,1751925379.8232613,658434.9992275238
16128,1751924721.3884406,1751925146.3730829,batch_consumer-sts-1_20250707_215231_848400.csv,True,False,False,1751925379.8232613,658434.820652008
16138,1751924721.3886187,1751925146.4004166,batch_consumer-sts-1_20250707_215231_848400.csv,True,False,False,1751925379.8232613,658434.6425533295
16148,1751924721.3888168,1751925146.4278953,batch_consumer-sts-1_20250707_215231_848400.csv,True,False,False,1751925379.8232613,658434.4444274902
16158,1751924721.3890057,1751925146.455331,batch_consumer-sts-1_20250707_215231_848400.csv,True,False,False,1751925379.8232613,658434.2555999756
16168,1751924721.3892393,1751925146.4826624,batch_consumer-sts-1_20250707_215231_848400.csv,True,False,False,1751925379.8232613,658434.0219497681
16178,1751924721.3894904,1751925146.5086784,batch_consumer-sts-1_20250707_215231_848400.csv,True,False,False,1751925379.8232613,658433.7708950043
16188,1751924721.3897288,1751925146.538545,batch_consumer-sts-1_20250707_215231_848400.csv,True,False,False,1751925379.8232613,658433.5324764252
16198,1751924721.389956,1751925146.5658145,batch_consumer-sts-1_20250707_215231_848400.csv,True,False,False,1751925379.8232613,658433.3052635193
16208,1751924721.390211,1751925146.5933368,batch_consumer-sts-1_20250707_215231_848400.csv,True,False,False,1751925379.8232613,658433.0501556396
16218,1751924721.3904402,1751925146.6199658,batch_consumer-sts-1_20250707_215231_848400.csv,True,False,False,1751925379.8232613,658432.8210353851
16228,1751924721.390671,1751925146.642448,batch_consumer-sts-1_20250707_215231_848400.csv,True,False,False,1751925379.8232613,658432.5902462006
16238,1751924721.3909,1751925146.670117,batch_consumer-sts-1_20250707_215231_848400.csv,True,False,False,1751925379.8232613,658432.3613643646
16248,1751924721.391164,1751925146.6969347,batch_consumer-sts-1_20250707_215231_848400.csv,True,False,False,1751925379.8232613,658432.097196579
16258,1751924721.3914232,1751925146.7235043,batch_consumer-sts-1_20250707_215231_848400.csv,True,False,False,1751925379.8232613,658431.8380355835
16268,1751924721.391659,1751925146.7517488,batch_consumer-sts-1_20250707_215231_848400.csv,True,False,False,1751925379.8232613,658431.6022396088
16278,1751924721.3919077,1751925146.7788603,batch_consumer-sts-1_20250707_215231_848400.csv,True,False,False,1751925379.8232613,658431.3535690308
16288,1751924721.3921387,1751925146.8062897,batch_consumer-sts-1_20250707_215231_848400.csv,True,False,False,1751925379.8232613,658431.1225414276
16298,1751924721.392375,1751925146.8334987,batch_consumer-sts-1_20250707_215231_848400.csv,True,False,False,1751925379.8232613,658430.8862686157
16308,1751924721.39261,1751925146.8565,batch_consumer-sts-1_20250707_215231_848400.csv,True,False,False,1751925379.8232613,658430.6511878967
16318,1751924721.3928409,1751925146.8834932,batch_consumer-sts-1_20250707_215231_848400.csv,True,False,False,1751925379.8232613,658430.4203987122
16328,1751924721.393077,1751925146.9103596,batch_consumer-sts-1_20250707_215231_848400.csv,True,False,False,1751925379.8232613,658430.1843643188
16338,1751924721.3933165,1751925146.9373546,batch_consumer-sts-1_20250707_215231_848400.csv,True,False,False,1751925379.8232613,658429.9447536469
16348,1751924721.393573,1751925146.9690297,batch_consumer-sts-1_20250707_215231_848400.csv,True,False,False,1751925379.8232613,658429.6882152557
16358,1751924721.3938107,1751925146.9958856,batch_consumer-sts-1_20250707_215231_848400.csv,True,False,False,1751925379.8232613,658429.4505119324
16368,1751924721.3940442,1751925147.0221105,batch_consumer-sts-1_20250707_215231_848400.csv,True,False,False,1751925379.8232613,658429.2171001434
16378,1751924721.394302,1751925147.0486534,batch_consumer-sts-1_20250707_215231_848400.csv,True,False,False,1751925379.8232613,658428.9593696594
16388,1751924721.3945377,1751925148.077783,batch_consumer-sts-1_20250707_215231_848400.csv,True,False,False,1751925379.8232613,658428.7235736847
16398,1751924721.3947685,1751925148.1041534,batch_consumer-sts-1_20250707_215231_848400.csv,True,False,False,1751925379.8232613,658428.4927845001
16408,1751924721.3950086,1751925148.1309087,batch_consumer-sts-1_20250707_215231_848400.csv,True,False,False,1751925379.8232613,658428.252696991
16418,1751924721.3952465,1751925148.1579466,batch_consumer-sts-1_20250707_215231_848400.csv,True,False,False,1751925379.8232613,658428.014755249
16428,1751924721.3954928,1751925148.184836,batch_consumer-sts-1_20250707_215231_848400.csv,True,False,False,1751925379.8232613,658427.7684688568
16438,1751924721.3957398,1751925148.210028,batch_consumer-sts-1_20250707_215231_848400.csv,True,False,False,1751925379.8232613,658427.5214672089
16448,1751924721.3959725,1751925148.2366805,batch_consumer-sts-1_20250707_215231_848400.csv,True,False,False,1751925379.8232613,658427.2887706757
16458,1751924721.396206,1751925148.2635162,batch_consumer-sts-1_20250707_215231_848400.csv,True,False,False,1751925379.8232613,658427.0553588867
16468,1751924721.396442,1751925148.2905457,batch_consumer-sts-1_20250707_215231_848400.csv,True,False,False,1751925379.8232613,658426.8193244934
16478,1751924721.3966725,1751925148.3169987,batch_consumer-sts-1_20250707_215231_848400.csv,True,False,False,1751925379.8232613,658426.5887737274
16488,1751924721.3969114,1751925148.3440008,batch_consumer-sts-1_20250707_215231_848400.csv,True,False,False,1751925379.8232613,658426.3498783112
16498,1751924721.397141,1751925148.3710644,batch_consumer-sts-1_20250707_215231_848400.csv,True,False,False,1751925379.8232613,658426.1202812195
16508,1751924721.3974023,1751925148.398368,batch_consumer-sts-1_20250707_215231_848400.csv,True,False,False,1751925379.8232613,658425.8589744568
16518,1751924721.3976438,1751925148.425215,batch_consumer-sts-1_20250707_215231_848400.csv,True,False,False,1751925379.8232613,658425.6174564362
16528,1751924721.3978822,1751925148.4525874,batch_consumer-sts-1_20250707_215231_848400.csv,True,False,False,1751925379.8232613,658425.379037857
16538,1751924721.398123,1751925148.4800837,batch_consumer-sts-1_20250707_215231_848400.csv,True,False,False,1751925379.8232613,658425.1382350922
16548,1751924721.398368,1751925148.5071597,batch_consumer-sts-1_20250707_215231_848400.csv,True,False,False,1751925379.8232613,658424.8933792114
16558,1751924721.3986063,1751925148.534243,batch_consumer-sts-1_20250707_215231_848400.csv,True,False,False,1751925379.8232613,658424.6549606323
16568,1751924721.398844,1751925148.560889,batch_consumer-sts-1_20250707_215231_848400.csv,True,False,False,1751925379.8232613,658424.417257309
16578,1751924721.3990748,1751925148.58804,batch_consumer-sts-1_20250707_215231_848400.csv,True,False,False,1751925379.8232613,658424.1864681244
16588,1751924721.3993134,1751925148.6153195,batch_consumer-sts-1_20250707_215231_848400.csv,True,False,False,1751925379.8232613,658423.9478111267
16598,1751924721.3995464,1751925148.6432655,batch_consumer-sts-1_20250707_215231_848400.csv,True,False,False,1751925379.8232613,658423.7148761749
16608,1751924721.399777,1751925148.6700728,batch_consumer-sts-1_20250707_215231_848400.csv,True,False,False,1751925379.8232613,658423.4843254089
16618,1751924721.40001,1751925148.6967852,batch_consumer-sts-1_20250707_215231_848400.csv,True,False,False,1751925379.8232613,658423.2511520386
16628,1751924721.4002368,1751925148.723219,batch_consumer-sts-1_20250707_215231_848400.csv,True,False,False,1751925379.8232613,658423.0244159698
16638,1751924721.4004655,1751925148.750449,batch_consumer-sts-1_20250707_215231_848400.csv,True,False,False,1751925379.8232613,658422.7957725525
16648,1751924721.4006996,1751925148.7774663,batch_consumer-sts-1_20250707_215231_848400.csv,True,False,False,1751925379.8232613,658422.5616455078
16658,1751924721.4009304,1751925148.804396,batch_consumer-sts-1_20250707_215231_848400.csv,True,False,False,1751925379.8232613,658422.3308563232
16668,1751924721.4011736,1751925148.8312304,batch_consumer-sts-1_20250707_215231_848400.csv,True,False,False,1751925379.8232613,658422.0876693726
16678,1751924721.401413,1751925148.858149,batch_consumer-sts-1_20250707_215231_848400.csv,True,False,False,1751925379.8232613,658421.8482971191
16688,1751924721.4016578,1751925148.884833,batch_consumer-sts-1_20250707_215231_848400.csv,True,False,False,1751925379.8232613,658421.6034412384
16698,1751924721.401884,1751925148.9116094,batch_consumer-sts-1_20250707_215231_848400.csv,True,False,False,1751925379.8232613,658421.3771820068
16708,1751924721.4021134,1751925148.9388857,batch_consumer-sts-1_20250707_215231_848400.csv,True,False,False,1751925379.8232613,658421.1478233337
16718,1751924721.4023488,1751925148.9662597,batch_consumer-sts-1_20250707_215231_848400.csv,True,False,False,1751925379.8232613,658420.9125041962
16728,1751924721.4025753,1751925148.9939332,batch_consumer-sts-1_20250707_215231_848400.csv,True,False,False,1751925379.8232613,658420.686006546
16738,1751924721.4028084,1751925149.0203638,batch_consumer-sts-1_20250707_215231_848400.csv,True,False,False,1751925379.8232613,658420.4528331757
16748,1751924721.4030328,1751925149.0477755,batch_consumer-sts-1_20250707_215231_848400.csv,True,False,False,1751925379.8232613,658420.2284812927
16758,1751924721.403267,1751925149.0744352,batch_consumer-sts-1_20250707_215231_848400.csv,True,False,False,1751925379.8232613,658419.994354248
16768,1751924721.4034925,1751925149.1014993,batch_consumer-sts-1_20250707_215231_848400.csv,True,False,False,1751925379.8232613,658419.7688102722
16778,1751924721.403685,1751925149.1285148,batch_consumer-sts-1_20250707_215231_848400.csv,True,False,False,1751925379.8232613,658419.5761680603
16788,1751924721.403884,1751925149.1559906,batch_consumer-sts-1_20250707_215231_848400.csv,True,False,False,1751925379.8232613,658419.3773269653
16798,1751924721.4041069,1751925149.1830134,batch_consumer-sts-1_20250707_215231_848400.csv,True,False,False,1751925379.8232613,658419.1544055939
16808,1751924721.404343,1751925149.209911,batch_consumer-sts-1_20250707_215231_848400.csv,True,False,False,1751925379.8232613,658418.9183712006
16818,1751924721.4045792,1751925149.2374249,batch_consumer-sts-1_20250707_215231_848400.csv,True,False,False,1751925379.8232613,658418.6820983887
16828,1751924721.4048097,1751925149.264393,batch_consumer-sts-1_20250707_215231_848400.csv,True,False,False,1751925379.8232613,658418.4515476227
16838,1751924721.4050426,1751925149.2911918,batch_consumer-sts-1_20250707_215231_848400.csv,True,False,False,1751925379.8232613,658418.2186126709
16848,1751924721.4052746,1751925149.317314,batch_consumer-sts-1_20250707_215231_848400.csv,True,False,False,1751925379.8232613,658417.9866313934
16858,1751924721.4055114,1751925149.344272,batch_consumer-sts-1_20250707_215231_848400.csv,True,False,False,1751925379.8232613,658417.7498817444
16868,1751924721.4057505,1751925149.3712113,batch_consumer-sts-1_20250707_215231_848400.csv,True,False,False,1751925379.8232613,658417.5107479095
16878,1751924721.4059875,1751925149.509431,batch_consumer-sts-1_20250707_215231_848400.csv,True,False,False,1751925379.8232613,658417.2737598419
16888,1751924721.406236,1751925149.5360527,batch_consumer-sts-1_20250707_215231_848400.csv,True,False,False,1751925379.8232613,658417.0253276825
16898,1751924721.4064808,1751925149.563038,batch_consumer-sts-1_20250707_215231_848400.csv,True,False,False,1751925379.8232613,658416.7804718018
16908,1751924721.406708,1751925149.591791,batch_consumer-sts-1_20250707_215231_848400.csv,True,False,False,1751925379.8232613,658416.5532588959
16918,1751924721.4069386,1751925149.6173344,batch_consumer-sts-1_20250707_215231_848400.csv,True,False,False,1751925379.8232613,658416.3227081299
16928,1751924721.407173,1751925149.6444004,batch_consumer-sts-1_20250707_215231_848400.csv,True,False,False,1751925379.8232613,658416.0883426666
16938,1751924721.4073997,1751925149.6713438,batch_consumer-sts-1_20250707_215231_848400.csv,True,False,False,1751925379.8232613,658415.8616065979
16948,1751924721.407625,1751925149.6981485,batch_consumer-sts-1_20250707_215231_848400.csv,True,False,False,1751925379.8232613,658415.6363010406
16958,1751924721.4078562,1751925149.725122,batch_consumer-sts-1_20250707_215231_848400.csv,True,False,False,1751925379.8232613,658415.4050350189
16968,1751924721.4080834,1751925149.752075,batch_consumer-sts-1_20250707_215231_848400.csv,True,False,False,1751925379.8232613,658415.177822113
16978,1751924721.4083166,1751925149.7800753,batch_consumer-sts-1_20250707_215231_848400.csv,True,False,False,1751925379.8232613,658414.9446487427
16988,1751924721.4085538,1751925149.8072424,batch_consumer-sts-1_20250707_215231_848400.csv,True,False,False,1751925379.8232613,658414.7074222565
16998,1751924721.4087875,1751925149.8338158,batch_consumer-sts-1_20250707_215231_848400.csv,True,False,False,1751925379.8232613,658414.473772049
17008,1751924721.4090135,1751925149.8607025,batch_consumer-sts-1_20250707_215231_848400.csv,True,False,False,1751925379.8232613,658414.247751236
17018,1751924721.409247,1751925149.8876595,batch_consumer-sts-1_20250707_215231_848400.csv,True,False,False,1751925379.8232613,658414.014339447
17028,1751924721.4094765,1751925149.9880774,batch_consumer-sts-1_20250707_215231_848400.csv,True,False,False,1751925379.8232613,658413.7847423553
17038,1751924721.4097047,1751925150.0162537,batch_consumer-sts-1_20250707_215231_848400.csv,True,False,False,1751925379.8232613,658413.5565757751
17048,1751924721.409947,1751925150.0434637,batch_consumer-sts-1_20250707_215231_848400.csv,True,False,False,1751925379.8232613,658413.3143424988
17058,1751924721.4101837,1751925150.417344,batch_consumer-sts-1_20250707_215231_848400.csv,True,False,False,1751925379.8232613,658413.0775928497
17068,1751924721.4104147,1751925150.4471085,batch_consumer-sts-1_20250707_215231_848400.csv,True,False,False,1751925379.8232613,658412.8465652466
17078,1751924721.4106464,1751925150.4757323,batch_consumer-sts-1_20250707_215231_848400.csv,True,False,False,1751925379.8232613,658412.6148223877
17088,1751924721.4108777,1751925150.5014386,batch_consumer-sts-1_20250707_215231_848400.csv,True,False,False,1751925379.8232613,658412.383556366
17098,1751924721.4111085,1751925150.5280516,batch_consumer-sts-1_20250707_215231_848400.csv,True,False,False,1751925379.8232613,658412.1527671814
17108,1751924721.4113605,1751925150.5546677,batch_consumer-sts-1_20250707_215231_848400.csv,True,False,False,1751925379.8232613,658411.9007587433
17118,1751924721.411598,1751925150.580366,batch_consumer-sts-1_20250707_215231_848400.csv,True,False,False,1751925379.8232613,658411.6632938385
17128,1751924721.411831,1751925150.6068366,batch_consumer-sts-1_20250707_215231_848400.csv,True,False,False,1751925379.8232613,658411.4303588867
17138,1751924721.4120667,1751925150.632267,batch_consumer-sts-1_20250707_215231_848400.csv,True,False,False,1751925379.8232613,658411.194562912
17148,1751924721.4123068,1751925150.658882,batch_consumer-sts-1_20250707_215231_848400.csv,True,False,False,1751925379.8232613,658410.9544754028
17158,1751924721.412542,1751925150.6857598,batch_consumer-sts-1_20250707_215231_848400.csv,True,False,False,1751925379.8232613,658410.7191562653
17168,1751924721.4127772,1751925150.7129138,batch_consumer-sts-1_20250707_215231_848400.csv,True,False,False,1751925379.8232613,658410.4840755463
24778,1751924721.5898154,1751925150.739468,batch_consumer-sts-1_20250707_215231_848400.csv,True,False,False,1751925379.8232613,658233.4458827972
24788,1751924721.5900574,1751925150.7664702,batch_consumer-sts-1_20250707_215231_848400.csv,True,False,False,1751925379.8232613,658233.2038879395
24798,1751924721.5902922,1751925150.7931638,batch_consumer-sts-1_20250707_215231_848400.csv,True,False,False,1751925379.8232613,658232.969045639
24808,1751924721.590527,1751925150.8195646,batch_consumer-sts-1_20250707_215231_848400.csv,True,False,False,1751925379.8232613,658232.7342033386
24818,1751924721.5907738,1751925150.846498,batch_consumer-sts-1_20250707_215231_848400.csv,True,False,False,1751925379.8232613,658232.4874401093
24828,1751924721.591004,1751925150.8734984,batch_consumer-sts-1_20250707_215231_848400.csv,True,False,False,1751925379.8232613,658232.2573661804
24838,1751924721.591244,1751925150.9004257,batch_consumer-sts-1_20250707_215231_848400.csv,True,False,False,1751925379.8232613,658232.0172786713
24848,1751924721.5914826,1751925150.9273815,batch_consumer-sts-1_20250707_215231_848400.csv,True,False,False,1751925379.8232613,658231.7786216736
24858,1751924721.591721,1751925150.9546833,batch_consumer-sts-1_20250707_215231_848400.csv,True,False,False,1751925379.8232613,658231.5402030945
24868,1751924721.5919547,1751925150.9808588,batch_consumer-sts-1_20250707_215231_848400.csv,True,False,False,1751925379.8232613,658231.306552887
24878,1751924721.5921817,1751925151.0083623,batch_consumer-sts-1_20250707_215231_848400.csv,True,False,False,1751925379.8232613,658231.0795783997
24888,1751924721.5924144,1751925151.0353696,batch_consumer-sts-1_20250707_215231_848400.csv,True,False,False,1751925379.8232613,658230.8468818665
24898,1751924721.5926492,1751925151.06204,batch_consumer-sts-1_20250707_215231_848400.csv,True,False,False,1751925379.8232613,658230.612039566
24908,1751924721.5928888,1751925151.0888357,batch_consumer-sts-1_20250707_215231_848400.csv,True,False,False,1751925379.8232613,658230.372428894
24918,1751924721.593113,1751925151.115086,batch_consumer-sts-1_20250707_215231_848400.csv,True,False,False,1751925379.8232613,658230.1483154297
24928,1751924721.5933414,1751925151.142301,batch_consumer-sts-1_20250707_215231_848400.csv,True,False,False,1751925379.8232613,658229.9199104309
24938,1751924721.593577,1751925151.1692915,batch_consumer-sts-1_20250707_215231_848400.csv,True,False,False,1751925379.8232613,658229.6843528748
24948,1751924721.593817,1751925151.196271,batch_consumer-sts-1_20250707_215231_848400.csv,True,False,False,1751925379.8232613,658229.4442653656
24958,1751924721.594077,1751925151.2225842,batch_consumer-sts-1_20250707_215231_848400.csv,True,False,False,1751925379.8232613,658229.1841506958
24968,1751924721.5943198,1751925151.2520118,batch_consumer-sts-1_20250707_215231_848400.csv,True,False,False,1751925379.8232613,658228.9414405823
24978,1751924721.5945575,1751925151.2786465,batch_consumer-sts-1_20250707_215231_848400.csv,True,False,False,1751925379.8232613,658228.7037372589
24988,1751924721.594789,1751925151.3055274,batch_consumer-sts-1_20250707_215231_848400.csv,True,False,False,1751925379.8232613,658228.4722328186
24998,1751924721.5950198,1751925151.3353467,batch_consumer-sts-1_20250707_215231_848400.csv,True,False,False,1751925379.8232613,658228.241443634
25008,1751924721.5952518,1751925151.362348,batch_consumer-sts-1_20250707_215231_848400.csv,True,False,False,1751925379.8232613,658228.0094623566
25018,1751924721.5954857,1751925151.3892798,batch_consumer-sts-1_20250707_215231_848400.csv,True,False,False,1751925379.8232613,658227.7755737305
25028,1751924721.595719,1751925151.4158597,batch_consumer-sts-1_20250707_215231_848400.csv,True,False,False,1751925379.8232613,658227.5421619415
25038,1751924721.5959473,1751925151.4426634,batch_consumer-sts-1_20250707_215231_848400.csv,True,False,False,1751925379.8232613,658227.3139953613
25048,1751924721.5961845,1751925151.4687164,batch_consumer-sts-1_20250707_215231_848400.csv,True,False,False,1751925379.8232613,658227.0767688751
25058,1751924721.5964189,1751925151.4957626,batch_consumer-sts-1_20250707_215231_848400.csv,True,False,False,1751925379.8232613,658226.8424034119
25068,1751924721.5966494,1751925151.522111,batch_consumer-sts-1_20250707_215231_848400.csv,True,False,False,1751925379.8232613,658226.6118526459
25078,1751924721.5968902,1751925151.549373,batch_consumer-sts-1_20250707_215231_848400.csv,True,False,False,1751925379.8232613,658226.371049881
25088,1751924721.5971231,1751925151.576132,batch_consumer-sts-1_20250707_215231_848400.csv,True,False,False,1751925379.8232613,658226.1381149292
25098,1751924721.597363,1751925151.603526,batch_consumer-sts-1_20250707_215231_848400.csv,True,False,False,1751925379.8232613,658225.8982658386
25108,1751924721.5975988,1751925151.630846,batch_consumer-sts-1_20250707_215231_848400.csv,True,False,False,1751925379.8232613,658225.6624698639
25118,1751924721.5978436,1751925151.658094,batch_consumer-sts-1_20250707_215231_848400.csv,True,False,False,1751925379.8232613,658225.4176139832
25128,1751924721.598078,1751925151.6849363,batch_consumer-sts-1_20250707_215231_848400.csv,True,False,False,1751925379.8232613,658225.1832485199
25138,1751924721.5983248,1751925151.7113864,batch_consumer-sts-1_20250707_215231_848400.csv,True,False,False,1751925379.8232613,658224.9364852905
25148,1751924721.5985577,1751925151.7383995,batch_consumer-sts-1_20250707_215231_848400.csv,True,False,False,1751925379.8232613,658224.7035503387
25158,1751924721.5987892,1751925151.7648249,batch_consumer-sts-1_20250707_215231_848400.csv,True,False,False,1751925379.8232613,658224.4720458984
25168,1751924721.5990243,1751925151.7917953,batch_consumer-sts-1_20250707_215231_848400.csv,True,False,False,1751925379.8232613,658224.2369651794
25178,1751924721.5992534,1751925151.8178835,batch_consumer-sts-1_20250707_215231_848400.csv,True,False,False,1751925379.8232613,658224.0078449249
25188,1751924721.5994794,1751925153.2009296,batch_consumer-sts-1_20250707_215252_561881.csv,True,False,False,1751925379.8232613,658223.7818241119
25198,1751924721.5997038,1751925153.2290745,batch_consumer-sts-1_20250707_215252_561881.csv,True,False,False,1751925379.8232613,658223.557472229
25208,1751924721.5999362,1751925153.2574272,batch_consumer-sts-1_20250707_215252_561881.csv,True,False,False,1751925379.8232613,658223.3250141144
25218,1751924721.600165,1751925153.2850914,batch_consumer-sts-1_20250707_215252_561881.csv,True,False,False,1751925379.8232613,658223.096370697
25228,1751924721.6003938,1751925153.313573,batch_consumer-sts-1_20250707_215252_561881.csv,True,False,False,1751925379.8232613,658222.8674888611
25238,1751924721.6006303,1751925153.3405943,batch_consumer-sts-1_20250707_215252_561881.csv,True,False,False,1751925379.8232613,658222.6309776306
25248,1751924721.600869,1751925153.3671415,batch_consumer-sts-1_20250707_215252_561881.csv,True,False,False,1751925379.8232613,658222.3923206329
25258,1751924721.6010957,1751925153.3943048,batch_consumer-sts-1_20250707_215252_561881.csv,True,False,False,1751925379.8232613,658222.1655845642
25268,1751924721.601328,1751925153.4201689,batch_consumer-sts-1_20250707_215252_561881.csv,True,False,False,1751925379.8232613,658221.9333648682
25278,1751924721.6015654,1751925153.446954,batch_consumer-sts-1_20250707_215252_561881.csv,True,False,False,1751925379.8232613,658221.6958999634
25288,1751924721.6018035,1751925153.4732485,batch_consumer-sts-1_20250707_215252_561881.csv,True,False,False,1751925379.8232613,658221.4577198029
25298,1751924721.6020455,1751925153.4996717,batch_consumer-sts-1_20250707_215252_561881.csv,True,False,False,1751925379.8232613,658221.2157249451
25308,1751924721.6022997,1751925153.5317037,batch_consumer-sts-1_20250707_215252_561881.csv,True,False,False,1751925379.8232613,658220.9615707397
25318,1751924721.6025424,1751925153.5581636,batch_consumer-sts-1_20250707_215252_561881.csv,True,False,False,1751925379.8232613,658220.7188606262
25328,1751924721.6027768,1751925153.5851486,batch_consumer-sts-1_20250707_215252_561881.csv,True,False,False,1751925379.8232613,658220.484495163
25338,1751924721.6030126,1751925153.611493,batch_consumer-sts-1_20250707_215252_561881.csv,True,False,False,1751925379.8232613,658220.2486991882
25348,1751924721.603272,1751925153.6384854,batch_consumer-sts-1_20250707_215252_561881.csv,True,False,False,1751925379.8232613,658219.9892997742
25358,1751924721.603506,1751925153.666942,batch_consumer-sts-1_20250707_215252_561881.csv,True,False,False,1751925379.8232613,658219.7551727295
25368,1751924721.6037378,1751925153.6944766,batch_consumer-sts-1_20250707_215252_561881.csv,True,False,False,1751925379.8232613,658219.5234298706
25378,1751924721.603969,1751925153.7211149,batch_consumer-sts-1_20250707_215252_561881.csv,True,False,False,1751925379.8232613,658219.2921638489
25388,1751924721.60421,1751925153.7481756,batch_consumer-sts-1_20250707_215252_561881.csv,True,False,False,1751925379.8232613,658219.051361084
25398,1751924721.6044395,1751925153.7752824,batch_consumer-sts-1_20250707_215252_561881.csv,True,False,False,1751925379.8232613,658218.8217639923
25408,1751924721.6046703,1751925153.803038,batch_consumer-sts-1_20250707_215252_561881.csv,True,False,False,1751925379.8232613,658218.5909748077
25418,1751924721.6048975,1751925153.83303,batch_consumer-sts-1_20250707_215252_561881.csv,True,False,False,1751925379.8232613,658218.3637619019
25428,1751924721.6051252,1751925153.8622422,batch_consumer-sts-1_20250707_215252_561881.csv,True,False,False,1751925379.8232613,658218.1360721588
25438,1751924721.6053555,1751925153.891488,batch_consumer-sts-1_20250707_215252_561881.csv,True,False,False,1751925379.8232613,658217.9057598114
25448,1751924721.60559,1751925153.9178329,batch_consumer-sts-1_20250707_215252_561881.csv,True,False,False,1751925379.8232613,658217.6711559296
25458,1751924721.6058252,1751925153.945891,batch_consumer-sts-1_20250707_215252_561881.csv,True,False,False,1751925379.8232613,658217.4360752106
25468,1751924721.606006,1751925153.974809,batch_consumer-sts-1_20250707_215252_561881.csv,True,False,False,1751925379.8232613,658217.2553539276
25478,1751924721.606238,1751925154.001464,batch_consumer-sts-1_20250707_215252_561881.csv,True,False,False,1751925379.8232613,658217.0233726501
25488,1751924721.6064773,1751925154.0290422,batch_consumer-sts-1_20250707_215252_561881.csv,True,False,False,1751925379.8232613,658216.7840003967
25498,1751924721.606722,1751925154.057803,batch_consumer-sts-1_20250707_215252_561881.csv,True,False,False,1751925379.8232613,658216.539144516
25508,1751924721.606955,1751925154.085297,batch_consumer-sts-1_20250707_215252_561881.csv,True,False,False,1751925379.8232613,658216.3062095642
25518,1751924721.607177,1751925154.111903,batch_consumer-sts-1_20250707_215252_561881.csv,True,False,False,1751925379.8232613,658216.0842418671
25528,1751924721.607407,1751925154.1392722,batch_consumer-sts-1_20250707_215252_561881.csv,True,False,False,1751925379.8232613,658215.8541679382
25538,1751924721.6076496,1751925154.166166,batch_consumer-sts-1_20250707_215252_561881.csv,True,False,False,1751925379.8232613,658215.6116962433
25548,1751924721.6078916,1751925154.1930523,batch_consumer-sts-1_20250707_215252_561881.csv,True,False,False,1751925379.8232613,658215.3697013855
25558,1751924721.6081493,1751925154.219263,batch_consumer-sts-1_20250707_215252_561881.csv,True,False,False,1751925379.8232613,658215.1119709015
25568,1751924721.6083858,1751925154.245953,batch_consumer-sts-1_20250707_215252_561881.csv,True,False,False,1751925379.8232613,658214.875459671
25578,1751924721.6086178,1751925154.2725194,batch_consumer-sts-1_20250707_215252_561881.csv,True,False,False,1751925379.8232613,658214.6434783936
25588,1751924721.6088624,1751925154.2995555,batch_consumer-sts-1_20250707_215252_561881.csv,True,False,False,1751925379.8232613,658214.3988609314
25598,1751924721.6091049,1751925154.3260546,batch_consumer-sts-1_20250707_215252_561881.csv,True,False,False,1751925379.8232613,658214.1563892365
25608,1751924721.609337,1751925154.352792,batch_consumer-sts-1_20250707_215252_561881.csv,True,False,False,1751925379.8232613,658213.9241695404
25618,1751924721.6095705,1751925154.3793406,batch_consumer-sts-1_20250707_215252_561881.csv,True,False,False,1751925379.8232613,658213.6907577515
25628,1751924721.6098032,1751925154.4061117,batch_consumer-sts-1_20250707_215252_561881.csv,True,False,False,1751925379.8232613,658213.4580612183
25638,1751924721.6100328,1751925154.4334016,batch_consumer-sts-1_20250707_215252_561881.csv,True,False,False,1751925379.8232613,658213.2284641266
25648,1751924721.6102743,1751925154.460288,batch_consumer-sts-1_20250707_215252_561881.csv,True,False,False,1751925379.8232613,658212.986946106
25658,1751924721.610505,1751925154.4880185,batch_consumer-sts-1_20250707_215252_561881.csv,True,False,False,1751925379.8232613,658212.7561569214
25668,1751924721.610734,1751925154.8184948,batch_consumer-sts-1_20250707_215252_561881.csv,True,False,False,1751925379.8232613,658212.5272750854
25678,1751924721.6109643,1751925154.845192,batch_consumer-sts-1_20250707_215252_561881.csv,True,False,False,1751925379.8232613,658212.296962738
25688,1751924721.6112022,1751925154.8734,batch_consumer-sts-1_20250707_215252_561881.csv,True,False,False,1751925379.8232613,658212.0590209961
25698,1751924721.6114385,1751925154.9007354,batch_consumer-sts-1_20250707_215252_561881.csv,True,False,False,1751925379.8232613,658211.8227481842
25708,1751924721.6116676,1751925154.9284046,batch_consumer-sts-1_20250707_215252_561881.csv,True,False,False,1751925379.8232613,658211.5936279297
25718,1751924721.6118946,1751925154.9552224,batch_consumer-sts-1_20250707_215252_561881.csv,True,False,False,1751925379.8232613,658211.3666534424
25728,1751924721.6121294,1751925154.982108,batch_consumer-sts-1_20250707_215252_561881.csv,True,False,False,1751925379.8232613,658211.131811142
25738,1751924721.6123772,1751925155.0088174,batch_consumer-sts-1_20250707_215252_561881.csv,True,False,False,1751925379.8232613,658210.8840942383
25748,1751924721.6126466,1751925155.0755482,batch_consumer-sts-1_20250707_215252_561881.csv,True,False,False,1751925379.8232613,658210.6146812439
25758,1751924721.6128752,1751925155.102253,batch_consumer-sts-1_20250707_215252_561881.csv,True,False,False,1751925379.8232613,658210.3860378265
25768,1751924721.6131003,1751925155.1289318,batch_consumer-sts-1_20250707_215252_561881.csv,True,False,False,1751925379.8232613,658210.1609706879
25778,1751924721.6133626,1751925155.1569233,batch_consumer-sts-1_20250707_215252_561881.csv,True,False,False,1751925379.8232613,658209.8987102509
25788,1751924721.613603,1751925155.183959,batch_consumer-sts-1_20250707_215252_561881.csv,True,False,False,1751925379.8232613,658209.6581459045
25798,1751924721.6138384,1751925155.210439,batch_consumer-sts-1_20250707_215252_561881.csv,True,False,False,1751925379.8232613,658209.422826767
25808,1751924721.6140893,1751925155.237429,batch_consumer-sts-1_20250707_215252_561881.csv,True,False,False,1751925379.8232613,658209.1720104218
25818,1751924721.6143343,1751925155.2642305,batch_consumer-sts-1_20250707_215252_561881.csv,True,False,False,1751925379.8232613,658208.9269161224
25828,1751924721.6145632,1751925155.291587,batch_consumer-sts-1_20250707_215252_561881.csv,True,False,False,1751925379.8232613,658208.6980342865
25838,1751924721.6147978,1751925155.3179612,batch_consumer-sts-1_20250707_215252_561881.csv,True,False,False,1751925379.8232613,658208.4634304047
25848,1751924721.6150265,1751925155.344972,batch_consumer-sts-1_20250707_215252_561881.csv,True,False,False,1751925379.8232613,658208.2347869873
25858,1751924721.6152554,1751925155.3721876,batch_consumer-sts-1_20250707_215252_561881.csv,True,False,False,1751925379.8232613,658208.0059051514
25868,1751924721.615483,1751925155.4004376,batch_consumer-sts-1_20250707_215252_561881.csv,True,False,False,1751925379.8232613,658207.7782154083
25878,1751924721.6157098,1751925155.431218,batch_consumer-sts-1_20250707_215252_561881.csv,True,False,False,1751925379.8232613,658207.5514793396
25888,1751924721.6159372,1751925155.4586513,batch_consumer-sts-1_20250707_215252_561881.csv,True,False,False,1751925379.8232613,658207.3240280151
25898,1751924721.6161685,1751925155.6692855,batch_consumer-sts-1_20250707_215252_561881.csv,True,False,False,1751925379.8232613,658207.0927619934
25908,1751924721.6164436,1751925155.696321,batch_consumer-sts-1_20250707_215252_561881.csv,True,False,False,1751925379.8232613,658206.8176269531
25918,1751924721.6166787,1751925155.721993,batch_consumer-sts-1_20250707_215252_561881.csv,True,False,False,1751925379.8232613,658206.5825462341
25928,1751924721.6169238,1751925155.7489543,batch_consumer-sts-1_20250707_215252_561881.csv,True,False,False,1751925379.8232613,658206.3374519348
25938,1751924721.6172338,1751925155.7759364,batch_consumer-sts-1_20250707_215252_561881.csv,True,False,False,1751925379.8232613,658206.027507782
25948,1751924721.6174655,1751925155.8030148,batch_consumer-sts-1_20250707_215252_561881.csv,True,False,False,1751925379.8232613,658205.7957649231
25958,1751924721.6177034,1751925155.8302405,batch_consumer-sts-1_20250707_215252_561881.csv,True,False,False,1751925379.8232613,658205.5578231812
25968,1751924721.6179483,1751925155.857597,batch_consumer-sts-1_20250707_215252_561881.csv,True,False,False,1751925379.8232613,658205.3129673004
25978,1751924721.6181943,1751925155.884622,batch_consumer-sts-1_20250707_215252_561881.csv,True,False,False,1751925379.8232613,658205.0669193268
25988,1751924721.618425,1751925155.91151,batch_consumer-sts-1_20250707_215252_561881.csv,True,False,False,1751925379.8232613,658204.8363685608
25998,1751924721.6187031,1751925155.938577,batch_consumer-sts-1_20250707_215252_561881.csv,True,False,False,1751925379.8232613,658204.558134079
26008,1751924721.6189709,1751925155.9698794,batch_consumer-sts-1_20250707_215252_561881.csv,True,False,False,1751925379.8232613,658204.2903900146
26018,1751924721.6192076,1751925155.996976,batch_consumer-sts-1_20250707_215252_561881.csv,True,False,False,1751925379.8232613,658204.0536403656
26028,1751924721.6194396,1751925156.0372696,batch_consumer-sts-1_20250707_215252_561881.csv,True,False,False,1751925379.8232613,658203.8216590881
26038,1751924721.6196873,1751925156.0646958,batch_consumer-sts-1_20250707_215252_561881.csv,True,False,False,1751925379.8232613,658203.5739421844
26048,1751924721.6199036,1751925156.091525,batch_consumer-sts-1_20250707_215252_561881.csv,True,False,False,1751925379.8232613,658203.3576965332
26058,1751924721.6201432,1751925156.1180196,batch_consumer-sts-1_20250707_215252_561881.csv,True,False,False,1751925379.8232613,658203.1180858612
26068,1751924721.6203516,1751925156.145119,batch_consumer-sts-1_20250707_215252_561881.csv,True,False,False,1751925379.8232613,658202.9097080231
26078,1751924721.620546,1751925156.171883,batch_consumer-sts-1_20250707_215252_561881.csv,True,False,False,1751925379.8232613,658202.7151584625
26088,1751924721.620725,1751925156.1988883,batch_consumer-sts-1_20250707_215252_561881.csv,True,False,False,1751925379.8232613,658202.5363445282
26098,1751924721.6209085,1751925156.2264972,batch_consumer-sts-1_20250707_215252_561881.csv,True,False,False,1751925379.8232613,658202.3527622223
26108,1751924721.6210926,1751925156.253015,batch_consumer-sts-1_20250707_215252_561881.csv,True,False,False,1751925379.8232613,658202.1687030792
26118,1751924721.6212957,1751925156.2799346,batch_consumer-sts-1_20250707_215252_561881.csv,True,False,False,1751925379.8232613,658201.9655704498
26128,1751924721.621487,1751925156.3081152,batch_consumer-sts-1_20250707_215252_561881.csv,True,False,False,1751925379.8232613,658201.7743587494
26138,1751924721.6216817,1751925156.335554,batch_consumer-sts-1_20250707_215252_561881.csv,True,False,False,1751925379.8232613,658201.5795707703
44218,1751924722.143905,1751925156.3624022,batch_consumer-sts-1_20250707_215252_561881.csv,True,False,False,1751925379.8232613,657679.3563365936
44228,1751924722.1443117,1751925156.3893638,batch_consumer-sts-1_20250707_215252_561881.csv,True,False,False,1751925379.8232613,657678.9495944977
44238,1751924722.14473,1751925156.4157355,batch_consumer-sts-1_20250707_215252_561881.csv,True,False,False,1751925379.8232613,657678.5311698914
44248,1751924722.1451375,1751925156.4419012,batch_consumer-sts-1_20250707_215252_561881.csv,True,False,False,1751925379.8232613,657678.1237125397
44258,1751924722.1455455,1751925156.4690626,batch_consumer-sts-1_20250707_215252_561881.csv,True,False,False,1751925379.8232613,657677.7157783508
44268,1751924722.145949,1751925156.4960997,batch_consumer-sts-1_20250707_215252_561881.csv,True,False,False,1751925379.8232613,657677.312374115
44278,1751924722.1463718,1751925156.5226376,batch_consumer-sts-1_20250707_215252_561881.csv,True,False,False,1751925379.8232613,657676.8894195557
44288,1751924722.1467938,1751925156.5492375,batch_consumer-sts-1_20250707_215252_561881.csv,True,False,False,1751925379.8232613,657676.4674186707
44298,1751924722.1471982,1751925156.576209,batch_consumer-sts-1_20250707_215252_561881.csv,True,False,False,1751925379.8232613,657676.0630607605
44308,1751924722.147605,1751925156.6033294,batch_consumer-sts-1_20250707_215252_561881.csv,True,False,False,1751925379.8232613,657675.6563186646
44318,1751924722.1480129,1751925156.630389,batch_consumer-sts-1_20250707_215252_561881.csv,True,False,False,1751925379.8232613,657675.2483844757
44328,1751924722.1484623,1751925156.6571643,batch_consumer-sts-1_20250707_215252_561881.csv,True,False,False,1751925379.8232613,657674.7989654541
44338,1751924722.1488492,1751925156.6838777,batch_consumer-sts-1_20250707_215252_561881.csv,True,False,False,1751925379.8232613,657674.4120121002
44348,1751924722.1492643,1751925156.7105107,batch_consumer-sts-1_20250707_215252_561881.csv,True,False,False,1751925379.8232613,657673.996925354
44358,1751924722.149691,1751925156.73747,batch_consumer-sts-1_20250707_215252_561881.csv,True,False,False,1751925379.8232613,657673.5701560974
44368,1751924722.1501064,1751925156.7644193,batch_consumer-sts-1_20250707_215252_561881.csv,True,False,False,1751925379.8232613,657673.1548309326
44378,1751924722.1505418,1751925156.7911408,batch_consumer-sts-1_20250707_215252_561881.csv,True,False,False,1751925379.8232613,657672.7194786072
44388,1751924722.1509504,1751925156.8174224,batch_consumer-sts-1_20250707_215252_561881.csv,True,False,False,1751925379.8232613,657672.3108291626
44398,1751924722.1513677,1751925156.8441746,batch_consumer-sts-1_20250707_215252_561881.csv,True,False,False,1751925379.8232613,657671.8935966492
44408,1751924722.1517825,1751925156.8707683,batch_consumer-sts-1_20250707_215252_561881.csv,True,False,False,1751925379.8232613,657671.4787483215
44418,1751924722.1521993,1751925156.8979192,batch_consumer-sts-1_20250707_215252_561881.csv,True,False,False,1751925379.8232613,657671.0619926453
44428,1751924722.1526172,1751925156.9248693,batch_consumer-sts-1_20250707_215252_561881.csv,True,False,False,1751925379.8232613,657670.6440448761
44438,1751924722.1530085,1751925156.9518,batch_consumer-sts-1_20250707_215252_561881.csv,True,False,False,1751925379.8232613,657670.2527999878
44448,1751924722.1534266,1751925156.980161,batch_consumer-sts-1_20250707_215252_561881.csv,True,False,False,1751925379.8232613,657669.8346138
44458,1751924722.1538458,1751925157.0070615,batch_consumer-sts-1_20250707_215252_561881.csv,True,False,False,1751925379.8232613,657669.415473938
44468,1751924722.1542532,1751925157.034058,batch_consumer-sts-1_20250707_215252_561881.csv,True,False,False,1751925379.8232613,657669.0080165863
44478,1751924722.154664,1751925157.060944,batch_consumer-sts-1_20250707_215252_561881.csv,True,False,False,1751925379.8232613,657668.5972213745
44488,1751924722.1550703,1751925157.088504,batch_consumer-sts-1_20250707_215252_561881.csv,True,False,False,1751925379.8232613,657668.1909561157
44498,1751924722.1554818,1751925157.1148117,batch_consumer-sts-1_20250707_215252_561881.csv,True,False,False,1751925379.8232613,657667.7794456482
44508,1751924722.1558175,1751925157.141761,batch_consumer-sts-1_20250707_215252_561881.csv,True,False,False,1751925379.8232613,657667.4437522888
44518,1751924722.156176,1751925157.168502,batch_consumer-sts-1_20250707_215252_561881.csv,True,False,False,1751925379.8232613,657667.0851707458
44528,1751924722.156629,1751925157.1949887,batch_consumer-sts-1_20250707_215252_561881.csv,True,False,False,1751925379.8232613,657666.6321754456
44538,1751924722.1570363,1751925157.2212422,batch_consumer-sts-1_20250707_215252_561881.csv,True,False,False,1751925379.8232613,657666.2249565125
44548,1751924722.1573615,1751925157.248172,batch_consumer-sts-1_20250707_215252_561881.csv,True,False,False,1751925379.8232613,657665.8997535706
44558,1751924722.1575944,1751925157.2748537,batch_consumer-sts-1_20250707_215252_561881.csv,True,False,False,1751925379.8232613,657665.6668186188
44568,1751924722.157828,1751925157.3016558,batch_consumer-sts-1_20250707_215252_561881.csv,True,False,False,1751925379.8232613,657665.4331684113
44578,1751924722.158062,1751925157.3281827,batch_consumer-sts-1_20250707_215252_561881.csv,True,False,False,1751925379.8232613,657665.1992797852
44588,1751924722.1583028,1751925157.354855,batch_consumer-sts-1_20250707_215252_561881.csv,True,False,False,1751925379.8232613,657664.9584770203
44598,1751924722.1585357,1751925157.3817403,batch_consumer-sts-1_20250707_215252_561881.csv,True,False,False,1751925379.8232613,657664.7255420685
44608,1751924722.1588652,1751925157.4109426,batch_consumer-sts-1_20250707_215252_561881.csv,True,False,False,1751925379.8232613,657664.3960475922
44618,1751924722.1592865,1751925157.4382372,batch_consumer-sts-1_20250707_215252_561881.csv,True,False,False,1751925379.8232613,657663.9747619629
44628,1751924722.1597304,1751925157.46496,batch_consumer-sts-1_20250707_215252_561881.csv,True,False,False,1751925379.8232613,657663.5308265686
44638,1751924722.160147,1751925157.4920335,batch_consumer-sts-1_20250707_215252_561881.csv,True,False,False,1751925379.8232613,657663.1143093109
44648,1751924722.1605735,1751925157.5185037,batch_consumer-sts-1_20250707_215252_561881.csv,True,False,False,1751925379.8232613,657662.6877784729
44658,1751924722.161025,1751925158.55699,batch_consumer-sts-1_20250707_215252_561881.csv,True,False,False,1751925379.8232613,657662.2362136841
44668,1751924722.161441,1751925158.5833943,batch_consumer-sts-1_20250707_215252_561881.csv,True,False,False,1751925379.8232613,657661.8201732635
44678,1751924722.1618607,1751925158.609609,batch_consumer-sts-1_20250707_215252_561881.csv,True,False,False,1751925379.8232613,657661.4005565643
44688,1751924722.162304,1751925158.6319566,batch_consumer-sts-1_20250707_215252_561881.csv,True,False,False,1751925379.8232613,657660.9573364258
44698,1751924722.162714,1751925158.658778,batch_consumer-sts-1_20250707_215252_561881.csv,True,False,False,1751925379.8232613,657660.5472564697
44708,1751924722.1631217,1751925158.6855817,batch_consumer-sts-1_20250707_215252_561881.csv,True,False,False,1751925379.8232613,657660.1395606995
44718,1751924722.1635158,1751925158.7117012,batch_consumer-sts-1_20250707_215252_561881.csv,True,False,False,1751925379.8232613,657659.7454547882
44728,1751924722.163921,1751925158.7384632,batch_consumer-sts-1_20250707_215252_561881.csv,True,False,False,1751925379.8232613,657659.3401432037
44738,1751924722.1643405,1751925158.7652023,batch_consumer-sts-1_20250707_215252_561881.csv,True,False,False,1751925379.8232613,657658.9207649231
44748,1751924722.164754,1751925158.79206,batch_consumer-sts-1_20250707_215252_561881.csv,True,False,False,1751925379.8232613,657658.5073471069
44758,1751924722.165176,1751925158.8184686,batch_consumer-sts-1_20250707_215252_561881.csv,True,False,False,1751925379.8232613,657658.0853462219
44768,1751924722.1655917,1751925158.84534,batch_consumer-sts-1_20250707_215252_561881.csv,True,False,False,1751925379.8232613,657657.66954422
44778,1751924722.16599,1751925158.8721972,batch_consumer-sts-1_20250707_215252_561881.csv,True,False,False,1751925379.8232613,657657.2711467743
44788,1751924722.166404,1751925158.9004934,batch_consumer-sts-1_20250707_215252_561881.csv,True,False,False,1751925379.8232613,657656.857252121
44798,1751924722.1668122,1751925158.927413,batch_consumer-sts-1_20250707_215252_561881.csv,True,False,False,1751925379.8232613,657656.4490795135
44808,1751924722.167215,1751925158.9544854,batch_consumer-sts-1_20250707_215252_561881.csv,True,False,False,1751925379.8232613,657656.0461521149
44818,1751924722.167612,1751925158.9821646,batch_consumer-sts-1_20250707_215252_561881.csv,True,False,False,1751925379.8232613,657655.6491851807
44828,1751924722.1680243,1751925159.0092232,batch_consumer-sts-1_20250707_215252_561881.csv,True,False,False,1751925379.8232613,657655.2369594574
44838,1751924722.1684294,1751925159.0364673,batch_consumer-sts-1_20250707_215252_561881.csv,True,False,False,1751925379.8232613,657654.8318862915
44848,1751924722.1688385,1751925159.0638084,batch_consumer-sts-1_20250707_215252_561881.csv,True,False,False,1751925379.8232613,657654.4227600098
44858,1751924722.1692498,1751925159.0907898,batch_consumer-sts-1_20250707_215252_561881.csv,True,False,False,1751925379.8232613,657654.0114879608
44868,1751924722.169663,1751925159.117443,batch_consumer-sts-1_20250707_215252_561881.csv,True,False,False,1751925379.8232613,657653.5983085632
44878,1751924722.1700692,1751925159.1443925,batch_consumer-sts-1_20250707_215252_561881.csv,True,False,False,1751925379.8232613,657653.1920433044
44888,1751924722.1704824,1751925159.171011,batch_consumer-sts-1_20250707_215252_561881.csv,True,False,False,1751925379.8232613,657652.7788639069
44898,1751924722.170884,1751925159.1980343,batch_consumer-sts-1_20250707_215252_561881.csv,True,False,False,1751925379.8232613,657652.3773670197
44908,1751924722.171307,1751925159.225137,batch_consumer-sts-1_20250707_215252_561881.csv,True,False,False,1751925379.8232613,657651.9541740417
44918,1751924722.1717205,1751925159.2517653,batch_consumer-sts-1_20250707_215252_561881.csv,True,False,False,1751925379.8232613,657651.5407562256
44928,1751924722.1720176,1751925159.2788234,batch_consumer-sts-1_20250707_215252_561881.csv,True,False,False,1751925379.8232613,657651.243686676
44938,1751924722.172264,1751925159.3043804,batch_consumer-sts-1_20250707_215252_561881.csv,True,False,False,1751925379.8232613,657650.9971618652
44948,1751924722.1724925,1751925159.3312702,batch_consumer-sts-1_20250707_215252_561881.csv,True,False,False,1751925379.8232613,657650.7687568665
44958,1751924722.1727269,1751925159.3583422,batch_consumer-sts-1_20250707_215252_561881.csv,True,False,False,1751925379.8232613,657650.5343914032
44968,1751924722.1729686,1751925159.3880606,batch_consumer-sts-1_20250707_215252_561881.csv,True,False,False,1751925379.8232613,657650.292634964
44978,1751924722.1732256,1751925159.41443,batch_consumer-sts-1_20250707_215252_561881.csv,True,False,False,1751925379.8232613,657650.0356197357
44988,1751924722.1735797,1751925159.4413898,batch_consumer-sts-1_20250707_215252_561881.csv,True,False,False,1751925379.8232613,657649.6815681458
44998,1751924722.1738863,1751925159.4708743,batch_consumer-sts-1_20250707_215252_561881.csv,True,False,False,1751925379.8232613,657649.374961853
45008,1751924722.1742988,1751925159.4991186,batch_consumer-sts-1_20250707_215252_561881.csv,True,False,False,1751925379.8232613,657648.9624977112
45018,1751924722.1747084,1751925159.5316489,batch_consumer-sts-1_20250707_215252_561881.csv,True,False,False,1751925379.8232613,657648.5528945923
45028,1751924722.1751592,1751925159.5584354,batch_consumer-sts-1_20250707_215252_561881.csv,True,False,False,1751925379.8232613,657648.1020450592
45038,1751924722.1755831,1751925159.5852933,batch_consumer-sts-1_20250707_215252_561881.csv,True,False,False,1751925379.8232613,657647.6781368256
45048,1751924722.1760058,1751925159.6116886,batch_consumer-sts-1_20250707_215252_561881.csv,True,False,False,1751925379.8232613,657647.2554206848
45058,1751924722.1764152,1751925159.7028117,batch_consumer-sts-1_20250707_215252_561881.csv,True,False,False,1751925379.8232613,657646.8460559845
45068,1751924722.1768372,1751925160.220261,batch_consumer-sts-1_20250707_215252_561881.csv,True,False,False,1751925379.8232613,657646.4240550995
45078,1751924722.177252,1751925160.254177,batch_consumer-sts-1_20250707_215252_561881.csv,True,False,False,1751925379.8232613,657646.0092067719
45088,1751924722.177667,1751925160.2808268,batch_consumer-sts-1_20250707_215252_561881.csv,True,False,False,1751925379.8232613,657645.5943584442
45098,1751924722.1780822,1751925160.3062074,batch_consumer-sts-1_20250707_215252_561881.csv,True,False,False,1751925379.8232613,657645.1790332794
45108,1751924722.1785076,1751925160.3327253,batch_consumer-sts-1_20250707_215252_561881.csv,True,False,False,1751925379.8232613,657644.7536945343
45118,1751924722.178914,1751925160.3584485,batch_consumer-sts-1_20250707_215252_561881.csv,True,False,False,1751925379.8232613,657644.3471908569
45128,1751924722.179178,1751925160.3850608,batch_consumer-sts-1_20250707_215252_561881.csv,True,False,False,1751925379.8232613,657644.0832614899
45138,1751924722.179403,1751925160.4115949,batch_consumer-sts-1_20250707_215252_561881.csv,True,False,False,1751925379.8232613,657643.8581943512
45148,1751924722.179634,1751925160.4385805,batch_consumer-sts-1_20250707_215252_561881.csv,True,False,False,1751925379.8232613,657643.627166748
45158,1751924722.1798773,1751925160.465218,batch_consumer-sts-1_20250707_215252_561881.csv,True,False,False,1751925379.8232613,657643.3839797974
45168,1751924722.1801095,1751925160.4921389,batch_consumer-sts-1_20250707_215252_561881.csv,True,False,False,1751925379.8232613,657643.1517601013
45178,1751924722.1803408,1751925160.518446,batch_consumer-sts-1_20250707_215252_561881.csv,True,False,False,1751925379.8232613,657642.9204940796
45188,1751924722.180574,1751925160.5451198,batch_consumer-sts-1_20250707_215252_561881.csv,True,False,False,1751925379.8232613,657642.6873207092
45198,1751924722.180801,1751925160.5720613,batch_consumer-sts-1_20250707_215252_561881.csv,True,False,False,1751925379.8232613,657642.4603462219
45208,1751924722.181033,1751925160.5991073,batch_consumer-sts-1_20250707_215252_561881.csv,True,False,False,1751925379.8232613,657642.2283649445
45218,1751924722.181273,1751925160.62595,batch_consumer-sts-1_20250707_215252_561881.csv,True,False,False,1751925379.8232613,657641.9882774353
45228,1751924722.181501,1751925160.652864,batch_consumer-sts-1_20250707_215252_561881.csv,True,False,False,1751925379.8232613,657641.7603492737
45238,1751924722.1817353,1751925160.679615,batch_consumer-sts-1_20250707_215252_561881.csv,True,False,False,1751925379.8232613,657641.5259838104
45248,1751924722.1819634,1751925160.7052176,batch_consumer-sts-1_20250707_215252_561881.csv,True,False,False,1751925379.8232613,657641.2978172302
45258,1751924722.1823246,1751925160.732097,batch_consumer-sts-1_20250707_215252_561881.csv,True,False,False,1751925379.8232613,657640.9366130829
45268,1751924722.1827366,1751925160.7590225,batch_consumer-sts-1_20250707_215252_561881.csv,True,False,False,1751925379.8232613,657640.5246257782
45278,1751924722.1831489,1751925160.785956,batch_consumer-sts-1_20250707_215252_561881.csv,True,False,False,1751925379.8232613,657640.1124000549
45288,1751924722.1835778,1751925160.812562,batch_consumer-sts-1_20250707_215252_561881.csv,True,False,False,1751925379.8232613,657639.6834850311
49958,1751924722.3043654,1751925160.8396406,batch_consumer-sts-1_20250707_215252_561881.csv,True,False,False,1751925379.8232613,657518.8958644867
49968,1751924722.3047967,1751925160.8663473,batch_consumer-sts-1_20250707_215252_561881.csv,True,False,False,1751925379.8232613,657518.4645652771
49978,1751924722.3052158,1751925160.892649,batch_consumer-sts-1_20250707_215252_561881.csv,True,False,False,1751925379.8232613,657518.045425415
49988,1751924722.3056352,1751925160.9189196,batch_consumer-sts-1_20250707_215252_561881.csv,True,False,False,1751925379.8232613,657517.6260471344
49998,1751924722.3060508,1751925160.9457843,batch_consumer-sts-1_20250707_215252_561881.csv,True,False,False,1751925379.8232613,657517.210483551
50008,1751924722.306478,1751925160.9714408,batch_consumer-sts-1_20250707_215252_561881.csv,True,False,False,1751925379.8232613,657516.7832374573
50018,1751924722.3069017,1751925160.9984975,batch_consumer-sts-1_20250707_215252_561881.csv,True,False,False,1751925379.8232613,657516.3595676422
50028,1751924722.3073137,1751925161.0266142,batch_consumer-sts-1_20250707_215252_561881.csv,True,False,False,1751925379.8232613,657515.9475803375
50038,1751924722.307605,1751925161.0525908,batch_consumer-sts-1_20250707_215252_561881.csv,True,False,False,1751925379.8232613,657515.6562328339
50048,1751924722.3077955,1751925161.0794666,batch_consumer-sts-1_20250707_215252_561881.csv,True,False,False,1751925379.8232613,657515.4657363892
50058,1751924722.3079896,1751925161.106164,batch_consumer-sts-1_20250707_215252_561881.csv,True,False,False,1751925379.8232613,657515.2716636658
50068,1751924722.3081844,1751925161.137144,batch_consumer-sts-1_20250707_215252_561881.csv,True,False,False,1751925379.8232613,657515.0768756866
50078,1751924722.3083816,1751925161.164145,batch_consumer-sts-1_20250707_215252_561881.csv,True,False,False,1751925379.8232613,657514.8797035217
50088,1751924722.3085911,1751925161.1911578,batch_consumer-sts-1_20250707_215252_561881.csv,True,False,False,1751925379.8232613,657514.6701335907
50098,1751924722.308783,1751925161.2177792,batch_consumer-sts-1_20250707_215252_561881.csv,True,False,False,1751925379.8232613,657514.4782066345
50108,1751924722.3089669,1751925161.244533,batch_consumer-sts-1_20250707_215252_561881.csv,True,False,False,1751925379.8232613,657514.29438591
50118,1751924722.3091545,1751925161.271489,batch_consumer-sts-1_20250707_215252_561881.csv,True,False,False,1751925379.8232613,657514.1067504883
50128,1751924722.3093505,1751925161.298603,batch_consumer-sts-1_20250707_215252_561881.csv,True,False,False,1751925379.8232613,657513.9107704163
50138,1751924722.3095407,1751925161.331357,batch_consumer-sts-1_20250707_215252_561881.csv,True,False,False,1751925379.8232613,657513.7205123901
50148,1751924722.3097725,1751925161.3585982,batch_consumer-sts-1_20250707_215252_561881.csv,True,False,False,1751925379.8232613,657513.4887695312
50158,1751924722.310014,1751925161.3864205,batch_consumer-sts-1_20250707_215252_561881.csv,True,False,False,1751925379.8232613,657513.2472515106
50168,1751924722.3102484,1751925161.4132009,batch_consumer-sts-1_20250707_215252_561881.csv,True,False,False,1751925379.8232613,657513.0128860474
50178,1751924722.3104825,1751925161.4402273,batch_consumer-sts-1_20250707_215252_561881.csv,True,False,False,1751925379.8232613,657512.7787590027
50188,1751924722.3107145,1751925161.4667156,batch_consumer-sts-1_20250707_215252_561881.csv,True,False,False,1751925379.8232613,657512.5467777252
50198,1751924722.310958,1751925161.493337,batch_consumer-sts-1_20250707_215252_561881.csv,True,False,False,1751925379.8232613,657512.303352356
50208,1751924722.3111875,1751925161.5193074,batch_consumer-sts-1_20250707_215252_561881.csv,True,False,False,1751925379.8232613,657512.0737552643
50218,1751924722.3114145,1751925161.546219,batch_consumer-sts-1_20250707_215252_561881.csv,True,False,False,1751925379.8232613,657511.846780777
50228,1751924722.3116522,1751925161.572801,batch_consumer-sts-1_20250707_215252_561881.csv,True,False,False,1751925379.8232613,657511.6090774536
50238,1751924722.311884,1751925161.5995593,batch_consumer-sts-1_20250707_215252_561881.csv,True,False,False,1751925379.8232613,657511.3773345947
50248,1751924722.3121145,1751925161.6259198,batch_consumer-sts-1_20250707_215252_561881.csv,True,False,False,1751925379.8232613,657511.1467838287
50258,1751924722.312343,1751925161.6534228,batch_consumer-sts-1_20250707_215252_561881.csv,True,False,False,1751925379.8232613,657510.91837883
50268,1751924722.31258,1751925161.680498,batch_consumer-sts-1_20250707_215252_561881.csv,True,False,False,1751925379.8232613,657510.6811523438
50278,1751924722.3127992,1751925161.7071822,batch_consumer-sts-1_20250707_215252_561881.csv,True,False,False,1751925379.8232613,657510.4620456696
50288,1751924722.313037,1751925161.7339814,batch_consumer-sts-1_20250707_215252_561881.csv,True,False,False,1751925379.8232613,657510.2243423462
50298,1751924722.3132665,1751925161.7609997,batch_consumer-sts-1_20250707_215252_561881.csv,True,False,False,1751925379.8232613,657509.9947452545
50308,1751924722.3135011,1751925161.7881231,batch_consumer-sts-1_20250707_215252_561881.csv,True,False,False,1751925379.8232613,657509.7601413727
50318,1751924722.313727,1751925161.8147235,batch_consumer-sts-1_20250707_215252_561881.csv,True,False,False,1751925379.8232613,657509.5343589783
50328,1751924722.313969,1751925161.8417845,batch_consumer-sts-1_20250707_215252_561881.csv,True,False,False,1751925379.8232613,657509.2923641205
50338,1751924722.3142068,1751925161.8682692,batch_consumer-sts-1_20250707_215252_561881.csv,True,False,False,1751925379.8232613,657509.0544223785
50348,1751924722.314438,1751925161.8953469,batch_consumer-sts-1_20250707_215252_561881.csv,True,False,False,1751925379.8232613,657508.8231563568
50358,1751924722.3146698,1751925161.9215438,batch_consumer-sts-1_20250707_215252_561881.csv,True,False,False,1751925379.8232613,657508.5914134979
50368,1751924722.314905,1751925161.9483712,batch_consumer-sts-1_20250707_215252_561881.csv,True,False,False,1751925379.8232613,657508.3563327789
50378,1751924722.315133,1751925161.975672,batch_consumer-sts-1_20250707_215252_561881.csv,True,False,False,1751925379.8232613,657508.1281661987
50388,1751924722.3153706,1751925162.002475,batch_consumer-sts-1_20250707_215252_561881.csv,True,False,False,1751925379.8232613,657507.890701294
50398,1751924722.3155985,1751925162.0294745,batch_consumer-sts-1_20250707_215252_561881.csv,True,False,False,1751925379.8232613,657507.6627731323
50408,1751924722.3158274,1751925162.056648,batch_consumer-sts-1_20250707_215252_561881.csv,True,False,False,1751925379.8232613,657507.4338912964
50418,1751924722.3160589,1751925162.0839498,batch_consumer-sts-1_20250707_215252_561881.csv,True,False,False,1751925379.8232613,657507.2023868561
50428,1751924722.3162954,1751925162.11053,batch_consumer-sts-1_20250707_215252_561881.csv,True,False,False,1751925379.8232613,657506.9658756256
50438,1751924722.3165288,1751925162.1382203,batch_consumer-sts-1_20250707_215252_561881.csv,True,False,False,1751925379.8232613,657506.7324638367
50448,1751924722.316771,1751925162.1660876,batch_consumer-sts-1_20250707_215252_561881.csv,True,False,False,1751925379.8232613,657506.4902305603
50458,1751924722.317003,1751925162.1939125,batch_consumer-sts-1_20250707_215252_561881.csv,True,False,False,1751925379.8232613,657506.2582492828
50468,1751924722.317244,1751925162.219945,batch_consumer-sts-1_20250707_215252_561881.csv,True,False,False,1751925379.8232613,657506.0172080994
50478,1751924722.3174772,1751925162.2467663,batch_consumer-sts-1_20250707_215252_561881.csv,True,False,False,1751925379.8232613,657505.784034729
50488,1751924722.3177123,1751925162.2735827,batch_consumer-sts-1_20250707_215252_561881.csv,True,False,False,1751925379.8232613,657505.54895401
50498,1751924722.3179443,1751925162.30222,batch_consumer-sts-1_20250707_215252_561881.csv,True,False,False,1751925379.8232613,657505.3169727325
50508,1751924722.3181837,1751925162.3282375,batch_consumer-sts-1_20250707_215252_561881.csv,True,False,False,1751925379.8232613,657505.0776004791
50518,1751924722.318416,1751925162.355329,batch_consumer-sts-1_20250707_215252_561881.csv,True,False,False,1751925379.8232613,657504.8451423645
50528,1751924722.3186448,1751925162.3824732,batch_consumer-sts-1_20250707_215252_561881.csv,True,False,False,1751925379.8232613,657504.6164989471
50538,1751924722.3188746,1751925162.4096136,batch_consumer-sts-1_20250707_215252_561881.csv,True,False,False,1751925379.8232613,657504.3866634369
50548,1751924722.3191054,1751925162.4364717,batch_consumer-sts-1_20250707_215252_561881.csv,True,False,False,1751925379.8232613,657504.1558742523
50558,1751924722.319339,1751925162.4631355,batch_consumer-sts-1_20250707_215252_561881.csv,True,False,False,1751925379.8232613,657503.9222240448
50568,1751924722.3195696,1751925162.4897687,batch_consumer-sts-1_20250707_215252_561881.csv,True,False,False,1751925379.8232613,657503.6916732788
50578,1751924722.319806,1751925162.515107,batch_consumer-sts-1_20250707_215252_561881.csv,True,False,False,1751925379.8232613,657503.4551620483
50588,1751924722.3200388,1751925162.541999,batch_consumer-sts-1_20250707_215252_561881.csv,True,False,False,1751925379.8232613,657503.2224655151
50598,1751924722.3202963,1751925162.5688868,batch_consumer-sts-1_20250707_215252_561881.csv,True,False,False,1751925379.8232613,657502.9649734497
50608,1751924722.3205273,1751925162.5957007,batch_consumer-sts-1_20250707_215252_561881.csv,True,False,False,1751925379.8232613,657502.7339458466
50618,1751924722.320763,1751925162.6208994,batch_consumer-sts-1_20250707_215252_561881.csv,True,False,False,1751925379.8232613,657502.4981498718
50628,1751924722.3209958,1751925162.6520798,batch_consumer-sts-1_20250707_215252_561881.csv,True,False,False,1751925379.8232613,657502.2654533386
50638,1751924722.3212385,1751925162.679283,batch_consumer-sts-1_20250707_215252_561881.csv,True,False,False,1751925379.8232613,657502.0227432251
50648,1751924722.3214638,1751925163.267812,batch_consumer-sts-1_20250707_215252_561881.csv,True,False,False,1751925379.8232613,657501.7974376678
50658,1751924722.3216918,1751925163.2947252,batch_consumer-sts-1_20250707_215252_561881.csv,True,False,False,1751925379.8232613,657501.5695095062
50668,1751924722.3219178,1751925163.3210783,batch_consumer-sts-1_20250707_215252_561881.csv,True,False,False,1751925379.8232613,657501.3434886932
50678,1751924722.3221505,1751925163.348071,batch_consumer-sts-1_20250707_215252_561881.csv,True,False,False,1751925379.8232613,657501.11079216
50688,1751924722.322393,1751925163.3750284,batch_consumer-sts-1_20250707_215252_561881.csv,True,False,False,1751925379.8232613,657500.8683204651
50698,1751924722.3226247,1751925163.402515,batch_consumer-sts-1_20250707_215252_561881.csv,True,False,False,1751925379.8232613,657500.6365776062
50708,1751924722.3228612,1751925163.429309,batch_consumer-sts-1_20250707_215252_561881.csv,True,False,False,1751925379.8232613,657500.4000663757
50718,1751924722.323095,1751925164.4583666,batch_consumer-sts-1_20250707_215252_561881.csv,True,False,False,1751925379.8232613,657500.1661777496
50728,1751924722.3233285,1751925164.485647,batch_consumer-sts-1_20250707_215252_561881.csv,True,False,False,1751925379.8232613,657499.9327659607
50738,1751924722.323548,1751925164.5125232,batch_consumer-sts-1_20250707_215252_561881.csv,True,False,False,1751925379.8232613,657499.7131824493
50748,1751924722.3237383,1751925164.539675,batch_consumer-sts-1_20250707_215252_561881.csv,True,False,False,1751925379.8232613,657499.5229244232
50758,1751924722.3239288,1751925164.5666568,batch_consumer-sts-1_20250707_215252_561881.csv,True,False,False,1751925379.8232613,657499.3324279785
50768,1751924722.3241172,1751925164.5943818,batch_consumer-sts-1_20250707_215252_561881.csv,True,False,False,1751925379.8232613,657499.144077301
50778,1751924722.3243134,1751925164.6209865,batch_consumer-sts-1_20250707_215252_561881.csv,True,False,False,1751925379.8232613,657498.9478588104
50788,1751924722.32451,1751925164.6482303,batch_consumer-sts-1_20250707_215252_561881.csv,True,False,False,1751925379.8232613,657498.7511634827
50798,1751924722.324756,1751925164.675404,batch_consumer-sts-1_20250707_215252_561881.csv,True,False,False,1751925379.8232613,657498.5053539276
50808,1751924722.3249907,1751925164.702369,batch_consumer-sts-1_20250707_215252_561881.csv,True,False,False,1751925379.8232613,657498.2705116272
50818,1751924722.3252308,1751925164.729265,batch_consumer-sts-1_20250707_215252_561881.csv,True,False,False,1751925379.8232613,657498.030424118
50828,1751924722.325457,1751925164.8052957,batch_consumer-sts-1_20250707_215252_561881.csv,True,False,False,1751925379.8232613,657497.8041648865
50838,1751924722.325693,1751925164.8321698,batch_consumer-sts-1_20250707_215252_561881.csv,True,False,False,1751925379.8232613,657497.5683689117
50848,1751924722.3259246,1751925164.859278,batch_consumer-sts-1_20250707_215252_561881.csv,True,False,False,1751925379.8232613,657497.3366260529
50858,1751924722.326161,1751925164.8882966,batch_consumer-sts-1_20250707_215252_561881.csv,True,False,False,1751925379.8232613,657497.100353241
50868,1751924722.326393,1751925164.914749,batch_consumer-sts-1_20250707_215252_561881.csv,True,False,False,1751925379.8232613,657496.8683719635
50878,1751924722.3266275,1751925164.9416523,batch_consumer-sts-1_20250707_215252_561881.csv,True,False,False,1751925379.8232613,657496.6337680817
50888,1751924722.3268566,1751925164.9684062,batch_consumer-sts-1_20250707_215252_561881.csv,True,False,False,1751925379.8232613,657496.4046478271
50898,1751924722.327092,1751925164.9959834,batch_consumer-sts-1_20250707_215252_561881.csv,True,False,False,1751925379.8232613,657496.1693286896
50908,1751924722.32732,1751925165.02252,batch_consumer-sts-1_20250707_215252_561881.csv,True,False,False,1751925379.8232613,657495.9411621094
50918,1751924722.3275528,1751925165.0496025,batch_consumer-sts-1_20250707_215252_561881.csv,True,False,False,1751925379.8232613,657495.7084655762
50928,1751924722.3277788,1751925165.076476,batch_consumer-sts-1_20250707_215252_561881.csv,True,False,False,1751925379.8232613,657495.4824447632
50938,1751924722.328012,1751925165.1044605,batch_consumer-sts-1_20250707_215252_561881.csv,True,False,False,1751925379.8232613,657495.2492713928
50948,1751924722.3282478,1751925165.131482,batch_consumer-sts-1_20250707_215252_561881.csv,True,False,False,1751925379.8232613,657495.0134754181
50958,1751924722.3284788,1751925165.158502,batch_consumer-sts-1_20250707_215252_561881.csv,True,False,False,1751925379.8232613,657494.7824478149
50968,1751924722.3287072,1751925165.1858506,batch_consumer-sts-1_20250707_215252_561881.csv,True,False,False,1751925379.8232613,657494.5540428162
50978,1751924722.3289394,1751925165.2451751,batch_consumer-sts-1_20250707_215252_561881.csv,True,False,False,1751925379.8232613,657494.3218231201
50988,1751924722.3291678,1751925165.3026383,batch_consumer-sts-1_20250707_215252_561881.csv,True,False,False,1751925379.8232613,657494.0934181213
50998,1751924722.3293934,1751925165.329288,batch_consumer-sts-1_20250707_215252_561881.csv,True,False,False,1751925379.8232613,657493.8678741455
51008,1751924722.3296697,1751925165.3562777,batch_consumer-sts-1_20250707_215252_561881.csv,True,False,False,1751925379.8232613,657493.5915470123
51018,1751924722.3299322,1751925165.3830457,batch_consumer-sts-1_20250707_215252_561881.csv,True,False,False,1751925379.8232613,657493.3290481567
51028,1751924722.3301992,1751925165.4105313,batch_consumer-sts-1_20250707_215252_561881.csv,True,False,False,1751925379.8232613,657493.0620193481
51038,1751924722.330554,1751925165.4375875,batch_consumer-sts-1_20250707_215252_561881.csv,True,False,False,1751925379.8232613,657492.7072525024
51048,1751924722.3309622,1751925165.4646888,batch_consumer-sts-1_20250707_215252_561881.csv,True,False,False,1751925379.8232613,657492.299079895
51058,1751924722.3314147,1751925165.4904287,batch_consumer-sts-1_20250707_215252_561881.csv,True,False,False,1751925379.8232613,657491.8465614319
51068,1751924722.3318355,1751925165.5164764,batch_consumer-sts-1_20250707_215252_561881.csv,True,False,False,1751925379.8232613,657491.4257526398
51078,1751924722.332251,1751925165.5432162,batch_consumer-sts-1_20250707_215252_561881.csv,True,False,False,1751925379.8232613,657491.0101890564
51088,1751924722.332667,1751925165.5699415,batch_consumer-sts-1_20250707_215252_561881.csv,True,False,False,1751925379.8232613,657490.5941486359
51098,1751924722.333074,1751925165.5969791,batch_consumer-sts-1_20250707_215252_561881.csv,True,False,False,1751925379.8232613,657490.1871681213
51108,1751924722.3334925,1751925165.623346,batch_consumer-sts-1_20250707_215252_561881.csv,True,False,False,1751925379.8232613,657489.768743515
51118,1751924722.333902,1751925165.6503391,batch_consumer-sts-1_20250707_215252_561881.csv,True,False,False,1751925379.8232613,657489.3593788147
51128,1751924722.3343284,1751925165.6775675,batch_consumer-sts-1_20250707_215252_561881.csv,True,False,False,1751925379.8232613,657488.9328479767
51138,1751924722.3347394,1751925165.7041924,batch_consumer-sts-1_20250707_215252_561881.csv,True,False,False,1751925379.8232613,657488.5218143463
51148,1751924722.3351417,1751925165.733348,batch_consumer-sts-1_20250707_215252_561881.csv,True,False,False,1751925379.8232613,657488.1196022034
51158,1751924722.3355086,1751925165.76026,batch_consumer-sts-1_20250707_215252_561881.csv,True,False,False,1751925379.8232613,657487.7526760101
51168,1751924722.3359232,1751925165.7889214,batch_consumer-sts-1_20250707_215252_561881.csv,True,False,False,1751925379.8232613,657487.3380661011
51178,1751924722.3363304,1751925165.8152912,batch_consumer-sts-1_20250707_215252_561881.csv,True,False,False,1751925379.8232613,657486.930847168
51188,1751924722.3367426,1751925165.842104,batch_consumer-sts-1_20250707_215252_561881.csv,True,False,False,1751925379.8232613,657486.5186214447
51198,1751924722.3371534,1751925165.8687336,batch_consumer-sts-1_20250707_215252_561881.csv,True,False,False,1751925379.8232613,657486.1078262329
51208,1751924722.3375602,1751925165.8962798,batch_consumer-sts-1_20250707_215252_561881.csv,True,False,False,1751925379.8232613,657485.701084137
51218,1751924722.337972,1751925165.9226146,batch_consumer-sts-1_20250707_215252_561881.csv,True,False,False,1751925379.8232613,657485.2893352509
51228,1751924722.338399,1751925165.9551857,batch_consumer-sts-1_20250707_215252_561881.csv,True,False,False,1751925379.8232613,657484.8623275757
51238,1751924722.3388176,1751925165.9817903,batch_consumer-sts-1_20250707_215252_561881.csv,True,False,False,1751925379.8232613,657484.4436645508
51248,1751924722.3392248,1751925166.0073822,batch_consumer-sts-1_20250707_215252_561881.csv,True,False,False,1751925379.8232613,657484.0364456177
51258,1751924722.3396351,1751925166.0342426,batch_consumer-sts-1_20250707_215252_561881.csv,True,False,False,1751925379.8232613,657483.626127243
51268,1751924722.3400793,1751925166.0614786,batch_consumer-sts-1_20250707_215252_561881.csv,True,False,False,1751925379.8232613,657483.1819534302
51278,1751924722.340515,1751925166.0884037,batch_consumer-sts-1_20250707_215252_561881.csv,True,False,False,1751925379.8232613,657482.7463626862
51288,1751924722.3409555,1751925166.114974,batch_consumer-sts-1_20250707_215252_561881.csv,True,False,False,1751925379.8232613,657482.305765152
51298,1751924722.341365,1751925166.1419687,batch_consumer-sts-1_20250707_215252_561881.csv,True,False,False,1751925379.8232613,657481.8961620331
51308,1751924722.3417645,1751925166.1686633,batch_consumer-sts-1_20250707_215252_561881.csv,True,False,False,1751925379.8232613,657481.4968109131
51318,1751924722.342188,1751925166.1955214,batch_consumer-sts-1_20250707_215252_561881.csv,True,False,False,1751925379.8232613,657481.0733795166
51328,1751924722.342598,1751925166.2220216,batch_consumer-sts-1_20250707_215252_561881.csv,True,False,False,1751925379.8232613,657480.6632995605
51338,1751924722.343015,1751925166.2533655,batch_consumer-sts-1_20250707_215252_561881.csv,True,False,False,1751925379.8232613,657480.2463054657
51348,1751924722.3434193,1751925166.2802966,batch_consumer-sts-1_20250707_215252_561881.csv,True,False,False,1751925379.8232613,657479.8419475555
51358,1751924722.3438184,1751925166.3070416,batch_consumer-sts-1_20250707_215252_561881.csv,True,False,False,1751925379.8232613,657479.4428348541
51368,1751924722.34423,1751925166.3293726,batch_consumer-sts-1_20250707_215252_561881.csv,True,False,False,1751925379.8232613,657479.0313243866
63688,1751924722.705864,1751925166.359074,batch_consumer-sts-1_20250707_215252_561881.csv,True,False,False,1751925379.8232613,657117.3973083496
63698,1751924722.706103,1751925166.3863268,batch_consumer-sts-1_20250707_215252_561881.csv,True,False,False,1751925379.8232613,657117.1581745148
63708,1751924722.706346,1751925166.412623,batch_consumer-sts-1_20250707_215252_561881.csv,True,False,False,1751925379.8232613,657116.9152259827
63718,1751924722.706571,1751925166.43917,batch_consumer-sts-1_20250707_215252_561881.csv,True,False,False,1751925379.8232613,657116.690158844
63728,1751924722.7067978,1751925166.4660573,batch_consumer-sts-1_20250707_215252_561881.csv,True,False,False,1751925379.8232613,657116.4634227753
63738,1751924722.7070262,1751925166.4927945,batch_consumer-sts-1_20250707_215252_561881.csv,True,False,False,1751925379.8232613,657116.2350177765
63748,1751924722.707254,1751925166.5189135,batch_consumer-sts-1_20250707_215252_561881.csv,True,False,False,1751925379.8232613,657116.0073280334
63758,1751924722.7074854,1751925166.5483625,batch_consumer-sts-1_20250707_215252_561881.csv,True,False,False,1751925379.8232613,657115.7758235931
63768,1751924722.7077105,1751925166.5752993,batch_consumer-sts-1_20250707_215252_561881.csv,True,False,False,1751925379.8232613,657115.5507564545
63778,1751924722.707934,1751925166.6024413,batch_consumer-sts-1_20250707_215252_561881.csv,True,False,False,1751925379.8232613,657115.3273582458
63788,1751924722.7081664,1751925166.6290092,batch_consumer-sts-1_20250707_215252_561881.csv,True,False,False,1751925379.8232613,657115.0949001312
63798,1751924722.7084005,1751925166.6559682,batch_consumer-sts-1_20250707_215252_561881.csv,True,False,False,1751925379.8232613,657114.8607730865
63808,1751924722.7086284,1751925166.6832912,batch_consumer-sts-1_20250707_215252_561881.csv,True,False,False,1751925379.8232613,657114.6328449249
63818,1751924722.708856,1751925166.7096612,batch_consumer-sts-1_20250707_215252_561881.csv,True,False,False,1751925379.8232613,657114.4051551819
63828,1751924722.709104,1751925166.7365575,batch_consumer-sts-1_20250707_215252_561881.csv,True,False,False,1751925379.8232613,657114.1571998596
63838,1751924722.7093346,1751925166.7636044,batch_consumer-sts-1_20250707_215252_561881.csv,True,False,False,1751925379.8232613,657113.9266490936
63848,1751924722.7095697,1751925166.790657,batch_consumer-sts-1_20250707_215252_561881.csv,True,False,False,1751925379.8232613,657113.6915683746
63858,1751924722.709802,1751925166.8168654,batch_consumer-sts-1_20250707_215252_561881.csv,True,False,False,1751925379.8232613,657113.4593486786
63868,1751924722.7100587,1751925166.843902,batch_consumer-sts-1_20250707_215252_561881.csv,True,False,False,1751925379.8232613,657113.2025718689
63878,1751924722.7102976,1751925166.8703988,batch_consumer-sts-1_20250707_215252_561881.csv,True,False,False,1751925379.8232613,657112.9636764526
63888,1751924722.7105322,1751925166.8970811,batch_consumer-sts-1_20250707_215252_561881.csv,True,False,False,1751925379.8232613,657112.7290725708
63898,1751924722.7107587,1751925166.9233832,batch_consumer-sts-1_20250707_215252_561881.csv,True,False,False,1751925379.8232613,657112.5025749207
63908,1751924722.710991,1751925166.9583266,batch_consumer-sts-1_20250707_215252_561881.csv,True,False,False,1751925379.8232613,657112.2703552246
63918,1751924722.711215,1751925166.985072,batch_consumer-sts-1_20250707_215252_561881.csv,True,False,False,1751925379.8232613,657112.0462417603
63928,1751924722.7114432,1751925167.0113173,batch_consumer-sts-1_20250707_215252_561881.csv,True,False,False,1751925379.8232613,657111.81807518
63938,1751924722.7116776,1751925167.03762,batch_consumer-sts-1_20250707_215252_561881.csv,True,False,False,1751925379.8232613,657111.5837097168
63948,1751924722.7119052,1751925167.063795,batch_consumer-sts-1_20250707_215252_561881.csv,True,False,False,1751925379.8232613,657111.3560199738
63958,1751924722.7121282,1751925167.0899506,batch_consumer-sts-1_20250707_215252_561881.csv,True,False,False,1751925379.8232613,657111.1330986023
63968,1751924722.7123609,1751925167.1121376,batch_consumer-sts-1_20250707_215252_561881.csv,True,False,False,1751925379.8232613,657110.9004020691
63978,1751924722.7125924,1751925167.1386871,batch_consumer-sts-1_20250707_215252_561881.csv,True,False,False,1751925379.8232613,657110.6688976288
63988,1751924722.7128186,1751925167.1661608,batch_consumer-sts-1_20250707_215252_561881.csv,True,False,False,1751925379.8232613,657110.4426383972
63998,1751924722.7130473,1751925167.192994,batch_consumer-sts-1_20250707_215252_561881.csv,True,False,False,1751925379.8232613,657110.2139949799
64008,1751924722.7132702,1751925167.219197,batch_consumer-sts-1_20250707_215252_561881.csv,True,False,False,1751925379.8232613,657109.9910736084
64018,1751924722.7135031,1751925167.2458856,batch_consumer-sts-1_20250707_215252_561881.csv,True,False,False,1751925379.8232613,657109.7581386566
64028,1751924722.7137372,1751925167.272814,batch_consumer-sts-1_20250707_215252_561881.csv,True,False,False,1751925379.8232613,657109.5240116119
64038,1751924722.7139728,1751925167.3029735,batch_consumer-sts-1_20250707_215252_561881.csv,True,False,False,1751925379.8232613,657109.2884540558
64048,1751924722.7142243,1751925167.329801,batch_consumer-sts-1_20250707_215252_561881.csv,True,False,False,1751925379.8232613,657109.0369224548
64058,1751924722.7144606,1751925167.3568337,batch_consumer-sts-1_20250707_215252_561881.csv,True,False,False,1751925379.8232613,657108.800649643
64068,1751924722.7146986,1751925167.3834798,batch_consumer-sts-1_20250707_215252_561881.csv,True,False,False,1751925379.8232613,657108.562707901
64078,1751924722.7149322,1751925167.4110737,batch_consumer-sts-1_20250707_215252_561881.csv,True,False,False,1751925379.8232613,657108.3290576935
64088,1751924722.71517,1751925167.439834,batch_consumer-sts-1_20250707_215252_561881.csv,True,False,False,1751925379.8232613,657108.0913543701
64098,1751924722.7154071,1751925167.467842,batch_consumer-sts-1_20250707_215252_561881.csv,True,False,False,1751925379.8232613,657107.8541278839
64108,1751924722.715584,1751925167.4953196,batch_consumer-sts-1_20250707_215252_561881.csv,True,False,False,1751925379.8232613,657107.6772212982
64118,1751924722.7157643,1751925167.521694,batch_consumer-sts-1_20250707_215252_561881.csv,True,False,False,1751925379.8232613,657107.4969768524
64128,1751924722.715949,1751925167.5490663,batch_consumer-sts-1_20250707_215252_561881.csv,True,False,False,1751925379.8232613,657107.3122024536
64138,1751924722.7161283,1751925167.5759032,batch_consumer-sts-1_20250707_215252_561881.csv,True,False,False,1751925379.8232613,657107.1329116821
64148,1751924722.7163067,1751925167.604112,batch_consumer-sts-1_20250707_215252_561881.csv,True,False,False,1751925379.8232613,657106.954574585
64158,1751924722.7164855,1751925167.6311686,batch_consumer-sts-1_20250707_215252_561881.csv,True,False,False,1751925379.8232613,657106.7757606506
64168,1751924722.7166648,1751925167.658151,batch_consumer-sts-1_20250707_215252_561881.csv,True,False,False,1751925379.8232613,657106.5964698792
64178,1751924722.716845,1751925167.6853306,batch_consumer-sts-1_20250707_215252_561881.csv,True,False,False,1751925379.8232613,657106.4162254333
64188,1751924722.7170284,1751925167.712873,batch_consumer-sts-1_20250707_215252_561881.csv,True,False,False,1751925379.8232613,657106.232881546
64198,1751924722.7172115,1751925167.740013,batch_consumer-sts-1_20250707_215252_561881.csv,True,False,False,1751925379.8232613,657106.0497760773
64208,1751924722.7173965,1751925167.770464,batch_consumer-sts-1_20250707_215252_561881.csv,True,False,False,1751925379.8232613,657105.8647632599
64218,1751924722.7175772,1751925167.7974174,batch_consumer-sts-1_20250707_215252_561881.csv,True,False,False,1751925379.8232613,657105.6840419769
64228,1751924722.717764,1751925168.3854885,batch_consumer-sts-1_20250707_215252_561881.csv,True,False,False,1751925379.8232613,657105.4973602295
64238,1751924722.717945,1751925168.412556,batch_consumer-sts-1_20250707_215252_561881.csv,True,False,False,1751925379.8232613,657105.3161621094
64248,1751924722.7181258,1751925168.4397588,batch_consumer-sts-1_20250707_215252_561881.csv,True,False,False,1751925379.8232613,657105.1354408264
64258,1751924722.7183616,1751925168.4668105,batch_consumer-sts-1_20250707_215252_561881.csv,True,False,False,1751925379.8232613,657104.8996448517
64268,1751924722.7185829,1751925168.495986,batch_consumer-sts-1_20250707_215252_561881.csv,True,False,False,1751925379.8232613,657104.6783924103
64278,1751924722.718814,1751925168.5235934,batch_consumer-sts-1_20250707_215252_561881.csv,True,False,False,1751925379.8232613,657104.4473648071
64288,1751924722.719041,1751925168.5504258,batch_consumer-sts-1_20250707_215252_561881.csv,True,False,False,1751925379.8232613,657104.2201519012
64298,1751924722.7192686,1751925168.5795033,batch_consumer-sts-1_20250707_215252_561881.csv,True,False,False,1751925379.8232613,657103.9927005768
64308,1751924722.719493,1751925168.6044033,batch_consumer-sts-1_20250707_215252_561881.csv,True,False,False,1751925379.8232613,657103.7683486938
64318,1751924722.7196696,1751925168.6336453,batch_consumer-sts-1_20250707_215252_561881.csv,True,False,False,1751925379.8232613,657103.5916805267
64328,1751924722.71985,1751925168.660144,batch_consumer-sts-1_20250707_215252_561881.csv,True,False,False,1751925379.8232613,657103.4111976624
64338,1751924722.7200315,1751925168.6869197,batch_consumer-sts-1_20250707_215252_561881.csv,True,False,False,1751925379.8232613,657103.2297611237
64348,1751924722.7202113,1751925168.7131276,batch_consumer-sts-1_20250707_215252_561881.csv,True,False,False,1751925379.8232613,657103.049993515
64358,1751924722.7203925,1751925168.7402737,batch_consumer-sts-1_20250707_215252_561881.csv,True,False,False,1751925379.8232613,657102.8687953949
64368,1751924722.7205725,1751925168.7673457,batch_consumer-sts-1_20250707_215252_561881.csv,True,False,False,1751925379.8232613,657102.6887893677
64378,1751924722.720774,1751925168.794211,batch_consumer-sts-1_20250707_215252_561881.csv,True,False,False,1751925379.8232613,657102.4873256683
64388,1751924722.7209866,1751925168.8205843,batch_consumer-sts-1_20250707_215252_561881.csv,True,False,False,1751925379.8232613,657102.2746562958
64398,1751924722.721229,1751925168.8475575,batch_consumer-sts-1_20250707_215252_561881.csv,True,False,False,1751925379.8232613,657102.0321846008
64408,1751924722.7214549,1751925168.874864,batch_consumer-sts-1_20250707_215252_561881.csv,True,False,False,1751925379.8232613,657101.8064022064
64418,1751924722.7216823,1751925168.9018312,batch_consumer-sts-1_20250707_215252_561881.csv,True,False,False,1751925379.8232613,657101.578950882
64428,1751924722.7219098,1751925169.929243,batch_consumer-sts-1_20250707_215252_561881.csv,True,False,False,1751925379.8232613,657101.3514995575
64438,1751924722.7221324,1751925169.956308,batch_consumer-sts-1_20250707_215252_561881.csv,True,False,False,1751925379.8232613,657101.1288166046
64448,1751924722.7223616,1751925169.9830244,batch_consumer-sts-1_20250707_215252_561881.csv,True,False,False,1751925379.8232613,657100.8996963501
64458,1751924722.722593,1751925170.4742398,batch_consumer-sts-1_20250707_215252_561881.csv,True,False,False,1751925379.8232613,657100.6681919098
64468,1751924722.722824,1751925170.5007012,batch_consumer-sts-1_20250707_215252_561881.csv,True,False,False,1751925379.8232613,657100.4371643066
64478,1751924722.7230575,1751925170.5274422,batch_consumer-sts-1_20250707_215252_561881.csv,True,False,False,1751925379.8232613,657100.2037525177
64488,1751924722.7232878,1751925170.5544508,batch_consumer-sts-1_20250707_215252_561881.csv,True,False,False,1751925379.8232613,657099.9734401703
64498,1751924722.7235248,1751925170.581683,batch_consumer-sts-1_20250707_215252_561881.csv,True,False,False,1751925379.8232613,657099.7364521027
64508,1751924722.723749,1751925170.608468,batch_consumer-sts-1_20250707_215252_561881.csv,True,False,False,1751925379.8232613,657099.5123386383
64518,1751924722.7239778,1751925170.635153,batch_consumer-sts-1_20250707_215252_561881.csv,True,False,False,1751925379.8232613,657099.2834568024
64528,1751924722.724223,1751925170.6620376,batch_consumer-sts-1_20250707_215252_561881.csv,True,False,False,1751925379.8232613,657099.038362503
64538,1751924722.7244546,1751925170.6888745,batch_consumer-sts-1_20250707_215252_561881.csv,True,False,False,1751925379.8232613,657098.8066196442
64548,1751924722.724686,1751925170.7150664,batch_consumer-sts-1_20250707_215252_561881.csv,True,False,False,1751925379.8232613,657098.5753536224
64558,1751924722.7249122,1751925170.7431698,batch_consumer-sts-1_20250707_215252_561881.csv,True,False,False,1751925379.8232613,657098.3490943909
64568,1751924722.725141,1751925170.769657,batch_consumer-sts-1_20250707_215252_561881.csv,True,False,False,1751925379.8232613,657098.1202125549
64578,1751924722.725371,1751925170.7960863,batch_consumer-sts-1_20250707_215252_561881.csv,True,False,False,1751925379.8232613,657097.8903770447
64588,1751924722.725598,1751925170.8222988,batch_consumer-sts-1_20250707_215252_561881.csv,True,False,False,1751925379.8232613,657097.6631641388
64598,1751924722.7258222,1751925170.8489454,batch_consumer-sts-1_20250707_215252_561881.csv,True,False,False,1751925379.8232613,657097.4390506744
64608,1751924722.7260425,1751925170.8755703,batch_consumer-sts-1_20250707_215252_561881.csv,True,False,False,1751925379.8232613,657097.2187519073
64618,1751924722.7262862,1751925170.902334,batch_consumer-sts-1_20250707_215252_561881.csv,True,False,False,1751925379.8232613,657096.9750881195
64628,1751924722.726514,1751925170.929114,batch_consumer-sts-1_20250707_215252_561881.csv,True,False,False,1751925379.8232613,657096.7471599579
64638,1751924722.7267427,1751925170.9561036,batch_consumer-sts-1_20250707_215252_561881.csv,True,False,False,1751925379.8232613,657096.5185165405
64648,1751924722.7269633,1751925170.9832346,batch_consumer-sts-1_20250707_215252_561881.csv,True,False,False,1751925379.8232613,657096.2979793549
64658,1751924722.7271924,1751925171.0106342,batch_consumer-sts-1_20250707_215252_561881.csv,True,False,False,1751925379.8232613,657096.0688591003
64668,1751924722.727424,1751925171.041114,batch_consumer-sts-1_20250707_215252_561881.csv,True,False,False,1751925379.8232613,657095.83735466
64678,1751924722.727656,1751925171.069588,batch_consumer-sts-1_20250707_215252_561881.csv,True,False,False,1751925379.8232613,657095.6053733826
64688,1751924722.7278898,1751925171.0966735,batch_consumer-sts-1_20250707_215252_561881.csv,True,False,False,1751925379.8232613,657095.3714847565
64698,1751924722.7281203,1751925171.12282,batch_consumer-sts-1_20250707_215252_561881.csv,True,False,False,1751925379.8232613,657095.1409339905
64708,1751924722.7283585,1751925171.1495695,batch_consumer-sts-1_20250707_215252_561881.csv,True,False,False,1751925379.8232613,657094.90275383
64718,1751924722.728593,1751925171.1762996,batch_consumer-sts-1_20250707_215252_561881.csv,True,False,False,1751925379.8232613,657094.6681499481
64728,1751924722.7288213,1751925171.202522,batch_consumer-sts-1_20250707_215252_561881.csv,True,False,False,1751925379.8232613,657094.4399833679
64738,1751924722.7290554,1751925171.2353234,batch_consumer-sts-1_20250707_215252_561881.csv,True,False,False,1751925379.8232613,657094.2058563232
64748,1751924722.729293,1751925171.2619774,batch_consumer-sts-1_20250707_215252_561881.csv,True,False,False,1751925379.8232613,657093.9681529999
64758,1751924722.72952,1751925171.2887945,batch_consumer-sts-1_20250707_215252_561881.csv,True,False,False,1751925379.8232613,657093.7411785126
64768,1751924722.729754,1751925171.3144162,batch_consumer-sts-1_20250707_215252_561881.csv,True,False,False,1751925379.8232613,657093.5072898865
64778,1751924722.7299857,1751925171.3414507,batch_consumer-sts-1_20250707_215252_561881.csv,True,False,False,1751925379.8232613,657093.2755470276
64788,1751924722.7302234,1751925171.368484,batch_consumer-sts-1_20250707_215252_561881.csv,True,False,False,1751925379.8232613,657093.0378437042
64798,1751924722.7304544,1751925171.3952303,batch_consumer-sts-1_20250707_215252_561881.csv,True,False,False,1751925379.8232613,657092.8068161011
64808,1751924722.7306883,1751925171.4213767,batch_consumer-sts-1_20250707_215252_561881.csv,True,False,False,1751925379.8232613,657092.572927475
64818,1751924722.7309198,1751925171.4481273,batch_consumer-sts-1_20250707_215252_561881.csv,True,False,False,1751925379.8232613,657092.3414230347
64828,1751924722.731151,1751925171.475082,batch_consumer-sts-1_20250707_215252_561881.csv,True,False,False,1751925379.8232613,657092.1101570129
64838,1751924722.731388,1751925171.5018804,batch_consumer-sts-1_20250707_215252_561881.csv,True,False,False,1751925379.8232613,657091.8731689453
64848,1751924722.731572,1751925171.5287352,batch_consumer-sts-1_20250707_215252_561881.csv,True,False,False,1751925379.8232613,657091.6893482208
64858,1751924722.7317548,1751925171.5555346,batch_consumer-sts-1_20250707_215252_561881.csv,True,False,False,1751925379.8232613,657091.5064811707
64868,1751924722.731936,1751925171.5827343,batch_consumer-sts-1_20250707_215252_561881.csv,True,False,False,1751925379.8232613,657091.3252830505
64878,1751924722.732121,1751925171.6099112,batch_consumer-sts-1_20250707_215252_561881.csv,True,False,False,1751925379.8232613,657091.1402702332
64888,1751924722.7323017,1751925171.6365848,batch_consumer-sts-1_20250707_215252_561881.csv,True,False,False,1751925379.8232613,657090.9595489502
64898,1751924722.7324846,1751925171.6664062,batch_consumer-sts-1_20250707_215252_561881.csv,True,False,False,1751925379.8232613,657090.7766819
64908,1751924722.7326648,1751925171.6935563,batch_consumer-sts-1_20250707_215252_561881.csv,True,False,False,1751925379.8232613,657090.5964374542
64918,1751924722.7328382,1751925171.720025,batch_consumer-sts-1_20250707_215252_561881.csv,True,False,False,1751925379.8232613,657090.4231071472
64928,1751924722.7330256,1751925171.746848,batch_consumer-sts-1_20250707_215252_561881.csv,True,False,False,1751925379.8232613,657090.235710144
64938,1751924722.7333577,1751925171.7738025,batch_consumer-sts-1_20250707_215252_561881.csv,True,False,False,1751925379.8232613,657089.9035930634
64948,1751924722.7335374,1751925171.8017385,batch_consumer-sts-1_20250707_215252_561881.csv,True,False,False,1751925379.8232613,657089.7238254547
64958,1751924722.7337582,1751925171.8279884,batch_consumer-sts-1_20250707_215252_561881.csv,True,False,False,1751925379.8232613,657089.5030498505
64968,1751924722.7339437,1751925171.8549693,batch_consumer-sts-1_20250707_215252_561881.csv,True,False,False,1751925379.8232613,657089.3175601959
64978,1751924722.7341282,1751925171.8820632,batch_consumer-sts-1_20250707_215252_561881.csv,True,False,False,1751925379.8232613,657089.1330242157
64988,1751924722.7343774,1751925171.9087086,batch_consumer-sts-1_20250707_215252_561881.csv,True,False,False,1751925379.8232613,657088.8838768005
64998,1751924722.734603,1751925171.9362962,batch_consumer-sts-1_20250707_215252_561881.csv,True,False,False,1751925379.8232613,657088.6583328247
65008,1751924722.734847,1751925171.9629664,batch_consumer-sts-1_20250707_215252_561881.csv,True,False,False,1751925379.8232613,657088.4141921997
65018,1751924722.735078,1751925171.9897614,batch_consumer-sts-1_20250707_215252_561881.csv,True,False,False,1751925379.8232613,657088.1831645966
65028,1751924722.7353172,1751925172.0165138,batch_consumer-sts-1_20250707_215252_561881.csv,True,False,False,1751925379.8232613,657087.9440307617
65038,1751924722.735671,1751925172.0434935,batch_consumer-sts-1_20250707_215252_561881.csv,True,False,False,1751925379.8232613,657087.5902175903
65048,1751924722.7358634,1751925172.070139,batch_consumer-sts-1_20250707_215252_561881.csv,True,False,False,1751925379.8232613,657087.397813797
65058,1751924722.7360494,1751925172.0969098,batch_consumer-sts-1_20250707_215252_561881.csv,True,False,False,1751925379.8232613,657087.2118473053
65068,1751924722.7362375,1751925172.1219175,batch_consumer-sts-1_20250707_215252_561881.csv,True,False,False,1751925379.8232613,657087.0237350464
65078,1751924722.7364275,1751925172.1494684,batch_consumer-sts-1_20250707_215252_561881.csv,True,False,False,1751925379.8232613,657086.8337154388
65088,1751924722.7366126,1751925172.1826916,batch_consumer-sts-1_20250707_215252_561881.csv,True,False,False,1751925379.8232613,657086.6487026215
65098,1751924722.7368047,1751925172.2096992,batch_consumer-sts-1_20250707_215252_561881.csv,True,False,False,1751925379.8232613,657086.4565372467
65108,1751924722.7369866,1751925172.2357392,batch_consumer-sts-1_20250707_215252_561881.csv,True,False,False,1751925379.8232613,657086.2746238708
65118,1751924722.737174,1751925172.2627742,batch_consumer-sts-1_20250707_215252_561881.csv,True,False,False,1751925379.8232613,657086.0872268677
65128,1751924722.7373605,1751925172.291144,batch_consumer-sts-1_20250707_215252_561881.csv,True,False,False,1751925379.8232613,657085.9007835388
65138,1751924722.73757,1751925172.3178403,batch_consumer-sts-1_20250707_215252_561881.csv,True,False,False,1751925379.8232613,657085.6912136078
65148,1751924722.737785,1751925172.3446183,batch_consumer-sts-1_20250707_215252_561881.csv,True,False,False,1751925379.8232613,657085.4761600494
65158,1751924722.737983,1751925172.3712564,batch_consumer-sts-1_20250707_215252_561881.csv,True,False,False,1751925379.8232613,657085.2782726288
65168,1751924722.7382307,1751925172.3985045,batch_consumer-sts-1_20250707_215252_561881.csv,True,False,False,1751925379.8232613,657085.0305557251
65178,1751924722.7384713,1751925172.4250708,batch_consumer-sts-1_20250707_215252_561881.csv,True,False,False,1751925379.8232613,657084.7899913788
65188,1751924722.738701,1751925172.4537654,batch_consumer-sts-1_20250707_215252_561881.csv,True,False,False,1751925379.8232613,657084.5601558685
65198,1751924722.7389276,1751925172.4797504,batch_consumer-sts-1_20250707_215252_561881.csv,True,False,False,1751925379.8232613,657084.3336582184
65208,1751924722.7391646,1751925172.505006,batch_consumer-sts-1_20250707_215252_561881.csv,True,False,False,1751925379.8232613,657084.0966701508
65218,1751924722.7394016,1751925172.5316968,batch_consumer-sts-1_20250707_215252_561881.csv,True,False,False,1751925379.8232613,657083.8596820831
65228,1751924722.739639,1751925172.9379582,batch_consumer-sts-1_20250707_215313_291890.csv,True,False,False,1751925379.8232613,657083.6222171783
65238,1751924722.7398748,1751925173.6798754,batch_consumer-sts-1_20250707_215313_291890.csv,True,False,False,1751925379.8232613,657083.3864212036
65248,1751924722.740112,1751925173.706868,batch_consumer-sts-1_20250707_215313_291890.csv,True,False,False,1751925379.8232613,657083.1491947174
65258,1751924722.740344,1751925173.733925,batch_consumer-sts-1_20250707_215313_291890.csv,True,False,False,1751925379.8232613,657082.9172134399
65268,1751924722.7405753,1751925173.7615206,batch_consumer-sts-1_20250707_215313_291890.csv,True,False,False,1751925379.8232613,657082.6859474182
65278,1751924722.7408044,1751925173.7883492,batch_consumer-sts-1_20250707_215313_291890.csv,True,False,False,1751925379.8232613,657082.4568271637
65288,1751924722.7410345,1751925173.814868,batch_consumer-sts-1_20250707_215313_291890.csv,True,False,False,1751925379.8232613,657082.2267532349
65298,1751924722.741268,1751925173.842095,batch_consumer-sts-1_20250707_215313_291890.csv,True,False,False,1751925379.8232613,657081.9933414459
65308,1751924722.7414992,1751925173.868944,batch_consumer-sts-1_20250707_215313_291890.csv,True,False,False,1751925379.8232613,657081.7620754242
65318,1751924722.7417247,1751925173.8963106,batch_consumer-sts-1_20250707_215313_291890.csv,True,False,False,1751925379.8232613,657081.5365314484
65328,1751924722.7419538,1751925173.9227135,batch_consumer-sts-1_20250707_215313_291890.csv,True,False,False,1751925379.8232613,657081.3074111938
65338,1751924722.74219,1751925173.9485562,batch_consumer-sts-1_20250707_215313_291890.csv,True,False,False,1751925379.8232613,657081.0713768005
65348,1751924722.742422,1751925173.9755397,batch_consumer-sts-1_20250707_215313_291890.csv,True,False,False,1751925379.8232613,657080.8391571045
65358,1751924722.742659,1751925174.0024514,batch_consumer-sts-1_20250707_215313_291890.csv,True,False,False,1751925379.8232613,657080.6021690369
65368,1751924722.7428873,1751925174.029773,batch_consumer-sts-1_20250707_215313_291890.csv,True,False,False,1751925379.8232613,657080.3740024567
65378,1751924722.7431216,1751925174.0569997,batch_consumer-sts-1_20250707_215313_291890.csv,True,False,False,1751925379.8232613,657080.1396369934
65388,1751924722.7433548,1751925174.0837018,batch_consumer-sts-1_20250707_215313_291890.csv,True,False,False,1751925379.8232613,657079.906463623
65398,1751924722.7436202,1751925174.109297,batch_consumer-sts-1_20250707_215313_291890.csv,True,False,False,1751925379.8232613,657079.6411037445
65408,1751924722.7438538,1751925174.1363,batch_consumer-sts-1_20250707_215313_291890.csv,True,False,False,1751925379.8232613,657079.407453537
65418,1751924722.7440865,1751925174.1631775,batch_consumer-sts-1_20250707_215313_291890.csv,True,False,False,1751925379.8232613,657079.1747570038
65428,1751924722.7443197,1751925175.191981,batch_consumer-sts-1_20250707_215313_291890.csv,True,False,False,1751925379.8232613,657078.9415836334
65438,1751924722.7445562,1751925175.2188628,batch_consumer-sts-1_20250707_215313_291890.csv,True,False,False,1751925379.8232613,657078.705072403
65448,1751924722.7447836,1751925175.3519747,batch_consumer-sts-1_20250707_215313_291890.csv,True,False,False,1751925379.8232613,657078.4776210785
65458,1751924722.745016,1751925175.3786786,batch_consumer-sts-1_20250707_215313_291890.csv,True,False,False,1751925379.8232613,657078.2451629639
65468,1751924722.7452445,1751925175.405972,batch_consumer-sts-1_20250707_215313_291890.csv,True,False,False,1751925379.8232613,657078.0167579651
65478,1751924722.745472,1751925175.4329407,batch_consumer-sts-1_20250707_215313_291890.csv,True,False,False,1751925379.8232613,657077.7893066406
65488,1751924722.7457104,1751925175.459719,batch_consumer-sts-1_20250707_215313_291890.csv,True,False,False,1751925379.8232613,657077.5508880615
76138,1751924722.9866133,1751925175.4867558,batch_consumer-sts-1_20250707_215313_291890.csv,True,False,False,1751925379.8232613,656836.6479873657
76148,1751924722.9868474,1751925175.6872842,batch_consumer-sts-1_20250707_215313_291890.csv,True,False,False,1751925379.8232613,656836.413860321
76158,1751924722.9870772,1751925175.7138977,batch_consumer-sts-1_20250707_215313_291890.csv,True,False,False,1751925379.8232613,656836.1840248108
76168,1751924722.9873006,1751925175.740634,batch_consumer-sts-1_20250707_215313_291890.csv,True,False,False,1751925379.8232613,656835.9606266022
76178,1751924722.9875274,1751925175.7665854,batch_consumer-sts-1_20250707_215313_291890.csv,True,False,False,1751925379.8232613,656835.7338905334
76188,1751924722.9877172,1751925175.7935364,batch_consumer-sts-1_20250707_215313_291890.csv,True,False,False,1751925379.8232613,656835.5441093445
76198,1751924722.9879072,1751925175.8199136,batch_consumer-sts-1_20250707_215313_291890.csv,True,False,False,1751925379.8232613,656835.3540897369
76208,1751924722.9880953,1751925175.8466942,batch_consumer-sts-1_20250707_215313_291890.csv,True,False,False,1751925379.8232613,656835.165977478
76218,1751924722.988294,1751925175.8741634,batch_consumer-sts-1_20250707_215313_291890.csv,True,False,False,1751925379.8232613,656834.9673748016
76228,1751924722.9884765,1751925175.9009676,batch_consumer-sts-1_20250707_215313_291890.csv,True,False,False,1751925379.8232613,656834.78474617
76238,1751924722.9886563,1751925175.928098,batch_consumer-sts-1_20250707_215313_291890.csv,True,False,False,1751925379.8232613,656834.6049785614
76248,1751924722.9888391,1751925175.956921,batch_consumer-sts-1_20250707_215313_291890.csv,True,False,False,1751925379.8232613,656834.4221115112
76258,1751924722.9890254,1751925175.9843028,batch_consumer-sts-1_20250707_215313_291890.csv,True,False,False,1751925379.8232613,656834.235906601
76268,1751924722.9892104,1751925176.0111983,batch_consumer-sts-1_20250707_215313_291890.csv,True,False,False,1751925379.8232613,656834.0508937836
76278,1751924722.9893932,1751925176.0425975,batch_consumer-sts-1_20250707_215313_291890.csv,True,False,False,1751925379.8232613,656833.8680267334
76288,1751924722.989578,1751925176.0700638,batch_consumer-sts-1_20250707_215313_291890.csv,True,False,False,1751925379.8232613,656833.6832523346
76298,1751924722.9897563,1751925176.0980484,batch_consumer-sts-1_20250707_215313_291890.csv,True,False,False,1751925379.8232613,656833.5049152374
76308,1751924722.9899404,1751925176.12588,batch_consumer-sts-1_20250707_215313_291890.csv,True,False,False,1751925379.8232613,656833.3208560944
76318,1751924722.9901211,1751925176.15294,batch_consumer-sts-1_20250707_215313_291890.csv,True,False,False,1751925379.8232613,656833.1401348114
76328,1751924722.990378,1751925176.1795182,batch_consumer-sts-1_20250707_215313_291890.csv,True,False,False,1751925379.8232613,656832.8833580017
76338,1751924722.9906082,1751925176.2072003,batch_consumer-sts-1_20250707_215313_291890.csv,True,False,False,1751925379.8232613,656832.6530456543
76348,1751924722.9908414,1751925176.2342222,batch_consumer-sts-1_20250707_215313_291890.csv,True,False,False,1751925379.8232613,656832.4198722839
76358,1751924722.9910724,1751925176.2609289,batch_consumer-sts-1_20250707_215313_291890.csv,True,False,False,1751925379.8232613,656832.1888446808
76368,1751924722.9913044,1751925176.2900765,batch_consumer-sts-1_20250707_215313_291890.csv,True,False,False,1751925379.8232613,656831.9568634033
76378,1751924722.991535,1751925176.3162005,batch_consumer-sts-1_20250707_215313_291890.csv,True,False,False,1751925379.8232613,656831.7263126373
76388,1751924722.9917693,1751925176.344242,batch_consumer-sts-1_20250707_215313_291890.csv,True,False,False,1751925379.8232613,656831.4919471741
76398,1751924722.9920037,1751925176.370715,batch_consumer-sts-1_20250707_215313_291890.csv,True,False,False,1751925379.8232613,656831.2575817108
76408,1751924722.9922338,1751925176.3963282,batch_consumer-sts-1_20250707_215313_291890.csv,True,False,False,1751925379.8232613,656831.027507782
76418,1751924722.9924629,1751925176.4224184,batch_consumer-sts-1_20250707_215313_291890.csv,True,False,False,1751925379.8232613,656830.7983875275
76428,1751924722.9926922,1751925176.4497962,batch_consumer-sts-1_20250707_215313_291890.csv,True,False,False,1751925379.8232613,656830.5690288544
76438,1751924722.992922,1751925176.475647,batch_consumer-sts-1_20250707_215313_291890.csv,True,False,False,1751925379.8232613,656830.3391933441
76448,1751924722.9931502,1751925176.5032032,batch_consumer-sts-1_20250707_215313_291890.csv,True,False,False,1751925379.8232613,656830.1110267639
76458,1751924722.9933853,1751925176.5309608,batch_consumer-sts-1_20250707_215313_291890.csv,True,False,False,1751925379.8232613,656829.8759460449
76468,1751924722.993617,1751925176.5581467,batch_consumer-sts-1_20250707_215313_291890.csv,True,False,False,1751925379.8232613,656829.644203186
76478,1751924722.9938505,1751925176.588635,batch_consumer-sts-1_20250707_215313_291890.csv,True,False,False,1751925379.8232613,656829.4107913971
76488,1751924722.9940796,1751925176.6149638,batch_consumer-sts-1_20250707_215313_291890.csv,True,False,False,1751925379.8232613,656829.1816711426
76498,1751924722.9943166,1751925176.646784,batch_consumer-sts-1_20250707_215313_291890.csv,True,False,False,1751925379.8232613,656828.944683075
76508,1751924722.9945445,1751925176.6737275,batch_consumer-sts-1_20250707_215313_291890.csv,True,False,False,1751925379.8232613,656828.7167549133
76518,1751924722.994772,1751925176.700371,batch_consumer-sts-1_20250707_215313_291890.csv,True,False,False,1751925379.8232613,656828.4893035889
76528,1751924722.9950056,1751925176.727062,batch_consumer-sts-1_20250707_215313_291890.csv,True,False,False,1751925379.8232613,656828.2556533813
76538,1751924722.995253,1751925176.7542346,batch_consumer-sts-1_20250707_215313_291890.csv,True,False,False,1751925379.8232613,656828.0081748962
76548,1751924722.995482,1751925176.78081,batch_consumer-sts-1_20250707_215313_291890.csv,True,False,False,1751925379.8232613,656827.7792930603
76558,1751924722.9957216,1751925176.807654,batch_consumer-sts-1_20250707_215313_291890.csv,True,False,False,1751925379.8232613,656827.5396823883
76568,1751924722.9959557,1751925176.8343809,batch_consumer-sts-1_20250707_215313_291890.csv,True,False,False,1751925379.8232613,656827.3055553436
76578,1751924722.996194,1751925176.859545,batch_consumer-sts-1_20250707_215313_291890.csv,True,False,False,1751925379.8232613,656827.0673751831
76588,1751924722.996425,1751925176.8884969,batch_consumer-sts-1_20250707_215313_291890.csv,True,False,False,1751925379.8232613,656826.83634758
76598,1751924722.9966545,1751925176.9149196,batch_consumer-sts-1_20250707_215313_291890.csv,True,False,False,1751925379.8232613,656826.6067504883
76608,1751924722.9968874,1751925176.941663,batch_consumer-sts-1_20250707_215313_291890.csv,True,False,False,1751925379.8232613,656826.3738155365
76618,1751924722.997116,1751925176.9684958,batch_consumer-sts-1_20250707_215313_291890.csv,True,False,False,1751925379.8232613,656826.1451721191
76628,1751924722.997343,1751925176.9954572,batch_consumer-sts-1_20250707_215313_291890.csv,True,False,False,1751925379.8232613,656825.9181976318
76638,1751924722.9975731,1751925177.0213926,batch_consumer-sts-1_20250707_215313_291890.csv,True,False,False,1751925379.8232613,656825.688123703
76648,1751924722.9977975,1751925177.0482605,batch_consumer-sts-1_20250707_215313_291890.csv,True,False,False,1751925379.8232613,656825.4637718201
76658,1751924722.9980206,1751925177.074919,batch_consumer-sts-1_20250707_215313_291890.csv,True,False,False,1751925379.8232613,656825.24061203
76668,1751924722.998253,1751925177.1023128,batch_consumer-sts-1_20250707_215313_291890.csv,True,False,False,1751925379.8232613,656825.0081539154
76678,1751924722.9984877,1751925177.1291904,batch_consumer-sts-1_20250707_215313_291890.csv,True,False,False,1751925379.8232613,656824.7735500336
76688,1751924722.9987156,1751925177.1564682,batch_consumer-sts-1_20250707_215313_291890.csv,True,False,False,1751925379.8232613,656824.545621872
76698,1751924722.998945,1751925177.183823,batch_consumer-sts-1_20250707_215313_291890.csv,True,False,False,1751925379.8232613,656824.3162631989
76708,1751924722.9991808,1751925177.2108665,batch_consumer-sts-1_20250707_215313_291890.csv,True,False,False,1751925379.8232613,656824.0804672241
76718,1751924722.9994142,1751925177.237929,batch_consumer-sts-1_20250707_215313_291890.csv,True,False,False,1751925379.8232613,656823.8470554352
76728,1751924722.9996426,1751925177.2647872,batch_consumer-sts-1_20250707_215313_291890.csv,True,False,False,1751925379.8232613,656823.6186504364
76738,1751924722.999869,1751925177.290584,batch_consumer-sts-1_20250707_215313_291890.csv,True,False,False,1751925379.8232613,656823.3921527863
76748,1751924723.0001023,1751925177.3167837,batch_consumer-sts-1_20250707_215313_291890.csv,True,False,False,1751925379.8232613,656823.1589794159
76758,1751924723.000325,1751925177.3431742,batch_consumer-sts-1_20250707_215313_291890.csv,True,False,False,1751925379.8232613,656822.936296463
76768,1751924723.0005543,1751925177.369735,batch_consumer-sts-1_20250707_215313_291890.csv,True,False,False,1751925379.8232613,656822.7069377899
76778,1751924723.000808,1751925177.396429,batch_consumer-sts-1_20250707_215313_291890.csv,True,False,False,1751925379.8232613,656822.4532604218
76788,1751924723.0010796,1751925177.4222453,batch_consumer-sts-1_20250707_215313_291890.csv,True,False,False,1751925379.8232613,656822.1817016602
76798,1751924723.0013309,1751925177.444541,batch_consumer-sts-1_20250707_215313_291890.csv,True,False,False,1751925379.8232613,656821.9304084778
76808,1751924723.001595,1751925177.4718645,batch_consumer-sts-1_20250707_215313_291890.csv,True,False,False,1751925379.8232613,656821.6662406921
76818,1751924723.001861,1751925177.499673,batch_consumer-sts-1_20250707_215313_291890.csv,True,False,False,1751925379.8232613,656821.4001655579
76828,1751924723.00211,1751925177.5264025,batch_consumer-sts-1_20250707_215313_291890.csv,True,False,False,1751925379.8232613,656821.1512565613
76838,1751924723.002386,1751925177.5549388,batch_consumer-sts-1_20250707_215313_291890.csv,True,False,False,1751925379.8232613,656820.8751678467
76848,1751924723.00266,1751925177.581897,batch_consumer-sts-1_20250707_215313_291890.csv,True,False,False,1751925379.8232613,656820.6012248993
76858,1751924723.0029025,1751925177.609724,batch_consumer-sts-1_20250707_215313_291890.csv,True,False,False,1751925379.8232613,656820.3587532043
76868,1751924723.0031426,1751925177.637338,batch_consumer-sts-1_20250707_215313_291890.csv,True,False,False,1751925379.8232613,656820.1186656952
76878,1751924723.0033803,1751925177.664533,batch_consumer-sts-1_20250707_215313_291890.csv,True,False,False,1751925379.8232613,656819.8809623718
76888,1751924723.0036097,1751925177.6915593,batch_consumer-sts-1_20250707_215313_291890.csv,True,False,False,1751925379.8232613,656819.6516036987
76898,1751924723.0038548,1751925177.7179132,batch_consumer-sts-1_20250707_215313_291890.csv,True,False,False,1751925379.8232613,656819.4065093994
76908,1751924723.004083,1751925177.7492468,batch_consumer-sts-1_20250707_215313_291890.csv,True,False,False,1751925379.8232613,656819.1783428192
76918,1751924723.004323,1751925177.7793615,batch_consumer-sts-1_20250707_215313_291890.csv,True,False,False,1751925379.8232613,656818.9382553101
76928,1751924723.0045574,1751925177.8062682,batch_consumer-sts-1_20250707_215313_291890.csv,True,False,False,1751925379.8232613,656818.7038898468
76938,1751924723.004791,1751925177.8330944,batch_consumer-sts-1_20250707_215313_291890.csv,True,False,False,1751925379.8232613,656818.4702396393
76948,1751924723.0050173,1751925177.860438,batch_consumer-sts-1_20250707_215313_291890.csv,True,False,False,1751925379.8232613,656818.2439804077
76958,1751924723.0052466,1751925177.8872952,batch_consumer-sts-1_20250707_215313_291890.csv,True,False,False,1751925379.8232613,656818.0146217346
76968,1751924723.0054653,1751925177.91343,batch_consumer-sts-1_20250707_215313_291890.csv,True,False,False,1751925379.8232613,656817.7959918976
76978,1751924723.005646,1751925177.9400077,batch_consumer-sts-1_20250707_215313_291890.csv,True,False,False,1751925379.8232613,656817.6152706146
76988,1751924723.0058224,1751925177.9672167,batch_consumer-sts-1_20250707_215313_291890.csv,True,False,False,1751925379.8232613,656817.4388408661
76998,1751924723.0060012,1751925177.9937224,batch_consumer-sts-1_20250707_215313_291890.csv,True,False,False,1751925379.8232613,656817.2600269318
77008,1751924723.006207,1751925178.0197525,batch_consumer-sts-1_20250707_215313_291890.csv,True,False,False,1751925379.8232613,656817.054271698
77018,1751924723.0064387,1751925178.0453658,batch_consumer-sts-1_20250707_215313_291890.csv,True,False,False,1751925379.8232613,656816.8225288391
77028,1751924723.006673,1751925178.5853844,batch_consumer-sts-1_20250707_215313_291890.csv,True,False,False,1751925379.8232613,656816.5881633759
77038,1751924723.0069077,1751925178.611895,batch_consumer-sts-1_20250707_215313_291890.csv,True,False,False,1751925379.8232613,656816.353559494
77048,1751924723.0071418,1751925178.6391578,batch_consumer-sts-1_20250707_215313_291890.csv,True,False,False,1751925379.8232613,656816.1194324493
77058,1751924723.0073795,1751925178.6666465,batch_consumer-sts-1_20250707_215313_291890.csv,True,False,False,1751925379.8232613,656815.881729126
77068,1751924723.0075953,1751925178.6946027,batch_consumer-sts-1_20250707_215313_291890.csv,True,False,False,1751925379.8232613,656815.6659603119
77078,1751924723.0077944,1751925178.721051,batch_consumer-sts-1_20250707_215313_291890.csv,True,False,False,1751925379.8232613,656815.4668807983
77088,1751924723.0080216,1751925178.7481787,batch_consumer-sts-1_20250707_215313_291890.csv,True,False,False,1751925379.8232613,656815.2396678925
77098,1751924723.0082688,1751925178.7753105,batch_consumer-sts-1_20250707_215313_291890.csv,True,False,False,1751925379.8232613,656814.9924278259
77108,1751924723.008499,1751925178.8022995,batch_consumer-sts-1_20250707_215313_291890.csv,True,False,False,1751925379.8232613,656814.7623538971
77118,1751924723.0087345,1751925178.8291287,batch_consumer-sts-1_20250707_215313_291890.csv,True,False,False,1751925379.8232613,656814.526796341
77128,1751924723.0089655,1751925178.8558445,batch_consumer-sts-1_20250707_215313_291890.csv,True,False,False,1751925379.8232613,656814.2957687378
77138,1751924723.0091977,1751925178.8846908,batch_consumer-sts-1_20250707_215313_291890.csv,True,False,False,1751925379.8232613,656814.0635490417
77148,1751924723.0094216,1751925178.911246,batch_consumer-sts-1_20250707_215313_291890.csv,True,False,False,1751925379.8232613,656813.839673996
77158,1751924723.0096517,1751925178.9417725,batch_consumer-sts-1_20250707_215313_291890.csv,True,False,False,1751925379.8232613,656813.6096000671
77168,1751924723.009882,1751925178.967342,batch_consumer-sts-1_20250707_215313_291890.csv,True,False,False,1751925379.8232613,656813.3792877197
77178,1751924723.010113,1751925178.9937382,batch_consumer-sts-1_20250707_215313_291890.csv,True,False,False,1751925379.8232613,656813.1482601166
77188,1751924723.0103607,1751925179.0199115,batch_consumer-sts-1_20250707_215313_291890.csv,True,False,False,1751925379.8232613,656812.9005432129
77198,1751924723.0105977,1751925179.0514934,batch_consumer-sts-1_20250707_215313_291890.csv,True,False,False,1751925379.8232613,656812.6635551453
77208,1751924723.0108328,1751925179.080785,batch_consumer-sts-1_20250707_215313_291890.csv,True,False,False,1751925379.8232613,656812.4284744263
77218,1751924723.011058,1751925179.1079206,batch_consumer-sts-1_20250707_215313_291890.csv,True,False,False,1751925379.8232613,656812.203168869
77228,1751924723.0113122,1751925179.1363206,batch_consumer-sts-1_20250707_215313_291890.csv,True,False,False,1751925379.8232613,656811.9490146637
77238,1751924723.0115416,1751925179.1632645,batch_consumer-sts-1_20250707_215313_291890.csv,True,False,False,1751925379.8232613,656811.7196559906
77248,1751924723.0117736,1751925179.1910117,batch_consumer-sts-1_20250707_215313_291890.csv,True,False,False,1751925379.8232613,656811.4876747131
77258,1751924723.0120068,1751925179.2191904,batch_consumer-sts-1_20250707_215313_291890.csv,True,False,False,1751925379.8232613,656811.2545013428
77268,1751924723.0122304,1751925180.2497416,batch_consumer-sts-1_20250707_215313_291890.csv,True,False,False,1751925379.8232613,656811.0308647156
77278,1751924723.012467,1751925180.2769473,batch_consumer-sts-1_20250707_215313_291890.csv,True,False,False,1751925379.8232613,656810.7943534851
77288,1751924723.012701,1751925180.3047404,batch_consumer-sts-1_20250707_215313_291890.csv,True,False,False,1751925379.8232613,656810.5602264404
77298,1751924723.0129335,1751925180.3305666,batch_consumer-sts-1_20250707_215313_291890.csv,True,False,False,1751925379.8232613,656810.3277683258
77308,1751924723.013164,1751925180.357132,batch_consumer-sts-1_20250707_215313_291890.csv,True,False,False,1751925379.8232613,656810.0972175598
77318,1751924723.0133958,1751925180.3845296,batch_consumer-sts-1_20250707_215313_291890.csv,True,False,False,1751925379.8232613,656809.8654747009
77328,1751924723.0136285,1751925180.411433,batch_consumer-sts-1_20250707_215313_291890.csv,True,False,False,1751925379.8232613,656809.6327781677
77338,1751924723.0138588,1751925180.439175,batch_consumer-sts-1_20250707_215313_291890.csv,True,False,False,1751925379.8232613,656809.4024658203
77348,1751924723.014089,1751925180.466272,batch_consumer-sts-1_20250707_215313_291890.csv,True,False,False,1751925379.8232613,656809.1721534729
77358,1751924723.0143209,1751925180.4938743,batch_consumer-sts-1_20250707_215313_291890.csv,True,False,False,1751925379.8232613,656808.940410614
77368,1751924723.014547,1751925180.5200644,batch_consumer-sts-1_20250707_215313_291890.csv,True,False,False,1751925379.8232613,656808.7141513824
77378,1751924723.0147786,1751925180.5471246,batch_consumer-sts-1_20250707_215313_291890.csv,True,False,False,1751925379.8232613,656808.4826469421
77388,1751924723.0150037,1751925180.573816,batch_consumer-sts-1_20250707_215313_291890.csv,True,False,False,1751925379.8232613,656808.2575798035
77398,1751924723.015236,1751925180.6031814,batch_consumer-sts-1_20250707_215313_291890.csv,True,False,False,1751925379.8232613,656808.0253601074
77408,1751924723.0154707,1751925180.858455,batch_consumer-sts-1_20250707_215313_291890.csv,True,False,False,1751925379.8232613,656807.790517807
77418,1751924723.015692,1751925180.8850646,batch_consumer-sts-1_20250707_215313_291890.csv,True,False,False,1751925379.8232613,656807.5692653656
77428,1751924723.0159252,1751925180.9113698,batch_consumer-sts-1_20250707_215313_291890.csv,True,False,False,1751925379.8232613,656807.3360919952
77438,1751924723.0161505,1751925180.9378903,batch_consumer-sts-1_20250707_215313_291890.csv,True,False,False,1751925379.8232613,656807.110786438
77448,1751924723.0163794,1751925180.964826,batch_consumer-sts-1_20250707_215313_291890.csv,True,False,False,1751925379.8232613,656806.881904602
77458,1751924723.016611,1751925180.991806,batch_consumer-sts-1_20250707_215313_291890.csv,True,False,False,1751925379.8232613,656806.6501617432
77468,1751924723.0168433,1751925181.0186465,batch_consumer-sts-1_20250707_215313_291890.csv,True,False,False,1751925379.8232613,656806.4179420471
77478,1751924723.017074,1751925181.047216,batch_consumer-sts-1_20250707_215313_291890.csv,True,False,False,1751925379.8232613,656806.1871528625
77488,1751924723.0172946,1751925181.074597,batch_consumer-sts-1_20250707_215313_291890.csv,True,False,False,1751925379.8232613,656805.9666156769
77498,1751924723.0175335,1751925181.104453,batch_consumer-sts-1_20250707_215313_291890.csv,True,False,False,1751925379.8232613,656805.7277202606
77508,1751924723.0177543,1751925181.131437,batch_consumer-sts-1_20250707_215313_291890.csv,True,False,False,1751925379.8232613,656805.5069446564
77518,1751924723.0179842,1751925181.1586237,batch_consumer-sts-1_20250707_215313_291890.csv,True,False,False,1751925379.8232613,656805.2771091461
77528,1751924723.018222,1751925181.1861317,batch_consumer-sts-1_20250707_215313_291890.csv,True,False,False,1751925379.8232613,656805.0391674042
77538,1751924723.0184562,1751925181.2133994,batch_consumer-sts-1_20250707_215313_291890.csv,True,False,False,1751925379.8232613,656804.8050403595
77548,1751924723.0186925,1751925181.24106,batch_consumer-sts-1_20250707_215313_291890.csv,True,False,False,1751925379.8232613,656804.5687675476
77558,1751924723.018925,1751925181.268128,batch_consumer-sts-1_20250707_215313_291890.csv,True,False,False,1751925379.8232613,656804.336309433
77568,1751924723.0191522,1751925181.2956808,batch_consumer-sts-1_20250707_215313_291890.csv,True,False,False,1751925379.8232613,656804.1090965271
77578,1751924723.0193844,1751925181.3219972,batch_consumer-sts-1_20250707_215313_291890.csv,True,False,False,1751925379.8232613,656803.876876831
77588,1751924723.0196073,1751925181.3516765,batch_consumer-sts-1_20250707_215313_291890.csv,True,False,False,1751925379.8232613,656803.6539554596
77598,1751924723.0198405,1751925181.3779123,batch_consumer-sts-1_20250707_215313_291890.csv,True,False,False,1751925379.8232613,656803.4207820892
77608,1751924723.020067,1751925181.4046214,batch_consumer-sts-1_20250707_215313_291890.csv,True,False,False,1751925379.8232613,656803.1942844391
77618,1751924723.0203218,1751925181.43142,batch_consumer-sts-1_20250707_215313_291890.csv,True,False,False,1751925379.8232613,656802.939414978
77628,1751924723.0205314,1751925181.4586308,batch_consumer-sts-1_20250707_215313_291890.csv,True,False,False,1751925379.8232613,656802.729845047
77638,1751924723.020745,1751925181.4855576,batch_consumer-sts-1_20250707_215313_291890.csv,True,False,False,1751925379.8232613,656802.5162220001
77648,1751924723.020958,1751925181.5118437,batch_consumer-sts-1_20250707_215313_291890.csv,True,False,False,1751925379.8232613,656802.303314209
77658,1751924723.0211675,1751925181.5388477,batch_consumer-sts-1_20250707_215313_291890.csv,True,False,False,1751925379.8232613,656802.093744278
77668,1751924723.0213788,1751925181.5661516,batch_consumer-sts-1_20250707_215313_291890.csv,True,False,False,1751925379.8232613,656801.8825054169
77678,1751924723.021589,1751925181.5939808,batch_consumer-sts-1_20250707_215313_291890.csv,True,False,False,1751925379.8232613,656801.6722202301
77688,1751924723.0217955,1751925181.620162,batch_consumer-sts-1_20250707_215313_291890.csv,True,False,False,1751925379.8232613,656801.4657497406
77698,1751924723.0219789,1751925181.6471753,batch_consumer-sts-1_20250707_215313_291890.csv,True,False,False,1751925379.8232613,656801.2824058533
77708,1751924723.022174,1751925181.6745307,batch_consumer-sts-1_20250707_215313_291890.csv,True,False,False,1751925379.8232613,656801.0873794556
77718,1751924723.0224173,1751925181.702923,batch_consumer-sts-1_20250707_215313_291890.csv,True,False,False,1751925379.8232613,656800.8439540863
77728,1751924723.022648,1751925181.73026,batch_consumer-sts-1_20250707_215313_291890.csv,True,False,False,1751925379.8232613,656800.6131649017
77738,1751924723.0228703,1751925181.7571256,batch_consumer-sts-1_20250707_215313_291890.csv,True,False,False,1751925379.8232613,656800.390958786
77748,1751924723.023096,1751925181.783711,batch_consumer-sts-1_20250707_215313_291890.csv,True,False,False,1751925379.8232613,656800.1651763916
77758,1751924723.0233214,1751925181.810525,batch_consumer-sts-1_20250707_215313_291890.csv,True,False,False,1751925379.8232613,656799.9398708344
77768,1751924723.0235305,1751925181.8373013,batch_consumer-sts-1_20250707_215313_291890.csv,True,False,False,1751925379.8232613,656799.7307777405
77778,1751924723.0237122,1751925181.860286,batch_consumer-sts-1_20250707_215313_291890.csv,True,False,False,1751925379.8232613,656799.5491027832
77788,1751924723.0238948,1751925181.8872116,batch_consumer-sts-1_20250707_215313_291890.csv,True,False,False,1751925379.8232613,656799.3664741516
77798,1751924723.0240796,1751925181.9140644,batch_consumer-sts-1_20250707_215313_291890.csv,True,False,False,1751925379.8232613,656799.1816997528
77808,1751924723.0242622,1751925181.9405851,batch_consumer-sts-1_20250707_215313_291890.csv,True,False,False,1751925379.8232613,656798.9990711212
77818,1751924723.0244396,1751925181.967096,batch_consumer-sts-1_20250707_215313_291890.csv,True,False,False,1751925379.8232613,656798.8216876984
77828,1751924723.0246189,1751925181.9934533,batch_consumer-sts-1_20250707_215313_291890.csv,True,False,False,1751925379.8232613,656798.6423969269
77838,1751924723.0247998,1751925182.0194082,batch_consumer-sts-1_20250707_215313_291890.csv,True,False,False,1751925379.8232613,656798.4614372253
77848,1751924723.0249803,1751925182.0501664,batch_consumer-sts-1_20250707_215313_291890.csv,True,False,False,1751925379.8232613,656798.280954361
77858,1751924723.025156,1751925182.07657,batch_consumer-sts-1_20250707_215313_291890.csv,True,False,False,1751925379.8232613,656798.1052398682
77868,1751924723.0253315,1751925182.1035335,batch_consumer-sts-1_20250707_215313_291890.csv,True,False,False,1751925379.8232613,656797.929763794
77878,1751924723.0255103,1751925182.130187,batch_consumer-sts-1_20250707_215313_291890.csv,True,False,False,1751925379.8232613,656797.7509498596
77888,1751924723.0256906,1751925182.16321,batch_consumer-sts-1_20250707_215313_291890.csv,True,False,False,1751925379.8232613,656797.5707054138
77898,1751924723.0258703,1751925182.1940062,batch_consumer-sts-1_20250707_215313_291890.csv,True,False,False,1751925379.8232613,656797.3909378052
77908,1751924723.0260515,1751925182.220166,batch_consumer-sts-1_20250707_215313_291890.csv,True,False,False,1751925379.8232613,656797.2097396851
77918,1751924723.0262718,1751925182.251407,batch_consumer-sts-1_20250707_215313_291890.csv,True,False,False,1751925379.8232613,656796.989440918
77928,1751924723.0265243,1751925182.279256,batch_consumer-sts-1_20250707_215313_291890.csv,True,False,False,1751925379.8232613,656796.7369556427
77938,1751924723.026757,1751925182.30628,batch_consumer-sts-1_20250707_215313_291890.csv,True,False,False,1751925379.8232613,656796.5042591095
77948,1751924723.0269988,1751925182.3336897,batch_consumer-sts-1_20250707_215313_291890.csv,True,False,False,1751925379.8232613,656796.2625026703
77958,1751924723.027232,1751925182.3606305,batch_consumer-sts-1_20250707_215313_291890.csv,True,False,False,1751925379.8232613,656796.0293292999
77968,1751924723.0274637,1751925182.3883402,batch_consumer-sts-1_20250707_215313_291890.csv,True,False,False,1751925379.8232613,656795.797586441
77978,1751924723.0276508,1751925182.4158366,batch_consumer-sts-1_20250707_215313_291890.csv,True,False,False,1751925379.8232613,656795.6104278564
77988,1751924723.0278738,1751925182.4421682,batch_consumer-sts-1_20250707_215313_291890.csv,True,False,False,1751925379.8232613,656795.387506485
77998,1751924723.0281117,1751925182.4687517,batch_consumer-sts-1_20250707_215313_291890.csv,True,False,False,1751925379.8232613,656795.149564743
78008,1751924723.0283394,1751925182.4954145,batch_consumer-sts-1_20250707_215313_291890.csv,True,False,False,1751925379.8232613,656794.921875
78018,1751924723.0285723,1751925182.5214868,batch_consumer-sts-1_20250707_215313_291890.csv,True,False,False,1751925379.8232613,656794.6889400482
78028,1751924723.0287988,1751925182.5481577,batch_consumer-sts-1_20250707_215313_291890.csv,True,False,False,1751925379.8232613,656794.4624423981
78038,1751924723.0290203,1751925182.5752716,batch_consumer-sts-1_20250707_215313_291890.csv,True,False,False,1751925379.8232613,656794.2409515381
78048,1751924723.0292556,1751925182.6017303,batch_consumer-sts-1_20250707_215313_291890.csv,True,False,False,1751925379.8232613,656794.0056324005
78058,1751924723.029487,1751925182.6289496,batch_consumer-sts-1_20250707_215313_291890.csv,True,False,False,1751925379.8232613,656793.7743663788
78068,1751924723.0297165,1751925182.6573963,batch_consumer-sts-1_20250707_215313_291890.csv,True,False,False,1751925379.8232613,656793.5447692871
78078,1751924723.0299473,1751925182.6837575,batch_consumer-sts-1_20250707_215313_291890.csv,True,False,False,1751925379.8232613,656793.3139801025
78088,1751924723.030187,1751925182.7106774,batch_consumer-sts-1_20250707_215313_291890.csv,True,False,False,1751925379.8232613,656793.0743694305
78098,1751924723.0304153,1751925182.7379034,batch_consumer-sts-1_20250707_215313_291890.csv,True,False,False,1751925379.8232613,656792.8459644318
78108,1751924723.0306509,1751925182.7653167,batch_consumer-sts-1_20250707_215313_291890.csv,True,False,False,1751925379.8232613,656792.6104068756
78118,1751924723.030879,1751925182.7893767,batch_consumer-sts-1_20250707_215313_291890.csv,True,False,False,1751925379.8232613,656792.3822402954
78128,1751924723.0311096,1751925182.8160765,batch_consumer-sts-1_20250707_215313_291890.csv,True,False,False,1751925379.8232613,656792.1516895294
78138,1751924723.031332,1751925182.843015,batch_consumer-sts-1_20250707_215313_291890.csv,True,False,False,1751925379.8232613,656791.9292449951
78148,1751924723.0315614,1751925182.8700452,batch_consumer-sts-1_20250707_215313_291890.csv,True,False,False,1751925379.8232613,656791.699886322
78158,1751924723.0317955,1751925182.8973937,batch_consumer-sts-1_20250707_215313_291890.csv,True,False,False,1751925379.8232613,656791.4657592773
78168,1751924723.0320294,1751925182.9241948,batch_consumer-sts-1_20250707_215313_291890.csv,True,False,False,1751925379.8232613,656791.2318706512
78178,1751924723.0322616,1751925182.951148,batch_consumer-sts-1_20250707_215313_291890.csv,True,False,False,1751925379.8232613,656790.9996509552
78188,1751924723.0324895,1751925182.977455,batch_consumer-sts-1_20250707_215313_291890.csv,True,False,False,1751925379.8232613,656790.7717227936
78198,1751924723.0327232,1751925183.0035572,batch_consumer-sts-1_20250707_215313_291890.csv,True,False,False,1751925379.8232613,656790.5380725861
78208,1751924723.03296,1751925183.0313628,batch_consumer-sts-1_20250707_215313_291890.csv,True,False,False,1751925379.8232613,656790.301322937
78218,1751924723.0331883,1751925183.0578957,batch_consumer-sts-1_20250707_215313_291890.csv,True,False,False,1751925379.8232613,656790.0729179382
78228,1751924723.0334144,1751925183.084496,batch_consumer-sts-1_20250707_215313_291890.csv,True,False,False,1751925379.8232613,656789.8468971252
78238,1751924723.033649,1751925183.1106777,batch_consumer-sts-1_20250707_215313_291890.csv,True,False,False,1751925379.8232613,656789.6122932434
78248,1751924723.0338776,1751925183.137287,batch_consumer-sts-1_20250707_215313_291890.csv,True,False,False,1751925379.8232613,656789.383649826
78258,1751924723.0341036,1751925183.1643162,batch_consumer-sts-1_20250707_215313_291890.csv,True,False,False,1751925379.8232613,656789.1576290131
78268,1751924723.0343432,1751925183.5358925,batch_consumer-sts-1_20250707_215313_291890.csv,True,False,False,1751925379.8232613,656788.9180183411
78278,1751924723.0345774,1751925183.5631535,batch_consumer-sts-1_20250707_215313_291890.csv,True,False,False,1751925379.8232613,656788.6838912964
78288,1751924723.0348053,1751925183.5902402,batch_consumer-sts-1_20250707_215313_291890.csv,True,False,False,1751925379.8232613,656788.4559631348
78298,1751924723.0350456,1751925183.6170497,batch_consumer-sts-1_20250707_215313_291890.csv,True,False,False,1751925379.8232613,656788.215637207
78308,1751924723.0352778,1751925183.644688,batch_consumer-sts-1_20250707_215313_291890.csv,True,False,False,1751925379.8232613,656787.983417511
78318,1751924723.0355067,1751925183.672142,batch_consumer-sts-1_20250707_215313_291890.csv,True,False,False,1751925379.8232613,656787.754535675
78328,1751924723.0357385,1751925183.6987357,batch_consumer-sts-1_20250707_215313_291890.csv,True,False,False,1751925379.8232613,656787.5227928162
78338,1751924723.035969,1751925183.7253237,batch_consumer-sts-1_20250707_215313_291890.csv,True,False,False,1751925379.8232613,656787.2922420502
78348,1751924723.0361946,1751925183.751908,batch_consumer-sts-1_20250707_215313_291890.csv,True,False,False,1751925379.8232613,656787.0666980743
78358,1751924723.036425,1751925183.778861,batch_consumer-sts-1_20250707_215313_291890.csv,True,False,False,1751925379.8232613,656786.8361473083
78368,1751924723.0366597,1751925183.805547,batch_consumer-sts-1_20250707_215313_291890.csv,True,False,False,1751925379.8232613,656786.6015434265
78378,1751924723.0368888,1751925183.8319335,batch_consumer-sts-1_20250707_215313_291890.csv,True,False,False,1751925379.8232613,656786.372423172
78388,1751924723.037119,1751925183.8587005,batch_consumer-sts-1_20250707_215313_291890.csv,True,False,False,1751925379.8232613,656786.1423492432
78398,1751924723.0373464,1751925183.885189,batch_consumer-sts-1_20250707_215313_291890.csv,True,False,False,1751925379.8232613,656785.9148979187
78408,1751924723.0375698,1751925183.9113698,batch_consumer-sts-1_20250707_215313_291890.csv,True,False,False,1751925379.8232613,656785.6914997101
78418,1751924723.0378108,1751925183.9377463,batch_consumer-sts-1_20250707_215313_291890.csv,True,False,False,1751925379.8232613,656785.4504585266
78428,1751924723.0380423,1751925183.9635203,batch_consumer-sts-1_20250707_215313_291890.csv,True,False,False,1751925379.8232613,656785.2189540863
78438,1751924723.0382817,1751925183.9899192,batch_consumer-sts-1_20250707_215313_291890.csv,True,False,False,1751925379.8232613,656784.9795818329
78448,1751924723.0385091,1751925184.014747,batch_consumer-sts-1_20250707_215313_291890.csv,True,False,False,1751925379.8232613,656784.7521305084
78458,1751924723.0387454,1751925184.0431454,batch_consumer-sts-1_20250707_215313_291890.csv,True,False,False,1751925379.8232613,656784.5158576965
78468,1751924723.0389676,1751925184.070609,batch_consumer-sts-1_20250707_215313_291890.csv,True,False,False,1751925379.8232613,656784.2936515808
78478,1751924723.0391996,1751925184.097859,batch_consumer-sts-1_20250707_215313_291890.csv,True,False,False,1751925379.8232613,656784.0616703033
78488,1751924723.03944,1751925184.1260116,batch_consumer-sts-1_20250707_215313_291890.csv,True,False,False,1751925379.8232613,656783.8213443756
78498,1751924723.039666,1751925184.1531367,batch_consumer-sts-1_20250707_215313_291890.csv,True,False,False,1751925379.8232613,656783.5953235626
78508,1751924723.0398536,1751925184.180283,batch_consumer-sts-1_20250707_215313_291890.csv,True,False,False,1751925379.8232613,656783.4076881409
78518,1751924723.04004,1751925184.2074492,batch_consumer-sts-1_20250707_215313_291890.csv,True,False,False,1751925379.8232613,656783.221244812
78528,1751924723.0402665,1751925184.2342508,batch_consumer-sts-1_20250707_215313_291890.csv,True,False,False,1751925379.8232613,656782.9947471619
78538,1751924723.0404785,1751925184.261174,batch_consumer-sts-1_20250707_215313_291890.csv,True,False,False,1751925379.8232613,656782.782793045
78548,1751924723.0406945,1751925184.2886806,batch_consumer-sts-1_20250707_215313_291890.csv,True,False,False,1751925379.8232613,656782.5667858124
78558,1751924723.0408905,1751925184.3144417,batch_consumer-sts-1_20250707_215313_291890.csv,True,False,False,1751925379.8232613,656782.3708057404
78568,1751924723.041077,1751925184.3414805,batch_consumer-sts-1_20250707_215313_291890.csv,True,False,False,1751925379.8232613,656782.1843624115
78578,1751924723.0412662,1751925184.368521,batch_consumer-sts-1_20250707_215313_291890.csv,True,False,False,1751925379.8232613,656781.9950580597
78588,1751924723.0414567,1751925184.395565,batch_consumer-sts-1_20250707_215313_291890.csv,True,False,False,1751925379.8232613,656781.804561615
78598,1751924723.041647,1751925184.4219391,batch_consumer-sts-1_20250707_215313_291890.csv,True,False,False,1751925379.8232613,656781.6143035889
78608,1751924723.0418406,1751925184.449225,batch_consumer-sts-1_20250707_215313_291890.csv,True,False,False,1751925379.8232613,656781.4207077026
78618,1751924723.0420532,1751925184.4759347,batch_consumer-sts-1_20250707_215313_291890.csv,True,False,False,1751925379.8232613,656781.2080383301
78628,1751924723.042277,1751925184.50287,batch_consumer-sts-1_20250707_215313_291890.csv,True,False,False,1751925379.8232613,656780.9841632843
78638,1751924723.0425043,1751925184.5284104,batch_consumer-sts-1_20250707_215313_291890.csv,True,False,False,1751925379.8232613,656780.7569503784
78648,1751924723.042739,1751925184.5555868,batch_consumer-sts-1_20250707_215313_291890.csv,True,False,False,1751925379.8232613,656780.5223464966
78658,1751924723.0429738,1751925184.5824037,batch_consumer-sts-1_20250707_215313_291890.csv,True,False,False,1751925379.8232613,656780.2875041962
78668,1751924723.0432014,1751925185.6106887,batch_consumer-sts-1_20250707_215313_291890.csv,True,False,False,1751925379.8232613,656780.0598144531
78678,1751924723.043451,1751925185.6382442,batch_consumer-sts-1_20250707_215313_291890.csv,True,False,False,1751925379.8232613,656779.8101902008
78688,1751924723.0436337,1751925185.6649776,batch_consumer-sts-1_20250707_215313_291890.csv,True,False,False,1751925379.8232613,656779.6275615692
78698,1751924723.0438342,1751925185.6921222,batch_consumer-sts-1_20250707_215313_291890.csv,True,False,False,1751925379.8232613,656779.4270515442
78708,1751924723.044022,1751925185.718507,batch_consumer-sts-1_20250707_215313_291890.csv,True,False,False,1751925379.8232613,656779.2391777039
78718,1751924723.044208,1751925185.7822573,batch_consumer-sts-1_20250707_215313_291890.csv,True,False,False,1751925379.8232613,656779.0532112122
78728,1751924723.0444176,1751925185.8085997,batch_consumer-sts-1_20250707_215313_291890.csv,True,False,False,1751925379.8232613,656778.8436412811
78738,1751924723.0446343,1751925185.835264,batch_consumer-sts-1_20250707_215313_291890.csv,True,False,False,1751925379.8232613,656778.6269187927
78748,1751924723.0448482,1751925185.8620477,batch_consumer-sts-1_20250707_215313_291890.csv,True,False,False,1751925379.8232613,656778.4130573273
78758,1751924723.0450602,1751925185.8886936,batch_consumer-sts-1_20250707_215313_291890.csv,True,False,False,1751925379.8232613,656778.2011032104
78768,1751924723.045297,1751925185.915105,batch_consumer-sts-1_20250707_215313_291890.csv,True,False,False,1751925379.8232613,656777.9643535614
78778,1751924723.0455282,1751925185.9418616,batch_consumer-sts-1_20250707_215313_291890.csv,True,False,False,1751925379.8232613,656777.7330875397
78788,1751924723.0457592,1751925185.968752,batch_consumer-sts-1_20250707_215313_291890.csv,True,False,False,1751925379.8232613,656777.5020599365
78798,1751924723.0459845,1751925185.995417,batch_consumer-sts-1_20250707_215313_291890.csv,True,False,False,1751925379.8232613,656777.2767543793
78808,1751924723.0462162,1751925186.0216875,batch_consumer-sts-1_20250707_215313_291890.csv,True,False,False,1751925379.8232613,656777.0450115204
78818,1751924723.04644,1751925186.047921,batch_consumer-sts-1_20250707_215313_291890.csv,True,False,False,1751925379.8232613,656776.8213748932
78828,1751924723.046667,1751925186.0748982,batch_consumer-sts-1_20250707_215313_291890.csv,True,False,False,1751925379.8232613,656776.5941619873
78838,1751924723.046901,1751925186.1020052,batch_consumer-sts-1_20250707_215313_291890.csv,True,False,False,1751925379.8232613,656776.3602733612
78848,1751924723.047136,1751925186.1287315,batch_consumer-sts-1_20250707_215313_291890.csv,True,False,False,1751925379.8232613,656776.1251926422
78858,1751924723.0473697,1751925186.3274004,batch_consumer-sts-1_20250707_215313_291890.csv,True,False,False,1751925379.8232613,656775.8915424347
78868,1751924723.0476,1751925186.3545232,batch_consumer-sts-1_20250707_215313_291890.csv,True,False,False,1751925379.8232613,656775.6612300873
78878,1751924723.0478354,1751925186.3811128,batch_consumer-sts-1_20250707_215313_291890.csv,True,False,False,1751925379.8232613,656775.4259109497
78888,1751924723.0480688,1751925186.407937,batch_consumer-sts-1_20250707_215313_291890.csv,True,False,False,1751925379.8232613,656775.1924991608
78898,1751924723.0482965,1751925186.4349878,batch_consumer-sts-1_20250707_215313_291890.csv,True,False,False,1751925379.8232613,656774.9648094177
78908,1751924723.0485218,1751925186.462512,batch_consumer-sts-1_20250707_215313_291890.csv,True,False,False,1751925379.8232613,656774.7395038605
78918,1751924723.048756,1751925186.4893253,batch_consumer-sts-1_20250707_215313_291890.csv,True,False,False,1751925379.8232613,656774.5053768158
78928,1751924723.048988,1751925186.515549,batch_consumer-sts-1_20250707_215313_291890.csv,True,False,False,1751925379.8232613,656774.2731571198
78938,1751924723.0492225,1751925186.5431197,batch_consumer-sts-1_20250707_215313_291890.csv,True,False,False,1751925379.8232613,656774.0387916565
78948,1751924723.0494533,1751925186.570033,batch_consumer-sts-1_20250707_215313_291890.csv,True,False,False,1751925379.8232613,656773.8080024719
78958,1751924723.0496836,1751925186.5968363,batch_consumer-sts-1_20250707_215313_291890.csv,True,False,False,1751925379.8232613,656773.5776901245
78968,1751924723.0499122,1751925186.6220975,batch_consumer-sts-1_20250707_215313_291890.csv,True,False,False,1751925379.8232613,656773.3490467072
78978,1751924723.0501387,1751925186.6488948,batch_consumer-sts-1_20250707_215313_291890.csv,True,False,False,1751925379.8232613,656773.122549057
78988,1751924723.0503714,1751925186.6759431,batch_consumer-sts-1_20250707_215313_291890.csv,True,False,False,1751925379.8232613,656772.8898525238
78998,1751924723.0506055,1751925186.7030663,batch_consumer-sts-1_20250707_215313_291890.csv,True,False,False,1751925379.8232613,656772.6557254791
79008,1751924723.0508342,1751925186.729464,batch_consumer-sts-1_20250707_215313_291890.csv,True,False,False,1751925379.8232613,656772.4270820618
79018,1751924723.051077,1751925186.7561035,batch_consumer-sts-1_20250707_215313_291890.csv,True,False,False,1751925379.8232613,656772.1843719482
79028,1751924723.0513065,1751925186.7831123,batch_consumer-sts-1_20250707_215313_291890.csv,True,False,False,1751925379.8232613,656771.9547748566
79038,1751924723.0515306,1751925186.8096924,batch_consumer-sts-1_20250707_215313_291890.csv,True,False,False,1751925379.8232613,656771.7306613922
79048,1751924723.0517535,1751925186.8355968,batch_consumer-sts-1_20250707_215313_291890.csv,True,False,False,1751925379.8232613,656771.5077400208
79058,1751924723.051976,1751925186.8635373,batch_consumer-sts-1_20250707_215313_291890.csv,True,False,False,1751925379.8232613,656771.2852954865
79068,1751924723.052203,1751925186.8901107,batch_consumer-sts-1_20250707_215313_291890.csv,True,False,False,1751925379.8232613,656771.0583209991
79078,1751924723.0524406,1751925186.9160528,batch_consumer-sts-1_20250707_215313_291890.csv,True,False,False,1751925379.8232613,656770.8206176758
79088,1751924723.052668,1751925186.9426942,batch_consumer-sts-1_20250707_215313_291890.csv,True,False,False,1751925379.8232613,656770.5931663513
79098,1751924723.052896,1751925186.969214,batch_consumer-sts-1_20250707_215313_291890.csv,True,False,False,1751925379.8232613,656770.3652381897
79108,1751924723.0531185,1751925186.9959476,batch_consumer-sts-1_20250707_215313_291890.csv,True,False,False,1751925379.8232613,656770.1427936554
79118,1751924723.0533566,1751925187.021844,batch_consumer-sts-1_20250707_215313_291890.csv,True,False,False,1751925379.8232613,656769.9046134949
79128,1751924723.053587,1751925187.0483117,batch_consumer-sts-1_20250707_215313_291890.csv,True,False,False,1751925379.8232613,656769.6743011475
79138,1751924723.0538132,1751925187.074654,batch_consumer-sts-1_20250707_215313_291890.csv,True,False,False,1751925379.8232613,656769.4480419159
79148,1751924723.054045,1751925187.1018417,batch_consumer-sts-1_20250707_215313_291890.csv,True,False,False,1751925379.8232613,656769.216299057
79158,1751924723.0542786,1751925187.128517,batch_consumer-sts-1_20250707_215313_291890.csv,True,False,False,1751925379.8232613,656768.9826488495
79168,1751924723.054501,1751925187.1552556,batch_consumer-sts-1_20250707_215313_291890.csv,True,False,False,1751925379.8232613,656768.7602043152
79178,1751924723.0547323,1751925187.1815102,batch_consumer-sts-1_20250707_215313_291890.csv,True,False,False,1751925379.8232613,656768.5289382935
79188,1751924723.0549529,1751925187.207857,batch_consumer-sts-1_20250707_215313_291890.csv,True,False,False,1751925379.8232613,656768.3084011078
79198,1751924723.055189,1751925187.230981,batch_consumer-sts-1_20250707_215313_291890.csv,True,False,False,1751925379.8232613,656768.0723667145
79208,1751924723.0554175,1751925187.258005,batch_consumer-sts-1_20250707_215313_291890.csv,True,False,False,1751925379.8232613,656767.8437232971
79218,1751924723.0556505,1751925187.2852452,batch_consumer-sts-1_20250707_215313_291890.csv,True,False,False,1751925379.8232613,656767.6107883453
79228,1751924723.0558777,1751925187.3118024,batch_consumer-sts-1_20250707_215313_291890.csv,True,False,False,1751925379.8232613,656767.3835754395
79238,1751924723.0561054,1751925187.3388472,batch_consumer-sts-1_20250707_215313_291890.csv,True,False,False,1751925379.8232613,656767.1558856964
79248,1751924723.0563352,1751925187.3659103,batch_consumer-sts-1_20250707_215313_291890.csv,True,False,False,1751925379.8232613,656766.9260501862
79258,1751924723.0565886,1751925187.3929343,batch_consumer-sts-1_20250707_215313_291890.csv,True,False,False,1751925379.8232613,656766.6726112366
79268,1751924723.0567784,1751925187.419524,batch_consumer-sts-1_20250707_215313_291890.csv,True,False,False,1751925379.8232613,656766.4828300476
79278,1751924723.0569615,1751925187.4463696,batch_consumer-sts-1_20250707_215313_291890.csv,True,False,False,1751925379.8232613,656766.2997245789
79288,1751924723.0571425,1751925187.4728792,batch_consumer-sts-1_20250707_215313_291890.csv,True,False,False,1751925379.8232613,656766.1187648773
79298,1751924723.0573215,1751925187.4998095,batch_consumer-sts-1_20250707_215313_291890.csv,True,False,False,1751925379.8232613,656765.9397125244
79308,1751924723.0575008,1751925187.5265846,batch_consumer-sts-1_20250707_215313_291890.csv,True,False,False,1751925379.8232613,656765.7604217529
79318,1751924723.057705,1751925187.553923,batch_consumer-sts-1_20250707_215313_291890.csv,True,False,False,1751925379.8232613,656765.5563354492
79328,1751924723.057891,1751925187.580633,batch_consumer-sts-1_20250707_215313_291890.csv,True,False,False,1751925379.8232613,656765.3703689575
79338,1751924723.0580726,1751925187.6075635,batch_consumer-sts-1_20250707_215313_291890.csv,True,False,False,1751925379.8232613,656765.1886940002
79348,1751924723.0583022,1751925187.6347182,batch_consumer-sts-1_20250707_215313_291890.csv,True,False,False,1751925379.8232613,656764.9590969086
79358,1751924723.0585392,1751925187.6622586,batch_consumer-sts-1_20250707_215313_291890.csv,True,False,False,1751925379.8232613,656764.722108841
79368,1751924723.058768,1751925187.6891997,batch_consumer-sts-1_20250707_215313_291890.csv,True,False,False,1751925379.8232613,656764.493227005
79378,1751924723.0589995,1751925187.715196,batch_consumer-sts-1_20250707_215313_291890.csv,True,False,False,1751925379.8232613,656764.2617225647
79388,1751924723.0592346,1751925187.7419534,batch_consumer-sts-1_20250707_215313_291890.csv,True,False,False,1751925379.8232613,656764.0266418457
79398,1751924723.059474,1751925187.768834,batch_consumer-sts-1_20250707_215313_291890.csv,True,False,False,1751925379.8232613,656763.7872695923
79408,1751924723.059651,1751925187.79537,batch_consumer-sts-1_20250707_215313_291890.csv,True,False,False,1751925379.8232613,656763.6103630066
79418,1751924723.0598311,1751925187.8212557,batch_consumer-sts-1_20250707_215313_291890.csv,True,False,False,1751925379.8232613,656763.4301185608
79428,1751924723.0600135,1751925187.8478787,batch_consumer-sts-1_20250707_215313_291890.csv,True,False,False,1751925379.8232613,656763.2477283478
79438,1751924723.0601916,1751925187.8742218,batch_consumer-sts-1_20250707_215313_291890.csv,True,False,False,1751925379.8232613,656763.0696296692
79448,1751924723.060369,1751925187.9006364,batch_consumer-sts-1_20250707_215313_291890.csv,True,False,False,1751925379.8232613,656762.8922462463
79458,1751924723.0605476,1751925187.9267027,batch_consumer-sts-1_20250707_215313_291890.csv,True,False,False,1751925379.8232613,656762.7136707306
79468,1751924723.060728,1751925187.9538343,batch_consumer-sts-1_20250707_215313_291890.csv,True,False,False,1751925379.8232613,656762.5331878662
79478,1751924723.0609107,1751925187.9758515,batch_consumer-sts-1_20250707_215313_291890.csv,True,False,False,1751925379.8232613,656762.3505592346
79488,1751924723.0610874,1751925188.003129,batch_consumer-sts-1_20250707_215313_291890.csv,True,False,False,1751925379.8232613,656762.1738910675
79498,1751924723.0612712,1751925188.031452,batch_consumer-sts-1_20250707_215313_291890.csv,True,False,False,1751925379.8232613,656761.990070343
79508,1751924723.0614505,1751925188.0583775,batch_consumer-sts-1_20250707_215313_291890.csv,True,False,False,1751925379.8232613,656761.8107795715
79518,1751924723.0616322,1751925188.0854971,batch_consumer-sts-1_20250707_215313_291890.csv,True,False,False,1751925379.8232613,656761.6291046143
79528,1751924723.0618093,1751925188.11225,batch_consumer-sts-1_20250707_215313_291890.csv,True,False,False,1751925379.8232613,656761.45195961
79538,1751924723.0619872,1751925188.1391768,batch_consumer-sts-1_20250707_215313_291890.csv,True,False,False,1751925379.8232613,656761.27409935
79548,1751924723.0621698,1751925188.1659646,batch_consumer-sts-1_20250707_215313_291890.csv,True,False,False,1751925379.8232613,656761.0914707184
79558,1751924723.0624084,1751925188.1924653,batch_consumer-sts-1_20250707_215313_291890.csv,True,False,False,1751925379.8232613,656760.8528137207
79568,1751924723.0626402,1751925188.2187538,batch_consumer-sts-1_20250707_215313_291890.csv,True,False,False,1751925379.8232613,656760.6210708618
79578,1751924723.0628726,1751925188.2478082,batch_consumer-sts-1_20250707_215313_291890.csv,True,False,False,1751925379.8232613,656760.3886127472
79588,1751924723.0631063,1751925188.2745016,batch_consumer-sts-1_20250707_215313_291890.csv,True,False,False,1751925379.8232613,656760.1549625397
79598,1751924723.0633385,1751925188.3013935,batch_consumer-sts-1_20250707_215313_291890.csv,True,False,False,1751925379.8232613,656759.9227428436
79608,1751924723.0635717,1751925188.4912336,batch_consumer-sts-1_20250707_215313_291890.csv,True,False,False,1751925379.8232613,656759.6895694733
79618,1751924723.0637963,1751925188.517448,batch_consumer-sts-1_20250707_215313_291890.csv,True,False,False,1751925379.8232613,656759.4649791718
79628,1751924723.0640328,1751925188.544196,batch_consumer-sts-1_20250707_215313_291890.csv,True,False,False,1751925379.8232613,656759.2284679413
79638,1751924723.0642643,1751925188.5709069,batch_consumer-sts-1_20250707_215313_291890.csv,True,False,False,1751925379.8232613,656758.996963501
79648,1751924723.0645008,1751925188.597613,batch_consumer-sts-1_20250707_215313_291890.csv,True,False,False,1751925379.8232613,656758.7604522705
79658,1751924723.06473,1751925188.6242497,batch_consumer-sts-1_20250707_215313_291890.csv,True,False,False,1751925379.8232613,656758.531332016
79668,1751924723.064963,1751925188.65124,batch_consumer-sts-1_20250707_215313_291890.csv,True,False,False,1751925379.8232613,656758.2981586456
79678,1751924723.0651882,1751925188.6783493,batch_consumer-sts-1_20250707_215313_291890.csv,True,False,False,1751925379.8232613,656758.073091507
79688,1751924723.0654094,1751925188.7048476,batch_consumer-sts-1_20250707_215313_291890.csv,True,False,False,1751925379.8232613,656757.8518390656
79698,1751924723.0656383,1751925188.7309532,batch_consumer-sts-1_20250707_215313_291890.csv,True,False,False,1751925379.8232613,656757.6229572296
79708,1751924723.0658734,1751925188.7577002,batch_consumer-sts-1_20250707_215313_291890.csv,True,False,False,1751925379.8232613,656757.3878765106
79718,1751924723.0661116,1751925188.7850647,batch_consumer-sts-1_20250707_215313_291890.csv,True,False,False,1751925379.8232613,656757.1496963501
79728,1751924723.0663464,1751925188.8115492,batch_consumer-sts-1_20250707_215313_291890.csv,True,False,False,1751925379.8232613,656756.9148540497
79738,1751924723.0665815,1751925188.8387654,batch_consumer-sts-1_20250707_215313_291890.csv,True,False,False,1751925379.8232613,656756.6797733307
81558,1751924723.1068656,1751925188.8646092,batch_consumer-sts-1_20250707_215313_291890.csv,True,False,False,1751925379.8232613,656716.3956165314
81568,1751924723.1070983,1751925188.8916636,batch_consumer-sts-1_20250707_215313_291890.csv,True,False,False,1751925379.8232613,656716.1629199982
81578,1751924723.1073308,1751925188.9181623,batch_consumer-sts-1_20250707_215313_291890.csv,True,False,False,1751925379.8232613,656715.9304618835
81588,1751924723.1075633,1751925188.9451833,batch_consumer-sts-1_20250707_215313_291890.csv,True,False,False,1751925379.8232613,656715.6980037689
81598,1751924723.107799,1751925188.9719288,batch_consumer-sts-1_20250707_215313_291890.csv,True,False,False,1751925379.8232613,656715.4622077942
81608,1751924723.108026,1751925188.998778,batch_consumer-sts-1_20250707_215313_291890.csv,True,False,False,1751925379.8232613,656715.2352333069
81618,1751924723.1082609,1751925189.028093,batch_consumer-sts-1_20250707_215313_291890.csv,True,False,False,1751925379.8232613,656715.0003910065
81628,1751924723.1084936,1751925189.0550911,batch_consumer-sts-1_20250707_215313_291890.csv,True,False,False,1751925379.8232613,656714.7676944733
81638,1751924723.1087208,1751925189.0819435,batch_consumer-sts-1_20250707_215313_291890.csv,True,False,False,1751925379.8232613,656714.5404815674
81648,1751924723.1089678,1751925189.1089969,batch_consumer-sts-1_20250707_215313_291890.csv,True,False,False,1751925379.8232613,656714.2934799194
81658,1751924723.1091447,1751925189.1394567,batch_consumer-sts-1_20250707_215313_291890.csv,True,False,False,1751925379.8232613,656714.1165733337
81668,1751924723.1093233,1751925189.1664822,batch_consumer-sts-1_20250707_215313_291890.csv,True,False,False,1751925379.8232613,656713.937997818
81678,1751924723.1095057,1751925189.1933846,batch_consumer-sts-1_20250707_215313_291890.csv,True,False,False,1751925379.8232613,656713.755607605
81688,1751924723.1096816,1751925189.2202344,batch_consumer-sts-1_20250707_215313_291890.csv,True,False,False,1751925379.8232613,656713.5796546936
81698,1751924723.109857,1751925189.247111,batch_consumer-sts-1_20250707_215313_291890.csv,True,False,False,1751925379.8232613,656713.4041786194
81708,1751924723.1100323,1751925189.2739515,batch_consumer-sts-1_20250707_215313_291890.csv,True,False,False,1751925379.8232613,656713.2289409637
81718,1751924723.110242,1751925189.302338,batch_consumer-sts-1_20250707_215313_291890.csv,True,False,False,1751925379.8232613,656713.0193710327
81728,1751924723.1104724,1751925189.3288794,batch_consumer-sts-1_20250707_215313_291890.csv,True,False,False,1751925379.8232613,656712.7888202667
81738,1751924723.110698,1751925189.35546,batch_consumer-sts-1_20250707_215313_291890.csv,True,False,False,1751925379.8232613,656712.5632762909
81748,1751924723.110932,1751925189.3823595,batch_consumer-sts-1_20250707_215313_291890.csv,True,False,False,1751925379.8232613,656712.3291492462
81758,1751924723.111164,1751925189.408981,batch_consumer-sts-1_20250707_215313_291890.csv,True,False,False,1751925379.8232613,656712.0971679688
81768,1751924723.1114058,1751925189.4360044,batch_consumer-sts-1_20250707_215313_291890.csv,True,False,False,1751925379.8232613,656711.8554115295
81778,1751924723.1115935,1751925189.4627984,batch_consumer-sts-1_20250707_215313_291890.csv,True,False,False,1751925379.8232613,656711.6677761078
81788,1751924723.111782,1751925189.489491,batch_consumer-sts-1_20250707_215313_291890.csv,True,False,False,1751925379.8232613,656711.4791870117
81798,1751924723.1119711,1751925189.5158994,batch_consumer-sts-1_20250707_215313_291890.csv,True,False,False,1751925379.8232613,656711.2901210785
81808,1751924723.1121616,1751925189.542727,batch_consumer-sts-1_20250707_215313_291890.csv,True,False,False,1751925379.8232613,656711.0996246338
81818,1751924723.1123471,1751925189.56893,batch_consumer-sts-1_20250707_215313_291890.csv,True,False,False,1751925379.8232613,656710.9141349792
81828,1751924723.1125462,1751925189.5959728,batch_consumer-sts-1_20250707_215313_291890.csv,True,False,False,1751925379.8232613,656710.7150554657
81838,1751924723.1127317,1751925189.6224744,batch_consumer-sts-1_20250707_215313_291890.csv,True,False,False,1751925379.8232613,656710.5295658112
81848,1751924723.112913,1751925189.648796,batch_consumer-sts-1_20250707_215313_291890.csv,True,False,False,1751925379.8232613,656710.348367691
81858,1751924723.1130896,1751925189.6758776,batch_consumer-sts-1_20250707_215313_291890.csv,True,False,False,1751925379.8232613,656710.1716995239
81868,1751924723.1132786,1751925189.7029474,batch_consumer-sts-1_20250707_215313_291890.csv,True,False,False,1751925379.8232613,656709.9826335907
81878,1751924723.113462,1751925190.730722,batch_consumer-sts-1_20250707_215313_291890.csv,True,False,False,1751925379.8232613,656709.7992897034
81888,1751924723.1136465,1751925190.7566462,batch_consumer-sts-1_20250707_215313_291890.csv,True,False,False,1751925379.8232613,656709.6147537231
81898,1751924723.1138248,1751925190.7835882,batch_consumer-sts-1_20250707_215313_291890.csv,True,False,False,1751925379.8232613,656709.436416626
81908,1751924723.1140025,1751925190.8097034,batch_consumer-sts-1_20250707_215313_291890.csv,True,False,False,1751925379.8232613,656709.2587947845
81918,1751924723.114211,1751925190.8365574,batch_consumer-sts-1_20250707_215313_291890.csv,True,False,False,1751925379.8232613,656709.0501785278
81928,1751924723.1144445,1751925190.8637767,batch_consumer-sts-1_20250707_215313_291890.csv,True,False,False,1751925379.8232613,656708.8167667389
81938,1751924723.1146748,1751925190.9242754,batch_consumer-sts-1_20250707_215313_291890.csv,True,False,False,1751925379.8232613,656708.5864543915
81948,1751924723.1149063,1751925191.3085902,batch_consumer-sts-1_20250707_215313_291890.csv,True,False,False,1751925379.8232613,656708.3549499512
81958,1751924723.1151369,1751925191.3352406,batch_consumer-sts-1_20250707_215313_291890.csv,True,False,False,1751925379.8232613,656708.1243991852
81968,1751924723.1153667,1751925191.361932,batch_consumer-sts-1_20250707_215313_291890.csv,True,False,False,1751925379.8232613,656707.8945636749
81978,1751924723.115599,1751925191.389089,batch_consumer-sts-1_20250707_215313_291890.csv,True,False,False,1751925379.8232613,656707.6623439789
81988,1751924723.115825,1751925191.415548,batch_consumer-sts-1_20250707_215313_291890.csv,True,False,False,1751925379.8232613,656707.4363231659
81998,1751924723.116058,1751925191.4426565,batch_consumer-sts-1_20250707_215313_291890.csv,True,False,False,1751925379.8232613,656707.2031497955
82008,1751924723.11629,1751925191.4684412,batch_consumer-sts-1_20250707_215313_291890.csv,True,False,False,1751925379.8232613,656706.9711685181
82018,1751924723.1165173,1751925191.4951873,batch_consumer-sts-1_20250707_215313_291890.csv,True,False,False,1751925379.8232613,656706.7439556122
82028,1751924723.116747,1751925191.5216596,batch_consumer-sts-1_20250707_215313_291890.csv,True,False,False,1751925379.8232613,656706.5143585205
82038,1751924723.116974,1751925191.5478752,batch_consumer-sts-1_20250707_215313_291890.csv,True,False,False,1751925379.8232613,656706.2871456146
82048,1751924723.1171978,1751925191.574921,batch_consumer-sts-1_20250707_215313_291890.csv,True,False,False,1751925379.8232613,656706.0635089874
82058,1751924723.11742,1751925191.6020982,batch_consumer-sts-1_20250707_215313_291890.csv,True,False,False,1751925379.8232613,656705.8413028717
82068,1751924723.1176507,1751925191.629086,batch_consumer-sts-1_20250707_215313_291890.csv,True,False,False,1751925379.8232613,656705.6105136871
82078,1751924723.117879,1751925191.6558282,batch_consumer-sts-1_20250707_215313_291890.csv,True,False,False,1751925379.8232613,656705.3823471069
82088,1751924723.1181052,1751925191.6824698,batch_consumer-sts-1_20250707_215313_291890.csv,True,False,False,1751925379.8232613,656705.1560878754
82098,1751924723.1183648,1751925191.708177,batch_consumer-sts-1_20250707_215313_291890.csv,True,False,False,1751925379.8232613,656704.8964500427
82108,1751924723.118602,1751925191.739904,batch_consumer-sts-1_20250707_215313_291890.csv,True,False,False,1751925379.8232613,656704.6592235565
82118,1751924723.1188347,1751925191.767056,batch_consumer-sts-1_20250707_215313_291890.csv,True,False,False,1751925379.8232613,656704.4265270233
82128,1751924723.119069,1751925191.7942252,batch_consumer-sts-1_20250707_215313_291890.csv,True,False,False,1751925379.8232613,656704.1921615601
82138,1751924723.1192956,1751925191.8202095,batch_consumer-sts-1_20250707_215313_291890.csv,True,False,False,1751925379.8232613,656703.9656639099
82148,1751924723.1195266,1751925191.8472068,batch_consumer-sts-1_20250707_215313_291890.csv,True,False,False,1751925379.8232613,656703.7346363068
82158,1751924723.119761,1751925191.8740375,batch_consumer-sts-1_20250707_215313_291890.csv,True,False,False,1751925379.8232613,656703.5002708435
82168,1751924723.119989,1751925191.9010286,batch_consumer-sts-1_20250707_215313_291890.csv,True,False,False,1751925379.8232613,656703.2723426819
82178,1751924723.1202185,1751925191.9309266,batch_consumer-sts-1_20250707_215313_291890.csv,True,False,False,1751925379.8232613,656703.0427455902
82188,1751924723.1204438,1751925191.957547,batch_consumer-sts-1_20250707_215313_291890.csv,True,False,False,1751925379.8232613,656702.817440033
82198,1751924723.120676,1751925191.9840767,batch_consumer-sts-1_20250707_215313_291890.csv,True,False,False,1751925379.8232613,656702.5852203369
82208,1751924723.1209033,1751925192.010203,batch_consumer-sts-1_20250707_215313_291890.csv,True,False,False,1751925379.8232613,656702.358007431
82218,1751924723.1211278,1751925192.0370743,batch_consumer-sts-1_20250707_215313_291890.csv,True,False,False,1751925379.8232613,656702.1334171295
82228,1751924723.1213562,1751925192.063762,batch_consumer-sts-1_20250707_215313_291890.csv,True,False,False,1751925379.8232613,656701.9050121307
82238,1751924723.1215818,1751925192.0904768,batch_consumer-sts-1_20250707_215313_291890.csv,True,False,False,1751925379.8232613,656701.6794681549
82248,1751924723.1218183,1751925192.1166832,batch_consumer-sts-1_20250707_215313_291890.csv,True,False,False,1751925379.8232613,656701.4429569244
82258,1751924723.122048,1751925192.1424422,batch_consumer-sts-1_20250707_215313_291890.csv,True,False,False,1751925379.8232613,656701.2133598328
82268,1751924723.1222842,1751925192.1738367,batch_consumer-sts-1_20250707_215313_291890.csv,True,False,False,1751925379.8232613,656700.9770870209
82278,1751924723.1225154,1751925192.2007794,batch_consumer-sts-1_20250707_215313_291890.csv,True,False,False,1751925379.8232613,656700.7458209991
82288,1751924723.1227477,1751925192.227897,batch_consumer-sts-1_20250707_215313_291890.csv,True,False,False,1751925379.8232613,656700.5136013031
82298,1751924723.1229796,1751925192.2567282,batch_consumer-sts-1_20250707_215313_291890.csv,True,False,False,1751925379.8232613,656700.2816200256
82308,1751924723.1232016,1751925192.2827935,batch_consumer-sts-1_20250707_215313_291890.csv,True,False,False,1751925379.8232613,656700.0596523285
82318,1751924723.1234355,1751925192.3094215,batch_consumer-sts-1_20250707_215313_291890.csv,True,False,False,1751925379.8232613,656699.8257637024
82328,1751924723.123667,1751925192.3362496,batch_consumer-sts-1_20250707_215313_291890.csv,True,False,False,1751925379.8232613,656699.5942592621
82338,1751924723.1238942,1751925192.363163,batch_consumer-sts-1_20250707_215313_291890.csv,True,False,False,1751925379.8232613,656699.3670463562
82348,1751924723.1241293,1751925192.390046,batch_consumer-sts-1_20250707_215313_291890.csv,True,False,False,1751925379.8232613,656699.1319656372
82358,1751924723.1243577,1751925192.4162383,batch_consumer-sts-1_20250707_215313_291890.csv,True,False,False,1751925379.8232613,656698.9035606384
82368,1751924723.1245916,1751925192.4433982,batch_consumer-sts-1_20250707_215313_291890.csv,True,False,False,1751925379.8232613,656698.6696720123
82378,1751924723.124818,1751925192.4702866,batch_consumer-sts-1_20250707_215313_291890.csv,True,False,False,1751925379.8232613,656698.4431743622
82388,1751924723.1250489,1751925192.5003345,batch_consumer-sts-1_20250707_215313_291890.csv,True,False,False,1751925379.8232613,656698.2123851776
82398,1751924723.1252775,1751925192.527356,batch_consumer-sts-1_20250707_215313_291890.csv,True,False,False,1751925379.8232613,656697.9837417603
82408,1751924723.1255004,1751925192.554337,batch_consumer-sts-1_20250707_215313_291890.csv,True,False,False,1751925379.8232613,656697.7608203888
82418,1751924723.1257298,1751925192.581077,batch_consumer-sts-1_20250707_215313_291890.csv,True,False,False,1751925379.8232613,656697.5314617157
82428,1751924723.125955,1751925192.609336,batch_consumer-sts-1_20250707_215313_291890.csv,True,False,False,1751925379.8232613,656697.3061561584
82438,1751924723.1261885,1751925192.6464343,batch_consumer-sts-1_20250707_215313_291890.csv,True,False,False,1751925379.8232613,656697.0727443695
82448,1751924723.126424,1751925192.672994,batch_consumer-sts-1_20250707_215313_291890.csv,True,False,False,1751925379.8232613,656696.8371868134
82458,1751924723.126657,1751925192.6998467,batch_consumer-sts-1_20250707_215313_291890.csv,True,False,False,1751925379.8232613,656696.6042518616
82468,1751924723.1268904,1751925192.725489,batch_consumer-sts-1_20250707_215313_291890.csv,True,False,False,1751925379.8232613,656696.3708400726
82478,1751924723.127127,1751925192.7528417,batch_consumer-sts-1_20250707_215313_291890.csv,True,False,False,1751925379.8232613,656696.1343288422
82488,1751924723.127373,1751925192.779707,batch_consumer-sts-1_20250707_215313_291890.csv,True,False,False,1751925379.8232613,656695.8882808685
82498,1751924723.127557,1751925192.8056347,batch_consumer-sts-1_20250707_215313_291890.csv,True,False,False,1751925379.8232613,656695.7042217255
82508,1751924723.127742,1751925192.832364,batch_consumer-sts-1_20250707_215313_291890.csv,True,False,False,1751925379.8232613,656695.5192089081
82518,1751924723.1279235,1751925192.859403,batch_consumer-sts-1_20250707_215313_291890.csv,True,False,False,1751925379.8232613,656695.3377723694
82528,1751924723.128101,1751925192.8864572,batch_consumer-sts-1_20250707_215313_291890.csv,True,False,False,1751925379.8232613,656695.160150528
82538,1751924723.1282828,1751925192.912999,batch_consumer-sts-1_20250707_215313_291890.csv,True,False,False,1751925379.8232613,656694.9784755707
82548,1751924723.1284618,1751925192.940241,batch_consumer-sts-1_20250707_215313_291890.csv,True,False,False,1751925379.8232613,656694.7994232178
82558,1751924723.1286645,1751925192.9674475,batch_consumer-sts-1_20250707_215313_291890.csv,True,False,False,1751925379.8232613,656694.5967674255
82568,1751924723.128858,1751925192.994335,batch_consumer-sts-1_20250707_215313_291890.csv,True,False,False,1751925379.8232613,656694.4031715393
82578,1751924723.1290452,1751925193.0203156,batch_consumer-sts-1_20250707_215313_291890.csv,True,False,False,1751925379.8232613,656694.2160129547
82588,1751924723.1292298,1751925193.0475476,batch_consumer-sts-1_20250707_215313_291890.csv,True,False,False,1751925379.8232613,656694.0314769745
82598,1751924723.1294217,1751925193.0745258,batch_consumer-sts-1_20250707_215313_291890.csv,True,False,False,1751925379.8232613,656693.8395500183
82608,1751924723.1296053,1751925193.1012063,batch_consumer-sts-1_20250707_215313_291890.csv,True,False,False,1751925379.8232613,656693.6559677124
82618,1751924723.1298044,1751925193.128362,batch_consumer-sts-1_20250707_215313_291890.csv,True,False,False,1751925379.8232613,656693.4568881989
82628,1751924723.129981,1751925193.1554213,batch_consumer-sts-1_20250707_215313_291890.csv,True,False,False,1751925379.8232613,656693.2802200317
82638,1751924723.1301658,1751925193.1822758,batch_consumer-sts-1_20250707_215313_291890.csv,True,False,False,1751925379.8232613,656693.0954456329
82648,1751924723.130412,1751925193.208557,batch_consumer-sts-1_20250707_215313_291890.csv,True,False,False,1751925379.8232613,656692.8491592407
82658,1751924723.1306367,1751925193.2354307,batch_consumer-sts-1_20250707_215313_291890.csv,True,False,False,1751925379.8232613,656692.6245689392
82668,1751924723.130865,1751925193.2621737,batch_consumer-sts-1_20250707_215313_291890.csv,True,False,False,1751925379.8232613,656692.3961639404
82678,1751924723.1310892,1751925193.45954,batch_consumer-sts-1_20250707_215333_051428.csv,True,False,False,1751925379.8232613,656692.1720504761
82688,1751924723.131317,1751925193.9631426,batch_consumer-sts-1_20250707_215333_051428.csv,True,False,False,1751925379.8232613,656691.944360733
82698,1751924723.131554,1751925193.9898896,batch_consumer-sts-1_20250707_215333_051428.csv,True,False,False,1751925379.8232613,656691.7073726654
82708,1751924723.1317508,1751925194.0160837,batch_consumer-sts-1_20250707_215333_051428.csv,True,False,False,1751925379.8232613,656691.5104389191
82718,1751924723.1319616,1751925194.0428922,batch_consumer-sts-1_20250707_215333_051428.csv,True,False,False,1751925379.8232613,656691.2996768951
82728,1751924723.132201,1751925194.0697124,batch_consumer-sts-1_20250707_215333_051428.csv,True,False,False,1751925379.8232613,656691.0603046417
82738,1751924723.132432,1751925194.0967236,batch_consumer-sts-1_20250707_215333_051428.csv,True,False,False,1751925379.8232613,656690.8292770386
82748,1751924723.13266,1751925194.1228366,batch_consumer-sts-1_20250707_215333_051428.csv,True,False,False,1751925379.8232613,656690.601348877
82758,1751924723.132891,1751925194.149667,batch_consumer-sts-1_20250707_215333_051428.csv,True,False,False,1751925379.8232613,656690.3703212738
82768,1751924723.1331196,1751925194.1762755,batch_consumer-sts-1_20250707_215333_051428.csv,True,False,False,1751925379.8232613,656690.1416778564
82778,1751924723.133357,1751925194.2031772,batch_consumer-sts-1_20250707_215333_051428.csv,True,False,False,1751925379.8232613,656689.9042129517
82788,1751924723.13359,1751925194.230029,batch_consumer-sts-1_20250707_215333_051428.csv,True,False,False,1751925379.8232613,656689.6712779999
82798,1751924723.1340654,1751925194.2568176,batch_consumer-sts-1_20250707_215333_051428.csv,True,False,False,1751925379.8232613,656689.1958713531
82808,1751924723.134305,1751925194.2838297,batch_consumer-sts-1_20250707_215333_051428.csv,True,False,False,1751925379.8232613,656688.9562606812
82818,1751924723.134536,1751925194.3101008,batch_consumer-sts-1_20250707_215333_051428.csv,True,False,False,1751925379.8232613,656688.725233078
82828,1751924723.1347692,1751925194.3375862,batch_consumer-sts-1_20250707_215333_051428.csv,True,False,False,1751925379.8232613,656688.4920597076
82838,1751924723.135,1751925194.365369,batch_consumer-sts-1_20250707_215333_051428.csv,True,False,False,1751925379.8232613,656688.2612705231
82848,1751924723.1352303,1751925194.3923612,batch_consumer-sts-1_20250707_215333_051428.csv,True,False,False,1751925379.8232613,656688.0309581757
82858,1751924723.1354637,1751925194.419489,batch_consumer-sts-1_20250707_215333_051428.csv,True,False,False,1751925379.8232613,656687.7975463867
82868,1751924723.1356914,1751925194.446529,batch_consumer-sts-1_20250707_215333_051428.csv,True,False,False,1751925379.8232613,656687.5698566437
82878,1751924723.1359153,1751925194.4786277,batch_consumer-sts-1_20250707_215333_051428.csv,True,False,False,1751925379.8232613,656687.3459815979
82888,1751924723.13615,1751925194.5056562,batch_consumer-sts-1_20250707_215333_051428.csv,True,False,False,1751925379.8232613,656687.1113777161
82898,1751924723.1363838,1751925194.5325744,batch_consumer-sts-1_20250707_215333_051428.csv,True,False,False,1751925379.8232613,656686.87748909
82908,1751924723.1366186,1751925194.559506,batch_consumer-sts-1_20250707_215333_051428.csv,True,False,False,1751925379.8232613,656686.6426467896
82918,1751924723.136852,1751925194.5863752,batch_consumer-sts-1_20250707_215333_051428.csv,True,False,False,1751925379.8232613,656686.4092350006
82928,1751924723.1370804,1751925194.6126738,batch_consumer-sts-1_20250707_215333_051428.csv,True,False,False,1751925379.8232613,656686.1808300018
82938,1751924723.1373134,1751925194.6393497,batch_consumer-sts-1_20250707_215333_051428.csv,True,False,False,1751925379.8232613,656685.94789505
82948,1751924723.1375413,1751925194.666407,batch_consumer-sts-1_20250707_215333_051428.csv,True,False,False,1751925379.8232613,656685.7199668884
82958,1751924723.1377697,1751925194.6932943,batch_consumer-sts-1_20250707_215333_051428.csv,True,False,False,1751925379.8232613,656685.4915618896
82968,1751924723.1380098,1751925194.7198665,batch_consumer-sts-1_20250707_215333_051428.csv,True,False,False,1751925379.8232613,656685.2514743805
82978,1751924723.1382422,1751925194.746869,batch_consumer-sts-1_20250707_215333_051428.csv,True,False,False,1751925379.8232613,656685.0190162659
82988,1751924723.138474,1751925194.773693,batch_consumer-sts-1_20250707_215333_051428.csv,True,False,False,1751925379.8232613,656684.787273407
82998,1751924723.1387053,1751925194.799562,batch_consumer-sts-1_20250707_215333_051428.csv,True,False,False,1751925379.8232613,656684.5560073853
83008,1751924723.1389337,1751925194.8263693,batch_consumer-sts-1_20250707_215333_051428.csv,True,False,False,1751925379.8232613,656684.3276023865
83018,1751924723.139165,1751925194.8538918,batch_consumer-sts-1_20250707_215333_051428.csv,True,False,False,1751925379.8232613,656684.0963363647
83028,1751924723.1393917,1751925194.8813577,batch_consumer-sts-1_20250707_215333_051428.csv,True,False,False,1751925379.8232613,656683.869600296
83038,1751924723.139634,1751925194.9080868,batch_consumer-sts-1_20250707_215333_051428.csv,True,False,False,1751925379.8232613,656683.6273670197
83048,1751924723.1398654,1751925194.9347403,batch_consumer-sts-1_20250707_215333_051428.csv,True,False,False,1751925379.8232613,656683.3958625793
83058,1751924723.1400893,1751925194.9648485,batch_consumer-sts-1_20250707_215333_051428.csv,True,False,False,1751925379.8232613,656683.1719875336
83068,1751924723.140321,1751925194.9921498,batch_consumer-sts-1_20250707_215333_051428.csv,True,False,False,1751925379.8232613,656682.9402446747
83078,1751924723.1405473,1751925196.020316,batch_consumer-sts-1_20250707_215333_051428.csv,True,False,False,1751925379.8232613,656682.7139854431
83088,1751924723.140782,1751925196.4919417,batch_consumer-sts-1_20250707_215333_051428.csv,True,False,False,1751925379.8232613,656682.4791431427
83098,1751924723.1410072,1751925196.518124,batch_consumer-sts-1_20250707_215333_051428.csv,True,False,False,1751925379.8232613,656682.254076004
83108,1751924723.1412373,1751925196.5444171,batch_consumer-sts-1_20250707_215333_051428.csv,True,False,False,1751925379.8232613,656682.0240020752
83118,1751924723.1414726,1751925196.5712874,batch_consumer-sts-1_20250707_215333_051428.csv,True,False,False,1751925379.8232613,656681.7886829376
83128,1751924723.141704,1751925196.598097,batch_consumer-sts-1_20250707_215333_051428.csv,True,False,False,1751925379.8232613,656681.5571784973
83138,1751924723.1419358,1751925196.6252985,batch_consumer-sts-1_20250707_215333_051428.csv,True,False,False,1751925379.8232613,656681.3254356384
83148,1751924723.1421793,1751925196.6524546,batch_consumer-sts-1_20250707_215333_051428.csv,True,False,False,1751925379.8232613,656681.0820102692
83158,1751924723.142413,1751925196.6793766,batch_consumer-sts-1_20250707_215333_051428.csv,True,False,False,1751925379.8232613,656680.8483600616
83168,1751924723.1426432,1751925196.7062428,batch_consumer-sts-1_20250707_215333_051428.csv,True,False,False,1751925379.8232613,656680.6180477142
83178,1751924723.142874,1751925196.7368286,batch_consumer-sts-1_20250707_215333_051428.csv,True,False,False,1751925379.8232613,656680.3872585297
83188,1751924723.143109,1751925196.7627668,batch_consumer-sts-1_20250707_215333_051428.csv,True,False,False,1751925379.8232613,656680.1521778107
83198,1751924723.1433358,1751925196.7897618,batch_consumer-sts-1_20250707_215333_051428.csv,True,False,False,1751925379.8232613,656679.925441742
83208,1751924723.1435378,1751925196.8166945,batch_consumer-sts-1_20250707_215333_051428.csv,True,False,False,1751925379.8232613,656679.7235012054
83218,1751924723.1437058,1751925196.8436754,batch_consumer-sts-1_20250707_215333_051428.csv,True,False,False,1751925379.8232613,656679.5554161072
83228,1751924723.1438837,1751925196.8700705,batch_consumer-sts-1_20250707_215333_051428.csv,True,False,False,1751925379.8232613,656679.3775558472
83238,1751924723.1440656,1751925196.896819,batch_consumer-sts-1_20250707_215333_051428.csv,True,False,False,1751925379.8232613,656679.1956424713
83248,1751924723.144246,1751925196.9220967,batch_consumer-sts-1_20250707_215333_051428.csv,True,False,False,1751925379.8232613,656679.0151596069
83258,1751924723.144425,1751925196.9488258,batch_consumer-sts-1_20250707_215333_051428.csv,True,False,False,1751925379.8232613,656678.8363456726
83268,1751924723.1445994,1751925196.9753926,batch_consumer-sts-1_20250707_215333_051428.csv,True,False,False,1751925379.8232613,656678.6618232727
83278,1751924723.1447885,1751925197.002467,batch_consumer-sts-1_20250707_215333_051428.csv,True,False,False,1751925379.8232613,656678.4727573395
83288,1751924723.1449687,1751925197.0294638,batch_consumer-sts-1_20250707_215333_051428.csv,True,False,False,1751925379.8232613,656678.2925128937
83298,1751924723.145152,1751925197.0565965,batch_consumer-sts-1_20250707_215333_051428.csv,True,False,False,1751925379.8232613,656678.1091690063
83308,1751924723.1453369,1751925197.083842,batch_consumer-sts-1_20250707_215333_051428.csv,True,False,False,1751925379.8232613,656677.9243946075
83318,1751924723.1455188,1751925197.112128,batch_consumer-sts-1_20250707_215333_051428.csv,True,False,False,1751925379.8232613,656677.7424812317
83328,1751924723.1456988,1751925197.1388626,batch_consumer-sts-1_20250707_215333_051428.csv,True,False,False,1751925379.8232613,656677.5624752045
83338,1751924723.1458802,1751925197.1657493,batch_consumer-sts-1_20250707_215333_051428.csv,True,False,False,1751925379.8232613,656677.3810386658
83348,1751924723.146063,1751925197.1923957,batch_consumer-sts-1_20250707_215333_051428.csv,True,False,False,1751925379.8232613,656677.1981716156
83358,1751924723.146282,1751925197.2183616,batch_consumer-sts-1_20250707_215333_051428.csv,True,False,False,1751925379.8232613,656676.97930336
83368,1751924723.146515,1751925197.245157,batch_consumer-sts-1_20250707_215333_051428.csv,True,False,False,1751925379.8232613,656676.7463684082
83378,1751924723.146743,1751925197.2726402,batch_consumer-sts-1_20250707_215333_051428.csv,True,False,False,1751925379.8232613,656676.518201828
87068,1751924723.227284,1751925197.2999616,batch_consumer-sts-1_20250707_215333_051428.csv,True,False,False,1751925379.8232613,656595.977306366
87078,1751924723.227517,1751925197.3309612,batch_consumer-sts-1_20250707_215333_051428.csv,True,False,False,1751925379.8232613,656595.7443714142
87088,1751924723.2277484,1751925197.357814,batch_consumer-sts-1_20250707_215333_051428.csv,True,False,False,1751925379.8232613,656595.5128669739
87098,1751924723.2279828,1751925197.3853123,batch_consumer-sts-1_20250707_215333_051428.csv,True,False,False,1751925379.8232613,656595.2785015106
87108,1751924723.2282083,1751925197.4119887,batch_consumer-sts-1_20250707_215333_051428.csv,True,False,False,1751925379.8232613,656595.0529575348
87118,1751924723.228441,1751925197.4388964,batch_consumer-sts-1_20250707_215333_051428.csv,True,False,False,1751925379.8232613,656594.8202610016
87128,1751924723.228665,1751925197.4656522,batch_consumer-sts-1_20250707_215333_051428.csv,True,False,False,1751925379.8232613,656594.5961475372
87138,1751924723.2288868,1751925197.4928083,batch_consumer-sts-1_20250707_215333_051428.csv,True,False,False,1751925379.8232613,656594.3744182587
87148,1751924723.2291098,1751925197.519972,batch_consumer-sts-1_20250707_215333_051428.csv,True,False,False,1751925379.8232613,656594.1514968872
87158,1751924723.2293427,1751925197.5473106,batch_consumer-sts-1_20250707_215333_051428.csv,True,False,False,1751925379.8232613,656593.9185619354
87168,1751924723.2295704,1751925197.574425,batch_consumer-sts-1_20250707_215333_051428.csv,True,False,False,1751925379.8232613,656593.6908721924
87178,1751924723.2297995,1751925197.6015294,batch_consumer-sts-1_20250707_215333_051428.csv,True,False,False,1751925379.8232613,656593.4617519379
87188,1751924723.2300124,1751925197.629328,batch_consumer-sts-1_20250707_215333_051428.csv,True,False,False,1751925379.8232613,656593.2488441467
87198,1751924723.2302094,1751925197.657042,batch_consumer-sts-1_20250707_215333_051428.csv,True,False,False,1751925379.8232613,656593.0519104004
87208,1751924723.2304416,1751925197.684125,batch_consumer-sts-1_20250707_215333_051428.csv,True,False,False,1751925379.8232613,656592.8196907043
87218,1751924723.2306678,1751925197.710925,batch_consumer-sts-1_20250707_215333_051428.csv,True,False,False,1751925379.8232613,656592.5934314728
87228,1751924723.2309024,1751925197.737807,batch_consumer-sts-1_20250707_215333_051428.csv,True,False,False,1751925379.8232613,656592.358827591
87238,1751924723.2311363,1751925197.764836,batch_consumer-sts-1_20250707_215333_051428.csv,True,False,False,1751925379.8232613,656592.1249389648
87248,1751924723.2313654,1751925197.791393,batch_consumer-sts-1_20250707_215333_051428.csv,True,False,False,1751925379.8232613,656591.8958187103
87258,1751924723.231557,1751925197.8177032,batch_consumer-sts-1_20250707_215333_051428.csv,True,False,False,1751925379.8232613,656591.7043685913
87268,1751924723.2317362,1751925197.8446834,batch_consumer-sts-1_20250707_215333_051428.csv,True,False,False,1751925379.8232613,656591.5250778198
87278,1751924723.2319164,1751925197.8717732,batch_consumer-sts-1_20250707_215333_051428.csv,True,False,False,1751925379.8232613,656591.344833374
87288,1751924723.232097,1751925197.898508,batch_consumer-sts-1_20250707_215333_051428.csv,True,False,False,1751925379.8232613,656591.1643505096
87298,1751924723.2322738,1751925197.926341,batch_consumer-sts-1_20250707_215333_051428.csv,True,False,False,1751925379.8232613,656590.987443924
87308,1751924723.2324498,1751925197.9530566,batch_consumer-sts-1_20250707_215333_051428.csv,True,False,False,1751925379.8232613,656590.8114910126
87318,1751924723.23263,1751925197.979874,batch_consumer-sts-1_20250707_215333_051428.csv,True,False,False,1751925379.8232613,656590.6312465668
87328,1751924723.2328084,1751925198.006364,batch_consumer-sts-1_20250707_215333_051428.csv,True,False,False,1751925379.8232613,656590.4529094696
87338,1751924723.232984,1751925198.0344017,batch_consumer-sts-1_20250707_215333_051428.csv,True,False,False,1751925379.8232613,656590.2771949768
87348,1751924723.2331614,1751925198.0611205,batch_consumer-sts-1_20250707_215333_051428.csv,True,False,False,1751925379.8232613,656590.099811554
87358,1751924723.2333426,1751925198.087862,batch_consumer-sts-1_20250707_215333_051428.csv,True,False,False,1751925379.8232613,656589.9186134338
87368,1751924723.2335193,1751925198.1140714,batch_consumer-sts-1_20250707_215333_051428.csv,True,False,False,1751925379.8232613,656589.7419452667
87378,1751924723.2336988,1751925198.141227,batch_consumer-sts-1_20250707_215333_051428.csv,True,False,False,1751925379.8232613,656589.5624160767
87388,1751924723.2338774,1751925198.1679797,batch_consumer-sts-1_20250707_215333_051428.csv,True,False,False,1751925379.8232613,656589.3838405609
87398,1751924723.2340553,1751925198.1949563,batch_consumer-sts-1_20250707_215333_051428.csv,True,False,False,1751925379.8232613,656589.2059803009
87408,1751924723.2342646,1751925198.22128,batch_consumer-sts-1_20250707_215333_051428.csv,True,False,False,1751925379.8232613,656588.9966487885
87418,1751924723.2345026,1751925198.2482822,batch_consumer-sts-1_20250707_215333_051428.csv,True,False,False,1751925379.8232613,656588.7587070465
87428,1751924723.234728,1751925198.2756464,batch_consumer-sts-1_20250707_215333_051428.csv,True,False,False,1751925379.8232613,656588.5331630707
87438,1751924723.2349555,1751925198.3025002,batch_consumer-sts-1_20250707_215333_051428.csv,True,False,False,1751925379.8232613,656588.3057117462
87448,1751924723.235188,1751925198.329463,batch_consumer-sts-1_20250707_215333_051428.csv,True,False,False,1751925379.8232613,656588.0732536316
87458,1751924723.2354271,1751925198.3564346,batch_consumer-sts-1_20250707_215333_051428.csv,True,False,False,1751925379.8232613,656587.8341197968
87468,1751924723.235657,1751925198.38302,batch_consumer-sts-1_20250707_215333_051428.csv,True,False,False,1751925379.8232613,656587.6042842865
87478,1751924723.2359052,1751925198.4093351,batch_consumer-sts-1_20250707_215333_051428.csv,True,False,False,1751925379.8232613,656587.3560905457
87488,1751924723.2361352,1751925198.4362235,batch_consumer-sts-1_20250707_215333_051428.csv,True,False,False,1751925379.8232613,656587.1260166168
87498,1751924723.2363613,1751925198.4632027,batch_consumer-sts-1_20250707_215333_051428.csv,True,False,False,1751925379.8232613,656586.8999958038
87508,1751924723.2365906,1751925198.489978,batch_consumer-sts-1_20250707_215333_051428.csv,True,False,False,1751925379.8232613,656586.6706371307
87518,1751924723.2368164,1751925198.516356,batch_consumer-sts-1_20250707_215333_051428.csv,True,False,False,1751925379.8232613,656586.4448547363
87528,1751924723.237047,1751925198.5431142,batch_consumer-sts-1_20250707_215333_051428.csv,True,False,False,1751925379.8232613,656586.2143039703
87538,1751924723.237281,1751925198.7477298,batch_consumer-sts-1_20250707_215333_051428.csv,True,False,False,1751925379.8232613,656585.9801769257
87548,1751924723.2375157,1751925198.774708,batch_consumer-sts-1_20250707_215333_051428.csv,True,False,False,1751925379.8232613,656585.7455730438
87558,1751924723.237743,1751925198.800629,batch_consumer-sts-1_20250707_215333_051428.csv,True,False,False,1751925379.8232613,656585.5183601379
87568,1751924723.237972,1751925198.8274488,batch_consumer-sts-1_20250707_215333_051428.csv,True,False,False,1751925379.8232613,656585.2892398834
87578,1751924723.2382095,1751925198.8542912,batch_consumer-sts-1_20250707_215333_051428.csv,True,False,False,1751925379.8232613,656585.0517749786
87588,1751924723.2384386,1751925198.881383,batch_consumer-sts-1_20250707_215333_051428.csv,True,False,False,1751925379.8232613,656584.8226547241
87598,1751924723.2386672,1751925198.907765,batch_consumer-sts-1_20250707_215333_051428.csv,True,False,False,1751925379.8232613,656584.5940113068
87608,1751924723.2389064,1751925198.934749,batch_consumer-sts-1_20250707_215333_051428.csv,True,False,False,1751925379.8232613,656584.3548774719
87618,1751924723.2391355,1751925198.9617972,batch_consumer-sts-1_20250707_215333_051428.csv,True,False,False,1751925379.8232613,656584.1257572174
87628,1751924723.2393663,1751925198.9885094,batch_consumer-sts-1_20250707_215333_051428.csv,True,False,False,1751925379.8232613,656583.8949680328
87638,1751924723.2395911,1751925199.0147216,batch_consumer-sts-1_20250707_215333_051428.csv,True,False,False,1751925379.8232613,656583.6701393127
87648,1751924723.2398162,1751925199.0416806,batch_consumer-sts-1_20250707_215333_051428.csv,True,False,False,1751925379.8232613,656583.4450721741
87658,1751924723.2400444,1751925199.0678604,batch_consumer-sts-1_20250707_215333_051428.csv,True,False,False,1751925379.8232613,656583.2169055939
87668,1751924723.2402985,1751925199.094708,batch_consumer-sts-1_20250707_215333_051428.csv,True,False,False,1751925379.8232613,656582.9627513885
87678,1751924723.2405276,1751925199.1469307,batch_consumer-sts-1_20250707_215333_051428.csv,True,False,False,1751925379.8232613,656582.733631134
87688,1751924723.240759,1751925199.1737115,batch_consumer-sts-1_20250707_215333_051428.csv,True,False,False,1751925379.8232613,656582.5023651123
87698,1751924723.2409902,1751925199.1994004,batch_consumer-sts-1_20250707_215333_051428.csv,True,False,False,1751925379.8232613,656582.2710990906
87708,1751924723.2412198,1751925199.225684,batch_consumer-sts-1_20250707_215333_051428.csv,True,False,False,1751925379.8232613,656582.0415019989
87718,1751924723.2414532,1751925199.251553,batch_consumer-sts-1_20250707_215333_051428.csv,True,False,False,1751925379.8232613,656581.80809021
87728,1751924723.2416835,1751925199.2786553,batch_consumer-sts-1_20250707_215333_051428.csv,True,False,False,1751925379.8232613,656581.5777778625
87738,1751924723.241916,1751925199.3057325,batch_consumer-sts-1_20250707_215333_051428.csv,True,False,False,1751925379.8232613,656581.3453197479
87748,1751924723.24214,1751925199.3338594,batch_consumer-sts-1_20250707_215333_051428.csv,True,False,False,1751925379.8232613,656581.1212062836
87758,1751924723.2423792,1751925199.361681,batch_consumer-sts-1_20250707_215333_051428.csv,True,False,False,1751925379.8232613,656580.8820724487
87768,1751924723.2426145,1751925199.387521,batch_consumer-sts-1_20250707_215333_051428.csv,True,False,False,1751925379.8232613,656580.6467533112
87778,1751924723.2428403,1751925199.4139917,batch_consumer-sts-1_20250707_215333_051428.csv,True,False,False,1751925379.8232613,656580.4209709167
87788,1751924723.2430823,1751925199.440812,batch_consumer-sts-1_20250707_215333_051428.csv,True,False,False,1751925379.8232613,656580.178976059
87798,1751924723.243317,1751925199.4676,batch_consumer-sts-1_20250707_215333_051428.csv,True,False,False,1751925379.8232613,656579.9443721771
87808,1751924723.243548,1751925199.4944203,batch_consumer-sts-1_20250707_215333_051428.csv,True,False,False,1751925379.8232613,656579.713344574
87818,1751924723.2437687,1751925199.5205488,batch_consumer-sts-1_20250707_215333_051428.csv,True,False,False,1751925379.8232613,656579.4925689697
87828,1751924723.2440069,1751925199.549256,batch_consumer-sts-1_20250707_215333_051428.csv,True,False,False,1751925379.8232613,656579.2543888092
87838,1751924723.2442343,1751925199.5762997,batch_consumer-sts-1_20250707_215333_051428.csv,True,False,False,1751925379.8232613,656579.0269374847
87848,1751924723.244469,1751925199.6033428,batch_consumer-sts-1_20250707_215333_051428.csv,True,False,False,1751925379.8232613,656578.7923336029
87858,1751924723.2446983,1751925199.6304507,batch_consumer-sts-1_20250707_215333_051428.csv,True,False,False,1751925379.8232613,656578.5629749298
87868,1751924723.2449274,1751925199.6572616,batch_consumer-sts-1_20250707_215333_051428.csv,True,False,False,1751925379.8232613,656578.3338546753
87878,1751924723.245159,1751925199.684343,batch_consumer-sts-1_20250707_215333_051428.csv,True,False,False,1751925379.8232613,656578.102350235
87888,1751924723.24539,1751925199.7106292,batch_consumer-sts-1_20250707_215333_051428.csv,True,False,False,1751925379.8232613,656577.8713226318
87898,1751924723.2456205,1751925199.7378688,batch_consumer-sts-1_20250707_215333_051428.csv,True,False,False,1751925379.8232613,656577.6407718658
87908,1751924723.2458518,1751925199.7649355,batch_consumer-sts-1_20250707_215333_051428.csv,True,False,False,1751925379.8232613,656577.4095058441
87918,1751924723.2460785,1751925199.7932775,batch_consumer-sts-1_20250707_215333_051428.csv,True,False,False,1751925379.8232613,656577.1827697754
87928,1751924723.2463188,1751925199.8191698,batch_consumer-sts-1_20250707_215333_051428.csv,True,False,False,1751925379.8232613,656576.9424438477
87938,1751924723.2465503,1751925199.8461645,batch_consumer-sts-1_20250707_215333_051428.csv,True,False,False,1751925379.8232613,656576.7109394073
87948,1751924723.2467885,1751925199.8732214,batch_consumer-sts-1_20250707_215333_051428.csv,True,False,False,1751925379.8232613,656576.4727592468
87958,1751924723.2470226,1751925199.899991,batch_consumer-sts-1_20250707_215333_051428.csv,True,False,False,1751925379.8232613,656576.2386322021
87968,1751924723.247256,1751925199.9273398,batch_consumer-sts-1_20250707_215333_051428.csv,True,False,False,1751925379.8232613,656576.0052204132
87978,1751924723.2474723,1751925199.955242,batch_consumer-sts-1_20250707_215333_051428.csv,True,False,False,1751925379.8232613,656575.788974762
87988,1751924723.2476597,1751925199.9838696,batch_consumer-sts-1_20250707_215333_051428.csv,True,False,False,1751925379.8232613,656575.6015777588
87998,1751924723.247855,1751925200.0116568,batch_consumer-sts-1_20250707_215333_051428.csv,True,False,False,1751925379.8232613,656575.4063129425
88008,1751924723.2480412,1751925200.037629,batch_consumer-sts-1_20250707_215333_051428.csv,True,False,False,1751925379.8232613,656575.2201080322
88018,1751924723.2482274,1751925200.0647454,batch_consumer-sts-1_20250707_215333_051428.csv,True,False,False,1751925379.8232613,656575.033903122
88028,1751924723.2484188,1751925200.0919044,batch_consumer-sts-1_20250707_215333_051428.csv,True,False,False,1751925379.8232613,656574.8424530029
88038,1751924723.248607,1751925200.1182673,batch_consumer-sts-1_20250707_215333_051428.csv,True,False,False,1751925379.8232613,656574.654340744
88048,1751924723.2488055,1751925200.1450672,batch_consumer-sts-1_20250707_215333_051428.csv,True,False,False,1751925379.8232613,656574.4557380676
88058,1751924723.2489896,1751925200.1719642,batch_consumer-sts-1_20250707_215333_051428.csv,True,False,False,1751925379.8232613,656574.2716789246
88068,1751924723.2491677,1751925200.1988294,batch_consumer-sts-1_20250707_215333_051428.csv,True,False,False,1751925379.8232613,656574.093580246
88078,1751924723.249363,1751925200.226149,batch_consumer-sts-1_20250707_215333_051428.csv,True,False,False,1751925379.8232613,656573.8983154297
88088,1751924723.2495508,1751925200.2529778,batch_consumer-sts-1_20250707_215333_051428.csv,True,False,False,1751925379.8232613,656573.7104415894
88098,1751924723.2497427,1751925200.2798495,batch_consumer-sts-1_20250707_215333_051428.csv,True,False,False,1751925379.8232613,656573.5185146332
88108,1751924723.2499266,1751925200.3070138,batch_consumer-sts-1_20250707_215333_051428.csv,True,False,False,1751925379.8232613,656573.3346939087
88118,1751924723.2501178,1751925200.3337674,batch_consumer-sts-1_20250707_215333_051428.csv,True,False,False,1751925379.8232613,656573.1434822083
88128,1751924723.2503705,1751925200.360859,batch_consumer-sts-1_20250707_215333_051428.csv,True,False,False,1751925379.8232613,656572.8907585144
88138,1751924723.2506049,1751925200.3886638,batch_consumer-sts-1_20250707_215333_051428.csv,True,False,False,1751925379.8232613,656572.6563930511
88148,1751924723.2508311,1751925200.4149046,batch_consumer-sts-1_20250707_215333_051428.csv,True,False,False,1751925379.8232613,656572.4301338196
88158,1751924723.2510543,1751925201.4435184,batch_consumer-sts-1_20250707_215333_051428.csv,True,False,False,1751925379.8232613,656572.2069740295
88168,1751924723.2512894,1751925201.470151,batch_consumer-sts-1_20250707_215333_051428.csv,True,False,False,1751925379.8232613,656571.9718933105
88178,1751924723.2515223,1751925201.496767,batch_consumer-sts-1_20250707_215333_051428.csv,True,False,False,1751925379.8232613,656571.7389583588
88188,1751924723.251713,1751925201.5228472,batch_consumer-sts-1_20250707_215333_051428.csv,True,False,False,1751925379.8232613,656571.5482234955
88198,1751924723.251905,1751925201.5495052,batch_consumer-sts-1_20250707_215333_051428.csv,True,False,False,1751925379.8232613,656571.3562965393
88208,1751924723.2521017,1751925201.576255,batch_consumer-sts-1_20250707_215333_051428.csv,True,False,False,1751925379.8232613,656571.1596012115
88218,1751924723.2523043,1751925201.6030674,batch_consumer-sts-1_20250707_215333_051428.csv,True,False,False,1751925379.8232613,656570.9569454193
88228,1751924723.2525375,1751925201.6303494,batch_consumer-sts-1_20250707_215333_051428.csv,True,False,False,1751925379.8232613,656570.723772049
88238,1751924723.2527757,1751925201.6570551,batch_consumer-sts-1_20250707_215333_051428.csv,True,False,False,1751925379.8232613,656570.4855918884
88248,1751924723.2530038,1751925201.684026,batch_consumer-sts-1_20250707_215333_051428.csv,True,False,False,1751925379.8232613,656570.2574253082
88258,1751924723.2533057,1751925201.7103293,batch_consumer-sts-1_20250707_215333_051428.csv,True,False,False,1751925379.8232613,656569.9555873871
88268,1751924723.253544,1751925201.7370143,batch_consumer-sts-1_20250707_215333_051428.csv,True,False,False,1751925379.8232613,656569.717168808
88278,1751924723.253783,1751925201.7640302,batch_consumer-sts-1_20250707_215333_051428.csv,True,False,False,1751925379.8232613,656569.4782733917
88288,1751924723.2540133,1751925201.79427,batch_consumer-sts-1_20250707_215333_051428.csv,True,False,False,1751925379.8232613,656569.2479610443
88298,1751924723.2542698,1751925201.8206358,batch_consumer-sts-1_20250707_215333_051428.csv,True,False,False,1751925379.8232613,656568.9914226532
88308,1751924723.2545054,1751925201.8465729,batch_consumer-sts-1_20250707_215333_051428.csv,True,False,False,1751925379.8232613,656568.755865097
88318,1751924723.2547412,1751925201.8732922,batch_consumer-sts-1_20250707_215333_051428.csv,True,False,False,1751925379.8232613,656568.5200691223
88328,1751924723.254971,1751925201.900046,batch_consumer-sts-1_20250707_215333_051428.csv,True,False,False,1751925379.8232613,656568.2902336121
88338,1751924723.255211,1751925201.9275663,batch_consumer-sts-1_20250707_215333_051428.csv,True,False,False,1751925379.8232613,656568.0501461029
88348,1751924723.2554436,1751925201.9542718,batch_consumer-sts-1_20250707_215333_051428.csv,True,False,False,1751925379.8232613,656567.8176879883
88358,1751924723.255674,1751925201.9809396,batch_consumer-sts-1_20250707_215333_051428.csv,True,False,False,1751925379.8232613,656567.5873756409
88368,1751924723.2559285,1751925202.0076754,batch_consumer-sts-1_20250707_215333_051428.csv,True,False,False,1751925379.8232613,656567.3327445984
88378,1751924723.2561631,1751925202.0346727,batch_consumer-sts-1_20250707_215333_051428.csv,True,False,False,1751925379.8232613,656567.0981407166
88388,1751924723.2563918,1751925202.0613017,batch_consumer-sts-1_20250707_215333_051428.csv,True,False,False,1751925379.8232613,656566.8694972992
88398,1751924723.25663,1751925202.0881083,batch_consumer-sts-1_20250707_215333_051428.csv,True,False,False,1751925379.8232613,656566.6313171387
88408,1751924723.2568638,1751925202.114463,batch_consumer-sts-1_20250707_215333_051428.csv,True,False,False,1751925379.8232613,656566.3974285126
88418,1751924723.2570956,1751925202.1423075,batch_consumer-sts-1_20250707_215333_051428.csv,True,False,False,1751925379.8232613,656566.1656856537
88428,1751924723.2573268,1751925202.178906,batch_consumer-sts-1_20250707_215333_051428.csv,True,False,False,1751925379.8232613,656565.934419632
88438,1751924723.2575698,1751925202.2060795,batch_consumer-sts-1_20250707_215333_051428.csv,True,False,False,1751925379.8232613,656565.6914710999
88448,1751924723.257802,1751925202.2327816,batch_consumer-sts-1_20250707_215333_051428.csv,True,False,False,1751925379.8232613,656565.4592514038
88458,1751924723.2580376,1751925202.2595253,batch_consumer-sts-1_20250707_215333_051428.csv,True,False,False,1751925379.8232613,656565.2236938477
88468,1751924723.2582848,1751925202.2860465,batch_consumer-sts-1_20250707_215333_051428.csv,True,False,False,1751925379.8232613,656564.9764537811
88478,1751924723.2585151,1751925202.3128555,batch_consumer-sts-1_20250707_215333_051428.csv,True,False,False,1751925379.8232613,656564.7461414337
88488,1751924723.258742,1751925202.341372,batch_consumer-sts-1_20250707_215333_051428.csv,True,False,False,1751925379.8232613,656564.5191669464
88498,1751924723.2589753,1751925202.3678646,batch_consumer-sts-1_20250707_215333_051428.csv,True,False,False,1751925379.8232613,656564.285993576
88508,1751924723.2592194,1751925202.3957996,batch_consumer-sts-1_20250707_215333_051428.csv,True,False,False,1751925379.8232613,656564.041852951
88518,1751924723.2594466,1751925202.4221387,batch_consumer-sts-1_20250707_215333_051428.csv,True,False,False,1751925379.8232613,656563.8146400452
88528,1751924723.2596846,1751925202.449264,batch_consumer-sts-1_20250707_215333_051428.csv,True,False,False,1751925379.8232613,656563.5766983032
88538,1751924723.25992,1751925202.4764292,batch_consumer-sts-1_20250707_215333_051428.csv,True,False,False,1751925379.8232613,656563.3413791656
88548,1751924723.2601483,1751925202.5034995,batch_consumer-sts-1_20250707_215333_051428.csv,True,False,False,1751925379.8232613,656563.1129741669
88558,1751924723.2603743,1751925202.5341244,batch_consumer-sts-1_20250707_215333_051428.csv,True,False,False,1751925379.8232613,656562.8869533539
88568,1751924723.2606068,1751925202.5636928,batch_consumer-sts-1_20250707_215333_051428.csv,True,False,False,1751925379.8232613,656562.6544952393
88578,1751924723.2608397,1751925202.5905485,batch_consumer-sts-1_20250707_215333_051428.csv,True,False,False,1751925379.8232613,656562.4215602875
88588,1751924723.2610705,1751925202.6169996,batch_consumer-sts-1_20250707_215333_051428.csv,True,False,False,1751925379.8232613,656562.1907711029
88598,1751924723.261294,1751925202.6472738,batch_consumer-sts-1_20250707_215333_051428.csv,True,False,False,1751925379.8232613,656561.9673728943
88608,1751924723.2615275,1751925202.6739364,batch_consumer-sts-1_20250707_215333_051428.csv,True,False,False,1751925379.8232613,656561.7337226868
88618,1751924723.2617607,1751925202.702084,batch_consumer-sts-1_20250707_215333_051428.csv,True,False,False,1751925379.8232613,656561.5005493164
88628,1751924723.2619886,1751925202.7286396,batch_consumer-sts-1_20250707_215333_051428.csv,True,False,False,1751925379.8232613,656561.2726211548
88638,1751924723.2622306,1751925202.7568865,batch_consumer-sts-1_20250707_215333_051428.csv,True,False,False,1751925379.8232613,656561.030626297
88648,1751924723.2624624,1751925202.7833626,batch_consumer-sts-1_20250707_215333_051428.csv,True,False,False,1751925379.8232613,656560.7988834381
88658,1751924723.2626877,1751925202.8097212,batch_consumer-sts-1_20250707_215333_051428.csv,True,False,False,1751925379.8232613,656560.5735778809
88668,1751924723.2629216,1751925202.8363626,batch_consumer-sts-1_20250707_215333_051428.csv,True,False,False,1751925379.8232613,656560.3396892548
88678,1751924723.2631583,1751925202.8628714,batch_consumer-sts-1_20250707_215333_051428.csv,True,False,False,1751925379.8232613,656560.1029396057
88688,1751924723.2633982,1751925202.890098,batch_consumer-sts-1_20250707_215333_051428.csv,True,False,False,1751925379.8232613,656559.8630905151
88698,1751924723.263631,1751925202.916094,batch_consumer-sts-1_20250707_215333_051428.csv,True,False,False,1751925379.8232613,656559.6301555634
88708,1751924723.2638652,1751925202.9426637,batch_consumer-sts-1_20250707_215333_051428.csv,True,False,False,1751925379.8232613,656559.3960285187
88718,1751924723.2640903,1751925202.9684582,batch_consumer-sts-1_20250707_215333_051428.csv,True,False,False,1751925379.8232613,656559.17096138
88728,1751924723.2642732,1751925202.995855,batch_consumer-sts-1_20250707_215333_051428.csv,True,False,False,1751925379.8232613,656558.9880943298
88738,1751924723.2644577,1751925203.0221622,batch_consumer-sts-1_20250707_215333_051428.csv,True,False,False,1751925379.8232613,656558.8035583496
88748,1751924723.264639,1751925203.0490384,batch_consumer-sts-1_20250707_215333_051428.csv,True,False,False,1751925379.8232613,656558.6223602295
88758,1751924723.2648292,1751925203.0760896,batch_consumer-sts-1_20250707_215333_051428.csv,True,False,False,1751925379.8232613,656558.4321022034
88768,1751924723.2650118,1751925203.1029,batch_consumer-sts-1_20250707_215333_051428.csv,True,False,False,1751925379.8232613,656558.2494735718
88778,1751924723.2652023,1751925203.131018,batch_consumer-sts-1_20250707_215333_051428.csv,True,False,False,1751925379.8232613,656558.0589771271
88788,1751924723.265386,1751925203.1579244,batch_consumer-sts-1_20250707_215333_051428.csv,True,False,False,1751925379.8232613,656557.8751564026
88798,1751924723.2655709,1751925203.1847813,batch_consumer-sts-1_20250707_215333_051428.csv,True,False,False,1751925379.8232613,656557.6903820038
88808,1751924723.2657518,1751925203.2103891,batch_consumer-sts-1_20250707_215333_051428.csv,True,False,False,1751925379.8232613,656557.5094223022
88818,1751924723.265936,1751925203.237324,batch_consumer-sts-1_20250707_215333_051428.csv,True,False,False,1751925379.8232613,656557.3253631592
88828,1751924723.2661395,1751925203.265329,batch_consumer-sts-1_20250707_215333_051428.csv,True,False,False,1751925379.8232613,656557.1217536926
88838,1751924723.266386,1751925203.2920203,batch_consumer-sts-1_20250707_215333_051428.csv,True,False,False,1751925379.8232613,656556.8752288818
88848,1751924723.2666142,1751925203.317945,batch_consumer-sts-1_20250707_215333_051428.csv,True,False,False,1751925379.8232613,656556.6470623016
88858,1751924723.2668436,1751925203.3442714,batch_consumer-sts-1_20250707_215333_051428.csv,True,False,False,1751925379.8232613,656556.4177036285
88868,1751924723.267079,1751925203.3708785,batch_consumer-sts-1_20250707_215333_051428.csv,True,False,False,1751925379.8232613,656556.1821460724
97818,1751924723.4677577,1751925203.39789,batch_consumer-sts-1_20250707_215333_051428.csv,True,False,False,1751925379.8232613,656355.5035591125
97828,1751924723.4679952,1751925203.4283805,batch_consumer-sts-1_20250707_215333_051428.csv,True,False,False,1751925379.8232613,656355.2660942078
97838,1751924723.468223,1751925203.4550853,batch_consumer-sts-1_20250707_215333_051428.csv,True,False,False,1751925379.8232613,656355.0381660461
97848,1751924723.4684532,1751925203.481959,batch_consumer-sts-1_20250707_215333_051428.csv,True,False,False,1751925379.8232613,656354.8080921173
97858,1751924723.468687,1751925203.5092025,batch_consumer-sts-1_20250707_215333_051428.csv,True,False,False,1751925379.8232613,656354.5742034912
97868,1751924723.4689176,1751925203.5385573,batch_consumer-sts-1_20250707_215333_051428.csv,True,False,False,1751925379.8232613,656354.3436527252
97878,1751924723.4691546,1751925203.5653653,batch_consumer-sts-1_20250707_215333_051428.csv,True,False,False,1751925379.8232613,656354.1066646576
97888,1751924723.4693866,1751925203.5920413,batch_consumer-sts-1_20250707_215333_051428.csv,True,False,False,1751925379.8232613,656353.8746833801
97898,1751924723.469624,1751925203.6183872,batch_consumer-sts-1_20250707_215333_051428.csv,True,False,False,1751925379.8232613,656353.6372184753
97908,1751924723.469852,1751925203.6451554,batch_consumer-sts-1_20250707_215333_051428.csv,True,False,False,1751925379.8232613,656353.4092903137
97918,1751924723.470081,1751925204.1521091,batch_consumer-sts-1_20250707_215333_051428.csv,True,False,False,1751925379.8232613,656353.1801700592
97928,1751924723.4703183,1751925204.1793602,batch_consumer-sts-1_20250707_215333_051428.csv,True,False,False,1751925379.8232613,656352.942943573
97938,1751924723.4705584,1751925204.2062206,batch_consumer-sts-1_20250707_215333_051428.csv,True,False,False,1751925379.8232613,656352.7028560638
97948,1751924723.4707894,1751925204.2330475,batch_consumer-sts-1_20250707_215333_051428.csv,True,False,False,1751925379.8232613,656352.4718284607
97958,1751924723.471027,1751925204.2597282,batch_consumer-sts-1_20250707_215333_051428.csv,True,False,False,1751925379.8232613,656352.2343635559
97968,1751924723.4712524,1751925204.2866478,batch_consumer-sts-1_20250707_215333_051428.csv,True,False,False,1751925379.8232613,656352.0088195801
97978,1751924723.4714775,1751925204.3131244,batch_consumer-sts-1_20250707_215333_051428.csv,True,False,False,1751925379.8232613,656351.7837524414
97988,1751924723.471702,1751925204.3402183,batch_consumer-sts-1_20250707_215333_051428.csv,True,False,False,1751925379.8232613,656351.5591621399
97998,1751924723.4719296,1751925204.3673232,batch_consumer-sts-1_20250707_215333_051428.csv,True,False,False,1751925379.8232613,656351.3317108154
98008,1751924723.4721618,1751925204.3945696,batch_consumer-sts-1_20250707_215333_051428.csv,True,False,False,1751925379.8232613,656351.0994911194
98018,1751924723.472391,1751925204.420748,batch_consumer-sts-1_20250707_215333_051428.csv,True,False,False,1751925379.8232613,656350.8703708649
98028,1751924723.4726152,1751925204.4475784,batch_consumer-sts-1_20250707_215333_051428.csv,True,False,False,1751925379.8232613,656350.6460189819
98038,1751924723.472841,1751925204.474158,batch_consumer-sts-1_20250707_215333_051428.csv,True,False,False,1751925379.8232613,656350.4202365875
98048,1751924723.4730616,1751925204.501053,batch_consumer-sts-1_20250707_215333_051428.csv,True,False,False,1751925379.8232613,656350.1996994019
98058,1751924723.4732966,1751925204.527854,batch_consumer-sts-1_20250707_215333_051428.csv,True,False,False,1751925379.8232613,656349.9646186829
98068,1751924723.4735332,1751925204.563857,batch_consumer-sts-1_20250707_215333_051428.csv,True,False,False,1751925379.8232613,656349.7281074524
98078,1751924723.4737663,1751925204.5909104,batch_consumer-sts-1_20250707_215333_051428.csv,True,False,False,1751925379.8232613,656349.494934082
98088,1751924723.4740028,1751925204.6168883,batch_consumer-sts-1_20250707_215333_051428.csv,True,False,False,1751925379.8232613,656349.2584228516
98098,1751924723.4742472,1751925204.6438932,batch_consumer-sts-1_20250707_215333_051428.csv,True,False,False,1751925379.8232613,656349.014043808
98108,1751924723.4744997,1751925204.670524,batch_consumer-sts-1_20250707_215333_051428.csv,True,False,False,1751925379.8232613,656348.7615585327
98118,1751924723.4747334,1751925204.6975217,batch_consumer-sts-1_20250707_215333_051428.csv,True,False,False,1751925379.8232613,656348.5279083252
98128,1751924723.474959,1751925204.723627,batch_consumer-sts-1_20250707_215333_051428.csv,True,False,False,1751925379.8232613,656348.3023643494
98138,1751924723.4751964,1751925204.7500706,batch_consumer-sts-1_20250707_215333_051428.csv,True,False,False,1751925379.8232613,656348.0648994446
98148,1751924723.475429,1751925204.776643,batch_consumer-sts-1_20250707_215333_051428.csv,True,False,False,1751925379.8232613,656347.8322029114
98158,1751924723.475607,1751925204.803229,batch_consumer-sts-1_20250707_215333_051428.csv,True,False,False,1751925379.8232613,656347.6543426514
98168,1751924723.4757864,1751925204.8400133,batch_consumer-sts-1_20250707_215333_051428.csv,True,False,False,1751925379.8232613,656347.4748134613
98178,1751924723.4759672,1751925204.8670287,batch_consumer-sts-1_20250707_215333_051428.csv,True,False,False,1751925379.8232613,656347.2940921783
98188,1751924723.476156,1751925204.8935654,batch_consumer-sts-1_20250707_215333_051428.csv,True,False,False,1751925379.8232613,656347.1052646637
98198,1751924723.4763312,1751925204.919723,batch_consumer-sts-1_20250707_215333_051428.csv,True,False,False,1751925379.8232613,656346.930027008
98208,1751924723.476512,1751925204.9504848,batch_consumer-sts-1_20250707_215333_051428.csv,True,False,False,1751925379.8232613,656346.7493057251
98218,1751924723.4767015,1751925204.9772758,batch_consumer-sts-1_20250707_215333_051428.csv,True,False,False,1751925379.8232613,656346.5597629547
98228,1751924723.4768832,1751925205.0036614,batch_consumer-sts-1_20250707_215333_051428.csv,True,False,False,1751925379.8232613,656346.3780879974
98238,1751924723.4770625,1751925205.0298738,batch_consumer-sts-1_20250707_215333_051428.csv,True,False,False,1751925379.8232613,656346.198797226
98248,1751924723.4772432,1751925205.056318,batch_consumer-sts-1_20250707_215333_051428.csv,True,False,False,1751925379.8232613,656346.018075943
98258,1751924723.4774222,1751925205.0831552,batch_consumer-sts-1_20250707_215333_051428.csv,True,False,False,1751925379.8232613,656345.8390235901
98268,1751924723.477598,1751925205.1097946,batch_consumer-sts-1_20250707_215333_051428.csv,True,False,False,1751925379.8232613,656345.6633090973
98278,1751924723.4777808,1751925205.1355815,batch_consumer-sts-1_20250707_215333_051428.csv,True,False,False,1751925379.8232613,656345.4804420471
98288,1751924723.4779575,1751925205.1622996,batch_consumer-sts-1_20250707_215333_051428.csv,True,False,False,1751925379.8232613,656345.30377388
98298,1751924723.4781394,1751925205.1893938,batch_consumer-sts-1_20250707_215333_051428.csv,True,False,False,1751925379.8232613,656345.1218605042
98308,1751924723.4783845,1751925205.2157583,batch_consumer-sts-1_20250707_215333_051428.csv,True,False,False,1751925379.8232613,656344.8767662048
98318,1751924723.4786074,1751925205.2415917,batch_consumer-sts-1_20250707_215333_051428.csv,True,False,False,1751925379.8232613,656344.6538448334
98328,1751924723.4788346,1751925205.2683089,batch_consumer-sts-1_20250707_215333_051428.csv,True,False,False,1751925379.8232613,656344.4266319275
98338,1751924723.4790654,1751925205.2952197,batch_consumer-sts-1_20250707_215333_051428.csv,True,False,False,1751925379.8232613,656344.1958427429
98348,1751924723.4792924,1751925205.3213172,batch_consumer-sts-1_20250707_215333_051428.csv,True,False,False,1751925379.8232613,656343.9688682556
98358,1751924723.4795072,1751925205.3481038,batch_consumer-sts-1_20250707_215333_051428.csv,True,False,False,1751925379.8232613,656343.7540531158
98368,1751924723.4796846,1751925205.3750994,batch_consumer-sts-1_20250707_215333_051428.csv,True,False,False,1751925379.8232613,656343.576669693
98378,1751924723.479868,1751925205.4021342,batch_consumer-sts-1_20250707_215333_051428.csv,True,False,False,1751925379.8232613,656343.3933258057
98388,1751924723.4800518,1751925205.4310648,batch_consumer-sts-1_20250707_215333_051428.csv,True,False,False,1751925379.8232613,656343.2095050812
98398,1751924723.480229,1751925205.4581344,batch_consumer-sts-1_20250707_215333_051428.csv,True,False,False,1751925379.8232613,656343.0323600769
98408,1751924723.4804032,1751925205.4849896,batch_consumer-sts-1_20250707_215333_051428.csv,True,False,False,1751925379.8232613,656342.8580760956
98418,1751924723.4805822,1751925205.511376,batch_consumer-sts-1_20250707_215333_051428.csv,True,False,False,1751925379.8232613,656342.6790237427
98428,1751924723.4807763,1751925205.538258,batch_consumer-sts-1_20250707_215333_051428.csv,True,False,False,1751925379.8232613,656342.4849510193
98438,1751924723.4809926,1751925205.5658083,batch_consumer-sts-1_20250707_215333_051428.csv,True,False,False,1751925379.8232613,656342.268705368
98448,1751924723.481237,1751925205.592792,batch_consumer-sts-1_20250707_215333_051428.csv,True,False,False,1751925379.8232613,656342.0243263245
98458,1751924723.4814785,1751925205.6191225,batch_consumer-sts-1_20250707_215333_051428.csv,True,False,False,1751925379.8232613,656341.7828083038
98468,1751924723.4817111,1751925205.6460073,batch_consumer-sts-1_20250707_215333_051428.csv,True,False,False,1751925379.8232613,656341.5501117706
98478,1751924723.4819398,1751925205.6729128,batch_consumer-sts-1_20250707_215333_051428.csv,True,False,False,1751925379.8232613,656341.3214683533
98488,1751924723.48218,1751925205.6996937,batch_consumer-sts-1_20250707_215333_051428.csv,True,False,False,1751925379.8232613,656341.0811424255
98498,1751924723.4824111,1751925206.8089514,batch_consumer-sts-1_20250707_215333_051428.csv,True,False,False,1751925379.8232613,656340.8501148224
98508,1751924723.482654,1751925206.8355055,batch_consumer-sts-1_20250707_215333_051428.csv,True,False,False,1751925379.8232613,656340.6071662903
98518,1751924723.4828942,1751925206.862421,batch_consumer-sts-1_20250707_215333_051428.csv,True,False,False,1751925379.8232613,656340.3670787811
98528,1751924723.4831216,1751925206.8892603,batch_consumer-sts-1_20250707_215333_051428.csv,True,False,False,1751925379.8232613,656340.1396274567
98538,1751924723.4833574,1751925206.9160876,batch_consumer-sts-1_20250707_215333_051428.csv,True,False,False,1751925379.8232613,656339.9038314819
98548,1751924723.483593,1751925206.9430137,batch_consumer-sts-1_20250707_215333_051428.csv,True,False,False,1751925379.8232613,656339.6682739258
98558,1751924723.483825,1751925206.9699514,batch_consumer-sts-1_20250707_215333_051428.csv,True,False,False,1751925379.8232613,656339.4362926483
98568,1751924723.4840612,1751925206.9967256,batch_consumer-sts-1_20250707_215333_051428.csv,True,False,False,1751925379.8232613,656339.2000198364
98578,1751924723.4842908,1751925207.022881,batch_consumer-sts-1_20250707_215333_051428.csv,True,False,False,1751925379.8232613,656338.9704227448
98588,1751924723.484521,1751925207.050071,batch_consumer-sts-1_20250707_215333_051428.csv,True,False,False,1751925379.8232613,656338.7403488159
98598,1751924723.4847543,1751925207.0771568,batch_consumer-sts-1_20250707_215333_051428.csv,True,False,False,1751925379.8232613,656338.506937027
98608,1751924723.484985,1751925207.1049356,batch_consumer-sts-1_20250707_215333_051428.csv,True,False,False,1751925379.8232613,656338.2761478424
98618,1751924723.4852145,1751925207.132085,batch_consumer-sts-1_20250707_215333_051428.csv,True,False,False,1751925379.8232613,656338.0467891693
98628,1751924723.4854474,1751925207.159396,batch_consumer-sts-1_20250707_215333_051428.csv,True,False,False,1751925379.8232613,656337.8138542175
98638,1751924723.4856825,1751925207.186526,batch_consumer-sts-1_20250707_215333_051428.csv,True,False,False,1751925379.8232613,656337.5787734985
98648,1751924723.4859123,1751925207.2130744,batch_consumer-sts-1_20250707_215333_051428.csv,True,False,False,1751925379.8232613,656337.3489379883
98658,1751924723.48615,1751925207.2402954,batch_consumer-sts-1_20250707_215333_051428.csv,True,False,False,1751925379.8232613,656337.1112346649
98668,1751924723.4863906,1751925207.2675357,batch_consumer-sts-1_20250707_215333_051428.csv,True,False,False,1751925379.8232613,656336.8706703186
98678,1751924723.486623,1751925207.2941778,batch_consumer-sts-1_20250707_215333_051428.csv,True,False,False,1751925379.8232613,656336.638212204
98688,1751924723.4868522,1751925207.320324,batch_consumer-sts-1_20250707_215333_051428.csv,True,False,False,1751925379.8232613,656336.4090919495
98698,1751924723.4870868,1751925207.3474872,batch_consumer-sts-1_20250707_215333_051428.csv,True,False,False,1751925379.8232613,656336.1744880676
98708,1751924723.4873269,1751925207.373947,batch_consumer-sts-1_20250707_215333_051428.csv,True,False,False,1751925379.8232613,656335.9344005585
98718,1751924723.4875517,1751925207.4006245,batch_consumer-sts-1_20250707_215333_051428.csv,True,False,False,1751925379.8232613,656335.7095718384
98728,1751924723.487789,1751925207.426681,batch_consumer-sts-1_20250707_215333_051428.csv,True,False,False,1751925379.8232613,656335.4723453522
98738,1751924723.4880223,1751925207.45357,batch_consumer-sts-1_20250707_215333_051428.csv,True,False,False,1751925379.8232613,656335.2389335632
98748,1751924723.488255,1751925207.4803755,batch_consumer-sts-1_20250707_215333_051428.csv,True,False,False,1751925379.8232613,656335.00623703
98758,1751924723.4884825,1751925207.5068417,batch_consumer-sts-1_20250707_215333_051428.csv,True,False,False,1751925379.8232613,656334.7787857056
98768,1751924723.4887211,1751925207.5340016,batch_consumer-sts-1_20250707_215333_051428.csv,True,False,False,1751925379.8232613,656334.5401287079
98778,1751924723.48895,1751925207.5608191,batch_consumer-sts-1_20250707_215333_051428.csv,True,False,False,1751925379.8232613,656334.311246872
98788,1751924723.4891727,1751925207.5883408,batch_consumer-sts-1_20250707_215333_051428.csv,True,False,False,1751925379.8232613,656334.0885639191
98798,1751924723.4894054,1751925207.6146872,batch_consumer-sts-1_20250707_215333_051428.csv,True,False,False,1751925379.8232613,656333.8558673859
98808,1751924723.4896536,1751925207.6417563,batch_consumer-sts-1_20250707_215333_051428.csv,True,False,False,1751925379.8232613,656333.607673645
98818,1751924723.4898806,1751925207.668923,batch_consumer-sts-1_20250707_215333_051428.csv,True,False,False,1751925379.8232613,656333.3806991577
98828,1751924723.4901118,1751925207.6956582,batch_consumer-sts-1_20250707_215333_051428.csv,True,False,False,1751925379.8232613,656333.149433136
98838,1751924723.490348,1751925207.7219207,batch_consumer-sts-1_20250707_215333_051428.csv,True,False,False,1751925379.8232613,656332.9131603241
98848,1751924723.4905791,1751925207.7492273,batch_consumer-sts-1_20250707_215333_051428.csv,True,False,False,1751925379.8232613,656332.682132721
98858,1751924723.490805,1751925207.7760794,batch_consumer-sts-1_20250707_215333_051428.csv,True,False,False,1751925379.8232613,656332.4563503265
98868,1751924723.4910364,1751925207.8031156,batch_consumer-sts-1_20250707_215333_051428.csv,True,False,False,1751925379.8232613,656332.2248458862
98878,1751924723.4912689,1751925207.830497,batch_consumer-sts-1_20250707_215333_051428.csv,True,False,False,1751925379.8232613,656331.9923877716
98888,1751924723.4914796,1751925207.8574064,batch_consumer-sts-1_20250707_215333_051428.csv,True,False,False,1751925379.8232613,656331.7816257477
98898,1751924723.4916532,1751925207.8847778,batch_consumer-sts-1_20250707_215333_051428.csv,True,False,False,1751925379.8232613,656331.6080570221
98908,1751924723.4918292,1751925207.9113734,batch_consumer-sts-1_20250707_215333_051428.csv,True,False,False,1751925379.8232613,656331.4321041107
98918,1751924723.4920146,1751925207.93824,batch_consumer-sts-1_20250707_215333_051428.csv,True,False,False,1751925379.8232613,656331.2466144562
98928,1751924723.4921937,1751925207.967238,batch_consumer-sts-1_20250707_215333_051428.csv,True,False,False,1751925379.8232613,656331.0675621033
98938,1751924723.4923708,1751925207.9938335,batch_consumer-sts-1_20250707_215333_051428.csv,True,False,False,1751925379.8232613,656330.890417099
98948,1751924723.4925504,1751925208.020428,batch_consumer-sts-1_20250707_215333_051428.csv,True,False,False,1751925379.8232613,656330.7108879089
98958,1751924723.492737,1751925208.047577,batch_consumer-sts-1_20250707_215333_051428.csv,True,False,False,1751925379.8232613,656330.5242061615
98968,1751924723.492925,1751925208.0750377,batch_consumer-sts-1_20250707_215333_051428.csv,True,False,False,1751925379.8232613,656330.3363323212
98978,1751924723.4931018,1751925208.1034667,batch_consumer-sts-1_20250707_215333_051428.csv,True,False,False,1751925379.8232613,656330.1594257355
98988,1751924723.493278,1751925208.130154,batch_consumer-sts-1_20250707_215333_051428.csv,True,False,False,1751925379.8232613,656329.9832344055
98998,1751924723.493458,1751925208.1586475,batch_consumer-sts-1_20250707_215333_051428.csv,True,False,False,1751925379.8232613,656329.8032283783
99008,1751924723.4936354,1751925208.1857734,batch_consumer-sts-1_20250707_215333_051428.csv,True,False,False,1751925379.8232613,656329.6258449554
99018,1751924723.4938204,1751925208.2124164,batch_consumer-sts-1_20250707_215333_051428.csv,True,False,False,1751925379.8232613,656329.4408321381
99028,1751924723.4939964,1751925208.2389843,batch_consumer-sts-1_20250707_215333_051428.csv,True,False,False,1751925379.8232613,656329.2648792267
99038,1751924723.4941802,1751925208.272505,batch_consumer-sts-1_20250707_215333_051428.csv,True,False,False,1751925379.8232613,656329.0810585022
99048,1751924723.4944243,1751925208.3000066,batch_consumer-sts-1_20250707_215333_051428.csv,True,False,False,1751925379.8232613,656328.8369178772
99058,1751924723.4946504,1751925208.3267574,batch_consumer-sts-1_20250707_215333_051428.csv,True,False,False,1751925379.8232613,656328.6108970642
99068,1751924723.4948857,1751925208.3542378,batch_consumer-sts-1_20250707_215333_051428.csv,True,False,False,1751925379.8232613,656328.3755779266
99078,1751924723.4951189,1751925208.381029,batch_consumer-sts-1_20250707_215333_051428.csv,True,False,False,1751925379.8232613,656328.1424045563
99088,1751924723.4953525,1751925208.4077466,batch_consumer-sts-1_20250707_215333_051428.csv,True,False,False,1751925379.8232613,656327.9087543488
99098,1751924723.4955704,1751925208.434758,batch_consumer-sts-1_20250707_215333_051428.csv,True,False,False,1751925379.8232613,656327.6908397675
99108,1751924723.49576,1751925208.4626606,batch_consumer-sts-1_20250707_215333_051428.csv,True,False,False,1751925379.8232613,656327.5012969971
99118,1751924723.495953,1751925208.488465,batch_consumer-sts-1_20250707_215333_051428.csv,True,False,False,1751925379.8232613,656327.308177948
99128,1751924723.4961293,1751925208.5146885,batch_consumer-sts-1_20250707_215333_051428.csv,True,False,False,1751925379.8232613,656327.131986618
99138,1751924723.4963348,1751925208.5435634,batch_consumer-sts-1_20250707_215333_051428.csv,True,False,False,1751925379.8232613,656326.9264698029
99148,1751924723.4965837,1751925208.5698206,batch_consumer-sts-1_20250707_215333_051428.csv,True,False,False,1751925379.8232613,656326.6775608063
99158,1751924723.496812,1751925208.5980682,batch_consumer-sts-1_20250707_215333_051428.csv,True,False,False,1751925379.8232613,656326.4491558075
99168,1751924723.4970386,1751925208.6266756,batch_consumer-sts-1_20250707_215333_051428.csv,True,False,False,1751925379.8232613,656326.2226581573
99178,1751924723.4972646,1751925208.6532736,batch_consumer-sts-1_20250707_215333_051428.csv,True,False,False,1751925379.8232613,656325.9966373444
99188,1751924723.4974966,1751925208.6801062,batch_consumer-sts-1_20250707_215333_051428.csv,True,False,False,1751925379.8232613,656325.7646560669
99198,1751924723.4977283,1751925208.70731,batch_consumer-sts-1_20250707_215333_051428.csv,True,False,False,1751925379.8232613,656325.532913208
99208,1751924723.4979649,1751925208.7367666,batch_consumer-sts-1_20250707_215333_051428.csv,True,False,False,1751925379.8232613,656325.2964019775
99218,1751924723.4982097,1751925208.7655735,batch_consumer-sts-1_20250707_215333_051428.csv,True,False,False,1751925379.8232613,656325.0515460968
99228,1751924723.49844,1751925209.1391292,batch_consumer-sts-1_20250707_215333_051428.csv,True,False,False,1751925379.8232613,656324.8212337494
99238,1751924723.4986706,1751925209.165934,batch_consumer-sts-1_20250707_215333_051428.csv,True,False,False,1751925379.8232613,656324.5906829834
99248,1751924723.4988968,1751925209.1927817,batch_consumer-sts-1_20250707_215333_051428.csv,True,False,False,1751925379.8232613,656324.3644237518
99258,1751924723.4991248,1751925209.21792,batch_consumer-sts-1_20250707_215333_051428.csv,True,False,False,1751925379.8232613,656324.1364955902
99268,1751924723.499352,1751925209.2449968,batch_consumer-sts-1_20250707_215333_051428.csv,True,False,False,1751925379.8232613,656323.9092826843
99278,1751924723.4995878,1751925209.271829,batch_consumer-sts-1_20250707_215333_051428.csv,True,False,False,1751925379.8232613,656323.6734867096
99288,1751924723.4998162,1751925209.2991989,batch_consumer-sts-1_20250707_215333_051428.csv,True,False,False,1751925379.8232613,656323.4450817108
99298,1751924723.5000482,1751925209.3266356,batch_consumer-sts-1_20250707_215333_051428.csv,True,False,False,1751925379.8232613,656323.2131004333
99308,1751924723.50028,1751925209.353608,batch_consumer-sts-1_20250707_215333_051428.csv,True,False,False,1751925379.8232613,656322.9813575745
99318,1751924723.5005114,1751925209.3805697,batch_consumer-sts-1_20250707_215333_051428.csv,True,False,False,1751925379.8232613,656322.7498531342
99328,1751924723.5007398,1751925209.4066837,batch_consumer-sts-1_20250707_215333_051428.csv,True,False,False,1751925379.8232613,656322.5214481354
99338,1751924723.5009732,1751925209.4335184,batch_consumer-sts-1_20250707_215333_051428.csv,True,False,False,1751925379.8232613,656322.2880363464
99348,1751924723.501203,1751925209.4616528,batch_consumer-sts-1_20250707_215333_051428.csv,True,False,False,1751925379.8232613,656322.0582008362
99358,1751924723.501438,1751925209.4894755,batch_consumer-sts-1_20250707_215333_051428.csv,True,False,False,1751925379.8232613,656321.8233585358
99368,1751924723.5016732,1751925209.515741,batch_consumer-sts-1_20250707_215333_051428.csv,True,False,False,1751925379.8232613,656321.5880393982
99378,1751924723.5019026,1751925209.541412,batch_consumer-sts-1_20250707_215333_051428.csv,True,False,False,1751925379.8232613,656321.3586807251
99388,1751924723.5021348,1751925209.5683522,batch_consumer-sts-1_20250707_215333_051428.csv,True,False,False,1751925379.8232613,656321.126461029
99398,1751924723.502379,1751925209.594946,batch_consumer-sts-1_20250707_215333_051428.csv,True,False,False,1751925379.8232613,656320.882320404
99408,1751924723.502614,1751925209.6214983,batch_consumer-sts-1_20250707_215333_051428.csv,True,False,False,1751925379.8232613,656320.6472396851
99418,1751924723.5028474,1751925209.6483736,batch_consumer-sts-1_20250707_215333_051428.csv,True,False,False,1751925379.8232613,656320.4138278961
99428,1751924723.5030828,1751925209.6752348,batch_consumer-sts-1_20250707_215333_051428.csv,True,False,False,1751925379.8232613,656320.1785087585
99438,1751924723.5033133,1751925209.701829,batch_consumer-sts-1_20250707_215333_051428.csv,True,False,False,1751925379.8232613,656319.9479579926
99448,1751924723.5035548,1751925209.728106,batch_consumer-sts-1_20250707_215333_051428.csv,True,False,False,1751925379.8232613,656319.7064399719
99458,1751924723.5037842,1751925209.7557378,batch_consumer-sts-1_20250707_215333_051428.csv,True,False,False,1751925379.8232613,656319.4770812988
99468,1751924723.5040214,1751925209.78279,batch_consumer-sts-1_20250707_215333_051428.csv,True,False,False,1751925379.8232613,656319.2398548126
99478,1751924723.5042622,1751925209.809657,batch_consumer-sts-1_20250707_215333_051428.csv,True,False,False,1751925379.8232613,656318.9990520477
99488,1751924723.5044937,1751925209.8364651,batch_consumer-sts-1_20250707_215333_051428.csv,True,False,False,1751925379.8232613,656318.7675476074
99498,1751924723.5049655,1751925209.8650422,batch_consumer-sts-1_20250707_215333_051428.csv,True,False,False,1751925379.8232613,656318.2957172394
99508,1751924723.5052009,1751925209.8919294,batch_consumer-sts-1_20250707_215333_051428.csv,True,False,False,1751925379.8232613,656318.0603981018
99518,1751924723.5054295,1751925209.916942,batch_consumer-sts-1_20250707_215333_051428.csv,True,False,False,1751925379.8232613,656317.8317546844
99528,1751924723.505672,1751925209.9452264,batch_consumer-sts-1_20250707_215333_051428.csv,True,False,False,1751925379.8232613,656317.5892829895
99538,1751924723.5059092,1751925209.9720905,batch_consumer-sts-1_20250707_215333_051428.csv,True,False,False,1751925379.8232613,656317.3520565033
99548,1751924723.5061398,1751925209.9985275,batch_consumer-sts-1_20250707_215333_051428.csv,True,False,False,1751925379.8232613,656317.1215057373
99558,1751924723.506379,1751925210.025008,batch_consumer-sts-1_20250707_215333_051428.csv,True,False,False,1751925379.8232613,656316.8823719025
99568,1751924723.5066094,1751925210.0517612,batch_consumer-sts-1_20250707_215333_051428.csv,True,False,False,1751925379.8232613,656316.6518211365
99578,1751924723.50684,1751925210.0784566,batch_consumer-sts-1_20250707_215333_051428.csv,True,False,False,1751925379.8232613,656316.4212703705
99588,1751924723.5070736,1751925210.1046295,batch_consumer-sts-1_20250707_215333_051428.csv,True,False,False,1751925379.8232613,656316.187620163
99598,1751924723.5073037,1751925210.1350913,batch_consumer-sts-1_20250707_215333_051428.csv,True,False,False,1751925379.8232613,656315.9575462341
99608,1751924723.507505,1751925210.1618977,batch_consumer-sts-1_20250707_215333_051428.csv,True,False,False,1751925379.8232613,656315.7563209534
99618,1751924723.5076756,1751925210.1888003,batch_consumer-sts-1_20250707_215333_051428.csv,True,False,False,1751925379.8232613,656315.5856132507
109778,1751924728.441688,1751925210.2157164,batch_consumer-sts-1_20250707_215333_051428.csv,True,False,False,1751925379.8232613,651381.5732002258
109788,1751924728.4419131,1751925210.2453778,batch_consumer-sts-1_20250707_215333_051428.csv,True,False,False,1751925379.8232613,651381.3481330872
109798,1751924728.442114,1751925210.2721682,batch_consumer-sts-1_20250707_215333_051428.csv,True,False,False,1751925379.8232613,651381.147146225
109808,1751924728.4423754,1751925210.2987044,batch_consumer-sts-1_20250707_215333_051428.csv,True,False,False,1751925379.8232613,651380.8858394623
109818,1751924728.442598,1751925210.3252592,batch_consumer-sts-1_20250707_215333_051428.csv,True,False,False,1751925379.8232613,651380.6631565094
109828,1751924728.4428158,1751925210.351978,batch_consumer-sts-1_20250707_215333_051428.csv,True,False,False,1751925379.8232613,651380.4454803467
109838,1751924728.4430382,1751925210.3786583,batch_consumer-sts-1_20250707_215333_051428.csv,True,False,False,1751925379.8232613,651380.2230358124
109848,1751924728.443257,1751925210.4059875,batch_consumer-sts-1_20250707_215333_051428.csv,True,False,False,1751925379.8232613,651380.0041675568
109858,1751924728.4434788,1751925210.4340858,batch_consumer-sts-1_20250707_215333_051428.csv,True,False,False,1751925379.8232613,651379.7824382782
109868,1751924728.4436665,1751925210.4612586,batch_consumer-sts-1_20250707_215333_051428.csv,True,False,False,1751925379.8232613,651379.5948028564
109878,1751924728.4438615,1751925210.4880114,batch_consumer-sts-1_20250707_215333_051428.csv,True,False,False,1751925379.8232613,651379.3997764587
109888,1751924728.444088,1751925210.5143466,batch_consumer-sts-1_20250707_215333_051428.csv,True,False,False,1751925379.8232613,651379.1732788086
109898,1751924728.4442754,1751925210.5412292,batch_consumer-sts-1_20250707_215333_051428.csv,True,False,False,1751925379.8232613,651378.9858818054
109908,1751924728.4444752,1751925210.568308,batch_consumer-sts-1_20250707_215333_051428.csv,True,False,False,1751925379.8232613,651378.7860870361
109918,1751924728.444663,1751925210.596012,batch_consumer-sts-1_20250707_215333_051428.csv,True,False,False,1751925379.8232613,651378.5982131958
109928,1751924728.4448557,1751925210.622352,batch_consumer-sts-1_20250707_215333_051428.csv,True,False,False,1751925379.8232613,651378.4055709839
109938,1751924728.4450555,1751925210.649479,batch_consumer-sts-1_20250707_215333_051428.csv,True,False,False,1751925379.8232613,651378.2057762146
109948,1751924728.4452562,1751925210.676305,batch_consumer-sts-1_20250707_215333_051428.csv,True,False,False,1751925379.8232613,651378.005027771
109958,1751924728.4454455,1751925210.7038417,batch_consumer-sts-1_20250707_215333_051428.csv,True,False,False,1751925379.8232613,651377.8157234192
109968,1751924728.4456313,1751925210.7359438,batch_consumer-sts-1_20250707_215333_051428.csv,True,False,False,1751925379.8232613,651377.6299953461
109978,1751924728.4458156,1751925210.7624512,batch_consumer-sts-1_20250707_215333_051428.csv,True,False,False,1751925379.8232613,651377.4456977844
109988,1751924728.445999,1751925210.7891688,batch_consumer-sts-1_20250707_215333_051428.csv,True,False,False,1751925379.8232613,651377.2623538971
109998,1751924728.4462078,1751925210.8153827,batch_consumer-sts-1_20250707_215333_051428.csv,True,False,False,1751925379.8232613,651377.0534992218
110008,1751924728.446404,1751925210.871601,batch_consumer-sts-1_20250707_215333_051428.csv,True,False,False,1751925379.8232613,651376.8572807312
110018,1751924728.446592,1751925210.8985596,batch_consumer-sts-1_20250707_215333_051428.csv,True,False,False,1751925379.8232613,651376.6691684723
110028,1751924728.4467838,1751925210.9249833,batch_consumer-sts-1_20250707_215333_051428.csv,True,False,False,1751925379.8232613,651376.4774799347
110038,1751924728.4469776,1751925210.9516811,batch_consumer-sts-1_20250707_215333_051428.csv,True,False,False,1751925379.8232613,651376.2836456299
110048,1751924728.4471736,1751925211.980513,batch_consumer-sts-1_20250707_215333_051428.csv,True,False,False,1751925379.8232613,651376.0876655579
110058,1751924728.4473743,1751925212.007788,batch_consumer-sts-1_20250707_215333_051428.csv,True,False,False,1751925379.8232613,651375.8869171143
110068,1751924728.4475594,1751925212.0343416,batch_consumer-sts-1_20250707_215333_051428.csv,True,False,False,1751925379.8232613,651375.7019042969
110078,1751924728.44774,1751925212.061021,batch_consumer-sts-1_20250707_215333_051428.csv,True,False,False,1751925379.8232613,651375.5211830139
110088,1751924728.447927,1751925212.0877342,batch_consumer-sts-1_20250707_215333_051428.csv,True,False,False,1751925379.8232613,651375.3342628479
110098,1751924728.4481149,1751925212.1146853,batch_consumer-sts-1_20250707_215333_051428.csv,True,False,False,1751925379.8232613,651375.1463890076
110108,1751924728.4483006,1751925212.1419232,batch_consumer-sts-1_20250707_215333_051428.csv,True,False,False,1751925379.8232613,651374.9606609344
110118,1751924728.4484816,1751925212.169006,batch_consumer-sts-1_20250707_215333_051428.csv,True,False,False,1751925379.8232613,651374.7797012329
110128,1751924728.4486687,1751925212.196002,batch_consumer-sts-1_20250707_215333_051428.csv,True,False,False,1751925379.8232613,651374.5925426483
110138,1751924728.4488747,1751925212.2227404,batch_consumer-sts-1_20250707_215333_051428.csv,True,False,False,1751925379.8232613,651374.386548996
110148,1751924728.4490635,1751925212.2493317,batch_consumer-sts-1_20250707_215333_051428.csv,True,False,False,1751925379.8232613,651374.1977214813
110158,1751924728.449255,1751925212.276114,batch_consumer-sts-1_20250707_215333_051428.csv,True,False,False,1751925379.8232613,651374.0062713623
110168,1751924728.4494455,1751925212.3027463,batch_consumer-sts-1_20250707_215333_051428.csv,True,False,False,1751925379.8232613,651373.8157749176
110178,1751924728.449634,1751925212.328497,batch_consumer-sts-1_20250707_215333_051428.csv,True,False,False,1751925379.8232613,651373.6271858215
110188,1751924728.4498277,1751925212.35552,batch_consumer-sts-1_20250707_215333_051428.csv,True,False,False,1751925379.8232613,651373.4335899353
110198,1751924728.450021,1751925212.3820949,batch_consumer-sts-1_20250707_215333_051428.csv,True,False,False,1751925379.8232613,651373.2402324677
110208,1751924728.4502175,1751925212.4086506,batch_consumer-sts-1_20250707_215333_051428.csv,True,False,False,1751925379.8232613,651373.0437755585
110218,1751924728.45041,1751925212.4350014,batch_consumer-sts-1_20250707_215333_051428.csv,True,False,False,1751925379.8232613,651372.8513717651
110228,1751924728.4505987,1751925212.4622524,batch_consumer-sts-1_20250707_215333_051428.csv,True,False,False,1751925379.8232613,651372.6625442505
110238,1751924728.450807,1751925212.4885793,batch_consumer-sts-1_20250707_215333_051428.csv,True,False,False,1751925379.8232613,651372.4541664124
110248,1751924728.4510007,1751925212.51542,batch_consumer-sts-1_20250707_215333_051428.csv,True,False,False,1751925379.8232613,651372.2605705261
110258,1751924728.4511862,1751925212.5419576,batch_consumer-sts-1_20250707_215333_051428.csv,True,False,False,1751925379.8232613,651372.0750808716
121078,1751924733.8079305,1751925212.5687635,batch_consumer-sts-1_20250707_215333_051428.csv,True,False,False,1751925379.8232613,646015.3307914734
121088,1751924733.8081474,1751925212.5954633,batch_consumer-sts-1_20250707_215333_051428.csv,True,False,False,1751925379.8232613,646015.1138305664
121098,1751924733.8083434,1751925212.6224449,batch_consumer-sts-1_20250707_215333_051428.csv,True,False,False,1751925379.8232613,646014.9178504944
121108,1751924733.8085473,1751925212.6493242,batch_consumer-sts-1_20250707_215333_051428.csv,True,False,False,1751925379.8232613,646014.7140026093
121118,1751924733.808741,1751925212.676598,batch_consumer-sts-1_20250707_215333_051428.csv,True,False,False,1751925379.8232613,646014.5201683044
121128,1751924733.8089366,1751925212.703092,batch_consumer-sts-1_20250707_215333_051428.csv,True,False,False,1751925379.8232613,646014.3246650696
121138,1751924733.8091328,1751925212.730018,batch_consumer-sts-1_20250707_215333_051428.csv,True,False,False,1751925379.8232613,646014.128446579
121148,1751924733.8093286,1751925212.7570257,batch_consumer-sts-1_20250707_215333_051428.csv,True,False,False,1751925379.8232613,646013.9327049255
121158,1751924733.8095267,1751925212.7839994,batch_consumer-sts-1_20250707_215333_051428.csv,True,False,False,1751925379.8232613,646013.7345790863
121168,1751924733.8097267,1751925212.8104727,batch_consumer-sts-1_20250707_215333_051428.csv,True,False,False,1751925379.8232613,646013.5345458984
121178,1751924733.8099203,1751925212.8369963,batch_consumer-sts-1_20250707_215333_051428.csv,True,False,False,1751925379.8232613,646013.3409500122
121188,1751924733.810109,1751925212.863398,batch_consumer-sts-1_20250707_215333_051428.csv,True,False,False,1751925379.8232613,646013.1523609161
121198,1751924733.8103445,1751925212.8900476,batch_consumer-sts-1_20250707_215333_051428.csv,True,False,False,1751925379.8232613,646012.91680336
121208,1751924733.8105435,1751925212.9166653,batch_consumer-sts-1_20250707_215333_051428.csv,True,False,False,1751925379.8232613,646012.7177238464
121218,1751924733.8107388,1751925212.9433775,batch_consumer-sts-1_20250707_215333_051428.csv,True,False,False,1751925379.8232613,646012.5224590302
121228,1751924733.8109562,1751925212.9698849,batch_consumer-sts-1_20250707_215333_051428.csv,True,False,False,1751925379.8232613,646012.305021286
121238,1751924733.8111465,1751925212.9965053,batch_consumer-sts-1_20250707_215333_051428.csv,True,False,False,1751925379.8232613,646012.1147632599
121248,1751924733.8113377,1751925213.023442,batch_consumer-sts-1_20250707_215333_051428.csv,True,False,False,1751925379.8232613,646011.9235515594
121258,1751924733.8115234,1751925213.2180507,batch_consumer-sts-1_20250707_215351_572168.csv,True,False,False,1751925379.8232613,646011.7378234863
121268,1751924733.8117113,1751925213.2446392,batch_consumer-sts-1_20250707_215351_572168.csv,True,False,False,1751925379.8232613,646011.549949646
121278,1751924733.811899,1751925213.2711835,batch_consumer-sts-1_20250707_215351_572168.csv,True,False,False,1751925379.8232613,646011.3623142242
121288,1751924733.8120923,1751925213.2979765,batch_consumer-sts-1_20250707_215351_572168.csv,True,False,False,1751925379.8232613,646011.1689567566
121298,1751924733.812279,1751925213.3245957,batch_consumer-sts-1_20250707_215351_572168.csv,True,False,False,1751925379.8232613,646010.9822750092
121308,1751924733.812468,1751925213.34617,batch_consumer-sts-1_20250707_215351_572168.csv,True,False,False,1751925379.8232613,646010.7932090759
121318,1751924733.8126636,1751925213.372621,batch_consumer-sts-1_20250707_215351_572168.csv,True,False,False,1751925379.8232613,646010.5977058411
121328,1751924733.8128605,1751925213.3981152,batch_consumer-sts-1_20250707_215351_572168.csv,True,False,False,1751925379.8232613,646010.4007720947
121338,1751924733.813053,1751925213.4243612,batch_consumer-sts-1_20250707_215351_572168.csv,True,False,False,1751925379.8232613,646010.2083683014
121348,1751924733.813265,1751925213.4509294,batch_consumer-sts-1_20250707_215351_572168.csv,True,False,False,1751925379.8232613,646009.996175766
121358,1751924733.8134625,1751925213.4779117,batch_consumer-sts-1_20250707_215351_572168.csv,True,False,False,1751925379.8232613,646009.7987651825
121368,1751924733.8136632,1751925213.5042436,batch_consumer-sts-1_20250707_215351_572168.csv,True,False,False,1751925379.8232613,646009.5980167389
121378,1751924733.81393,1751925213.5307348,batch_consumer-sts-1_20250707_215351_572168.csv,True,False,False,1751925379.8232613,646009.3312263489
121388,1751924733.8141356,1751925213.5564952,batch_consumer-sts-1_20250707_215351_572168.csv,True,False,False,1751925379.8232613,646009.1257095337
121398,1751924733.8143487,1751925213.5831068,batch_consumer-sts-1_20250707_215351_572168.csv,True,False,False,1751925379.8232613,646008.912563324
121408,1751924733.8145635,1751925213.6096544,batch_consumer-sts-1_20250707_215351_572168.csv,True,False,False,1751925379.8232613,646008.6977481842
121418,1751924733.814754,1751925213.636119,batch_consumer-sts-1_20250707_215351_572168.csv,True,False,False,1751925379.8232613,646008.5072517395
121428,1751924733.8149457,1751925213.662609,batch_consumer-sts-1_20250707_215351_572168.csv,True,False,False,1751925379.8232613,646008.3155632019
121438,1751924733.8151505,1751925213.6884174,batch_consumer-sts-1_20250707_215351_572168.csv,True,False,False,1751925379.8232613,646008.1107616425
127458,1751924736.4675505,1751925213.7154253,batch_consumer-sts-1_20250707_215351_572168.csv,True,False,False,1751925379.8232613,643355.7107448578
127468,1751924736.4680002,1751925213.74231,batch_consumer-sts-1_20250707_215351_572168.csv,True,False,False,1751925379.8232613,643355.2610874176
127478,1751924736.4683423,1751925213.7687469,batch_consumer-sts-1_20250707_215351_572168.csv,True,False,False,1751925379.8232613,643354.9189567566
127488,1751924736.4686944,1751925213.795757,batch_consumer-sts-1_20250707_215351_572168.csv,True,False,False,1751925379.8232613,643354.5668125153
127498,1751924736.469037,1751925213.8224306,batch_consumer-sts-1_20250707_215351_572168.csv,True,False,False,1751925379.8232613,643354.2242050171
127508,1751924736.4693909,1751925213.8494833,batch_consumer-sts-1_20250707_215351_572168.csv,True,False,False,1751925379.8232613,643353.8703918457
127518,1751924736.4697251,1751925213.875984,batch_consumer-sts-1_20250707_215351_572168.csv,True,False,False,1751925379.8232613,643353.5361289978
127528,1751924736.4700713,1751925213.9022582,batch_consumer-sts-1_20250707_215351_572168.csv,True,False,False,1751925379.8232613,643353.189945221
127538,1751924736.470519,1751925214.1711562,batch_consumer-sts-1_20250707_215351_572168.csv,True,False,False,1751925379.8232613,643352.7421951294
127548,1751924736.4709408,1751925214.197596,batch_consumer-sts-1_20250707_215351_572168.csv,True,False,False,1751925379.8232613,643352.320432663
127558,1751924736.4713514,1751925214.2240417,batch_consumer-sts-1_20250707_215351_572168.csv,True,False,False,1751925379.8232613,643351.9098758698
127568,1751924736.471708,1751925214.2506351,batch_consumer-sts-1_20250707_215351_572168.csv,True,False,False,1751925379.8232613,643351.5532016754
127578,1751924736.4720535,1751925214.2768617,batch_consumer-sts-1_20250707_215351_572168.csv,True,False,False,1751925379.8232613,643351.2077331543
127588,1751924736.472408,1751925214.3034103,batch_consumer-sts-1_20250707_215351_572168.csv,True,False,False,1751925379.8232613,643350.8532047272
127598,1751924736.472762,1751925214.329927,batch_consumer-sts-1_20250707_215351_572168.csv,True,False,False,1751925379.8232613,643350.4991531372
127608,1751924736.4731126,1751925214.356747,batch_consumer-sts-1_20250707_215351_572168.csv,True,False,False,1751925379.8232613,643350.1486778259
127618,1751924736.4734683,1751925214.3822513,batch_consumer-sts-1_20250707_215351_572168.csv,True,False,False,1751925379.8232613,643349.7929573059
127628,1751924736.4738214,1751925214.408851,batch_consumer-sts-1_20250707_215351_572168.csv,True,False,False,1751925379.8232613,643349.4398593903
127638,1751924736.474209,1751925214.4354675,batch_consumer-sts-1_20250707_215351_572168.csv,True,False,False,1751925379.8232613,643349.0521907806
127648,1751924736.4746308,1751925214.4616942,batch_consumer-sts-1_20250707_215351_572168.csv,True,False,False,1751925379.8232613,643348.6304283142
127658,1751924736.4750583,1751925214.487456,batch_consumer-sts-1_20250707_215351_572168.csv,True,False,False,1751925379.8232613,643348.2029438019
127668,1751924736.4754832,1751925214.51424,batch_consumer-sts-1_20250707_215351_572168.csv,True,False,False,1751925379.8232613,643347.7780818939
127678,1751924736.4758308,1751925214.5409937,batch_consumer-sts-1_20250707_215351_572168.csv,True,False,False,1751925379.8232613,643347.4304676056
127688,1751924736.4761906,1751925214.5677624,batch_consumer-sts-1_20250707_215351_572168.csv,True,False,False,1751925379.8232613,643347.0706939697
127698,1751924736.4765427,1751925214.593295,batch_consumer-sts-1_20250707_215351_572168.csv,True,False,False,1751925379.8232613,643346.7185497284
127708,1751924736.4768827,1751925214.6202018,batch_consumer-sts-1_20250707_215351_572168.csv,True,False,False,1751925379.8232613,643346.3785648346
127718,1751924736.4772365,1751925214.646723,batch_consumer-sts-1_20250707_215351_572168.csv,True,False,False,1751925379.8232613,643346.0247516632
127728,1751924736.4775832,1751925214.6729546,batch_consumer-sts-1_20250707_215351_572168.csv,True,False,False,1751925379.8232613,643345.6780910492
127738,1751924736.4779415,1751925214.6993375,batch_consumer-sts-1_20250707_215351_572168.csv,True,False,False,1751925379.8232613,643345.3197479248
127748,1751924736.4783285,1751925214.7255335,batch_consumer-sts-1_20250707_215351_572168.csv,True,False,False,1751925379.8232613,643344.9327945709
127758,1751924736.4787543,1751925214.7521105,batch_consumer-sts-1_20250707_215351_572168.csv,True,False,False,1751925379.8232613,643344.5069789886
127768,1751924736.4791987,1751925214.778572,batch_consumer-sts-1_20250707_215351_572168.csv,True,False,False,1751925379.8232613,643344.0625667572
127778,1751924736.4796076,1751925214.8052676,batch_consumer-sts-1_20250707_215351_572168.csv,True,False,False,1751925379.8232613,643343.653678894
127788,1751924736.4799938,1751925214.8315797,batch_consumer-sts-1_20250707_215351_572168.csv,True,False,False,1751925379.8232613,643343.2674407959
127798,1751924736.480347,1751925214.8583648,batch_consumer-sts-1_20250707_215351_572168.csv,True,False,False,1751925379.8232613,643342.9143428802
127808,1751924736.480694,1751925214.8851626,batch_consumer-sts-1_20250707_215351_572168.csv,True,False,False,1751925379.8232613,643342.5672054291
127818,1751924736.4810505,1751925214.9117122,batch_consumer-sts-1_20250707_215351_572168.csv,True,False,False,1751925379.8232613,643342.2107696533
127828,1751924736.4813857,1751925214.9381723,batch_consumer-sts-1_20250707_215351_572168.csv,True,False,False,1751925379.8232613,643341.8755531311
127838,1751924736.4817295,1751925214.9649088,batch_consumer-sts-1_20250707_215351_572168.csv,True,False,False,1751925379.8232613,643341.53175354
127848,1751924736.482058,1751925214.9914749,batch_consumer-sts-1_20250707_215351_572168.csv,True,False,False,1751925379.8232613,643341.203212738
127858,1751924736.4824955,1751925215.0184937,batch_consumer-sts-1_20250707_215351_572168.csv,True,False,False,1751925379.8232613,643340.7657146454
127868,1751924736.4829156,1751925215.0453303,batch_consumer-sts-1_20250707_215351_572168.csv,True,False,False,1751925379.8232613,643340.345621109
127878,1751924736.483337,1751925215.0720942,batch_consumer-sts-1_20250707_215351_572168.csv,True,False,False,1751925379.8232613,643339.9243354797
127888,1751924736.483718,1751925215.098776,batch_consumer-sts-1_20250707_215351_572168.csv,True,False,False,1751925379.8232613,643339.5433425903
127898,1751924736.484064,1751925215.1252787,batch_consumer-sts-1_20250707_215351_572168.csv,True,False,False,1751925379.8232613,643339.1971588135
127908,1751924736.4843185,1751925215.1517527,batch_consumer-sts-1_20250707_215351_572168.csv,True,False,False,1751925379.8232613,643338.9427661896
127918,1751924736.484514,1751925215.1783326,batch_consumer-sts-1_20250707_215351_572168.csv,True,False,False,1751925379.8232613,643338.7472629547
127928,1751924736.484707,1751925215.204942,batch_consumer-sts-1_20250707_215351_572168.csv,True,False,False,1751925379.8232613,643338.5541439056
127938,1751924736.484921,1751925215.2315795,batch_consumer-sts-1_20250707_215351_572168.csv,True,False,False,1751925379.8232613,643338.3402824402
127948,1751924736.4852617,1751925215.2577908,batch_consumer-sts-1_20250707_215351_572168.csv,True,False,False,1751925379.8232613,643337.9995822906
127958,1751924736.4855676,1751925215.284269,batch_consumer-sts-1_20250707_215351_572168.csv,True,False,False,1751925379.8232613,643337.6936912537
127968,1751924736.4858286,1751925215.3107002,batch_consumer-sts-1_20250707_215351_572168.csv,True,False,False,1751925379.8232613,643337.4326229095
127978,1751924736.4860556,1751925215.3370955,batch_consumer-sts-1_20250707_215351_572168.csv,True,False,False,1751925379.8232613,643337.2056484222
127988,1751924736.486316,1751925215.3637297,batch_consumer-sts-1_20250707_215351_572168.csv,True,False,False,1751925379.8232613,643336.9452953339
127998,1751924736.4865923,1751925215.3892822,batch_consumer-sts-1_20250707_215351_572168.csv,True,False,False,1751925379.8232613,643336.6689682007
128008,1751924736.4869883,1751925215.4156735,batch_consumer-sts-1_20250707_215351_572168.csv,True,False,False,1751925379.8232613,643336.2729549408
128018,1751924736.4874015,1751925215.4425132,batch_consumer-sts-1_20250707_215351_572168.csv,True,False,False,1751925379.8232613,643335.8597755432
128028,1751924736.487805,1751925215.468056,batch_consumer-sts-1_20250707_215351_572168.csv,True,False,False,1751925379.8232613,643335.4563713074
128038,1751924736.488193,1751925215.494526,batch_consumer-sts-1_20250707_215351_572168.csv,True,False,False,1751925379.8232613,643335.0682258606
128048,1751924736.4886096,1751925215.520986,batch_consumer-sts-1_20250707_215351_572168.csv,True,False,False,1751925379.8232613,643334.6517086029
128058,1751924736.489032,1751925215.5476792,batch_consumer-sts-1_20250707_215351_572168.csv,True,False,False,1751925379.8232613,643334.2292308807
128068,1751924736.4894376,1751925215.5743084,batch_consumer-sts-1_20250707_215351_572168.csv,True,False,False,1751925379.8232613,643333.8236808777
128078,1751924736.489849,1751925215.6011927,batch_consumer-sts-1_20250707_215351_572168.csv,True,False,False,1751925379.8232613,643333.4121704102
128088,1751924736.490278,1751925215.6280415,batch_consumer-sts-1_20250707_215351_572168.csv,True,False,False,1751925379.8232613,643332.9832553864
128098,1751924736.4906807,1751925215.6545706,batch_consumer-sts-1_20250707_215351_572168.csv,True,False,False,1751925379.8232613,643332.5805664062
128108,1751924736.4911032,1751925215.681435,batch_consumer-sts-1_20250707_215351_572168.csv,True,False,False,1751925379.8232613,643332.1580886841
128118,1751924736.491474,1751925215.7083523,batch_consumer-sts-1_20250707_215351_572168.csv,True,False,False,1751925379.8232613,643331.7873477936
128128,1751924736.4918466,1751925215.7355957,batch_consumer-sts-1_20250707_215351_572168.csv,True,False,False,1751925379.8232613,643331.4146995544
128138,1751924736.4922168,1751925215.761454,batch_consumer-sts-1_20250707_215351_572168.csv,True,False,False,1751925379.8232613,643331.0444355011
128148,1751924736.4925778,1751925215.7887225,batch_consumer-sts-1_20250707_215351_572168.csv,True,False,False,1751925379.8232613,643330.6834697723
128158,1751924736.497818,1751925215.8152375,batch_consumer-sts-1_20250707_215351_572168.csv,True,False,False,1751925379.8232613,643325.4432678223
128168,1751924736.498062,1751925215.8420055,batch_consumer-sts-1_20250707_215351_572168.csv,True,False,False,1751925379.8232613,643325.1993656158
128178,1751924736.4983149,1751925215.8689015,batch_consumer-sts-1_20250707_215351_572168.csv,True,False,False,1751925379.8232613,643324.9464035034
128188,1751924736.4985516,1751925215.8956327,batch_consumer-sts-1_20250707_215351_572168.csv,True,False,False,1751925379.8232613,643324.7096538544
128198,1751924736.498786,1751925215.9223535,batch_consumer-sts-1_20250707_215351_572168.csv,True,False,False,1751925379.8232613,643324.4752883911
128208,1751924736.499019,1751925215.9493308,batch_consumer-sts-1_20250707_215351_572168.csv,True,False,False,1751925379.8232613,643324.2423534393
128218,1751924736.4992566,1751925216.132795,batch_consumer-sts-1_20250707_215351_572168.csv,True,False,False,1751925379.8232613,643324.004650116
128228,1751924736.4994788,1751925216.1592565,batch_consumer-sts-1_20250707_215351_572168.csv,True,False,False,1751925379.8232613,643323.7824440002
128238,1751924736.4996724,1751925216.1858945,batch_consumer-sts-1_20250707_215351_572168.csv,True,False,False,1751925379.8232613,643323.588848114
128248,1751924736.499864,1751925216.2122424,batch_consumer-sts-1_20250707_215351_572168.csv,True,False,False,1751925379.8232613,643323.3971595764
128258,1751924736.5000577,1751925216.2386887,batch_consumer-sts-1_20250707_215351_572168.csv,True,False,False,1751925379.8232613,643323.2035636902
128268,1751924736.5002625,1751925217.2666523,batch_consumer-sts-1_20250707_215351_572168.csv,True,False,False,1751925379.8232613,643322.9987621307
128278,1751924736.5004635,1751925217.29331,batch_consumer-sts-1_20250707_215351_572168.csv,True,False,False,1751925379.8232613,643322.7977752686
128288,1751924736.5006852,1751925217.319813,batch_consumer-sts-1_20250707_215351_572168.csv,True,False,False,1751925379.8232613,643322.57604599
131638,1751924737.9374692,1751925217.3467717,batch_consumer-sts-1_20250707_215351_572168.csv,True,False,False,1751925379.8232613,641885.792016983
131648,1751924737.9377437,1751925217.373674,batch_consumer-sts-1_20250707_215351_572168.csv,True,False,False,1751925379.8232613,641885.5175971985
131658,1751924737.9380035,1751925217.400603,batch_consumer-sts-1_20250707_215351_572168.csv,True,False,False,1751925379.8232613,641885.2577209473
131668,1751924737.938271,1751925217.426571,batch_consumer-sts-1_20250707_215351_572168.csv,True,False,False,1751925379.8232613,641884.9902153015
131678,1751924737.9385283,1751925217.4533522,batch_consumer-sts-1_20250707_215351_572168.csv,True,False,False,1751925379.8232613,641884.7329616547
131688,1751924737.9387867,1751925217.480202,batch_consumer-sts-1_20250707_215351_572168.csv,True,False,False,1751925379.8232613,641884.4745159149
131698,1751924737.939044,1751925217.5072758,batch_consumer-sts-1_20250707_215351_572168.csv,True,False,False,1751925379.8232613,641884.2172622681
131708,1751924737.9393036,1751925217.5338302,batch_consumer-sts-1_20250707_215351_572168.csv,True,False,False,1751925379.8232613,641883.9576244354
131718,1751924737.939556,1751925217.5613673,batch_consumer-sts-1_20250707_215351_572168.csv,True,False,False,1751925379.8232613,641883.7053775787
131728,1751924737.9398122,1751925217.5882738,batch_consumer-sts-1_20250707_215351_572168.csv,True,False,False,1751925379.8232613,641883.4490776062
131738,1751924737.9400628,1751925217.6149707,batch_consumer-sts-1_20250707_215351_572168.csv,True,False,False,1751925379.8232613,641883.1984996796
131748,1751924737.9403188,1751925217.641465,batch_consumer-sts-1_20250707_215351_572168.csv,True,False,False,1751925379.8232613,641882.9424381256
131758,1751924737.9405725,1751925217.6680622,batch_consumer-sts-1_20250707_215351_572168.csv,True,False,False,1751925379.8232613,641882.6887607574
131768,1751924737.9408264,1751925217.6946194,batch_consumer-sts-1_20250707_215351_572168.csv,True,False,False,1751925379.8232613,641882.4348449707
131778,1751924737.9410868,1751925217.7211776,batch_consumer-sts-1_20250707_215351_572168.csv,True,False,False,1751925379.8232613,641882.1744918823
131788,1751924737.9413402,1751925217.747677,batch_consumer-sts-1_20250707_215351_572168.csv,True,False,False,1751925379.8232613,641881.9210529327
131798,1751924737.9416003,1751925217.773925,batch_consumer-sts-1_20250707_215351_572168.csv,True,False,False,1751925379.8232613,641881.6609382629
131808,1751924737.941851,1751925217.800637,batch_consumer-sts-1_20250707_215351_572168.csv,True,False,False,1751925379.8232613,641881.4103603363
131818,1751924737.9420965,1751925217.8268783,batch_consumer-sts-1_20250707_215351_572168.csv,True,False,False,1751925379.8232613,641881.1647891998
131828,1751924737.9423535,1751925217.853248,batch_consumer-sts-1_20250707_215351_572168.csv,True,False,False,1751925379.8232613,641880.9077739716
131838,1751924737.9426074,1751925217.8795192,batch_consumer-sts-1_20250707_215351_572168.csv,True,False,False,1751925379.8232613,641880.6538581848
131848,1751924737.9428568,1751925217.906062,batch_consumer-sts-1_20250707_215351_572168.csv,True,False,False,1751925379.8232613,641880.4044723511
131858,1751924737.9431088,1751925217.9325678,batch_consumer-sts-1_20250707_215351_572168.csv,True,False,False,1751925379.8232613,641880.152463913
131868,1751924737.9433486,1751925217.958881,batch_consumer-sts-1_20250707_215351_572168.csv,True,False,False,1751925379.8232613,641879.9126148224
131878,1751924737.9435997,1751925217.9851935,batch_consumer-sts-1_20250707_215351_572168.csv,True,False,False,1751925379.8232613,641879.6615600586
131888,1751924737.943843,1751925218.011607,batch_consumer-sts-1_20250707_215351_572168.csv,True,False,False,1751925379.8232613,641879.4183731079
131898,1751924737.9440866,1751925218.038027,batch_consumer-sts-1_20250707_215351_572168.csv,True,False,False,1751925379.8232613,641879.1747093201
131908,1751924737.944333,1751925218.0639503,batch_consumer-sts-1_20250707_215351_572168.csv,True,False,False,1751925379.8232613,641878.9281845093
131918,1751924737.9445808,1751925218.0898366,batch_consumer-sts-1_20250707_215351_572168.csv,True,False,False,1751925379.8232613,641878.6804676056
131928,1751924737.9448268,1751925218.1149514,batch_consumer-sts-1_20250707_215351_572168.csv,True,False,False,1751925379.8232613,641878.434419632
131938,1751924737.9450595,1751925218.1412292,batch_consumer-sts-1_20250707_215351_572168.csv,True,False,False,1751925379.8232613,641878.2017230988
131948,1751924737.945266,1751925218.1674955,batch_consumer-sts-1_20250707_215351_572168.csv,True,False,False,1751925379.8232613,641877.9952526093
131958,1751924737.9454725,1751925218.1886072,batch_consumer-sts-1_20250707_215351_572168.csv,True,False,False,1751925379.8232613,641877.7887821198
131968,1751924737.9456809,1751925218.2150424,batch_consumer-sts-1_20250707_215351_572168.csv,True,False,False,1751925379.8232613,641877.5804042816
131978,1751924737.945887,1751925218.2414527,batch_consumer-sts-1_20250707_215351_572168.csv,True,False,False,1751925379.8232613,641877.3741722107
131988,1751924737.9460852,1751925218.2685535,batch_consumer-sts-1_20250707_215351_572168.csv,True,False,False,1751925379.8232613,641877.1760463715
131998,1751924737.946383,1751925218.2947285,batch_consumer-sts-1_20250707_215351_572168.csv,True,False,False,1751925379.8232613,641876.8782615662
132008,1751924737.9466352,1751925218.3210497,batch_consumer-sts-1_20250707_215351_572168.csv,True,False,False,1751925379.8232613,641876.6260147095
132018,1751924737.9468906,1751925218.347592,batch_consumer-sts-1_20250707_215351_572168.csv,True,False,False,1751925379.8232613,641876.3706684113
132028,1751924737.947135,1751925218.3740158,batch_consumer-sts-1_20250707_215351_572168.csv,True,False,False,1751925379.8232613,641876.1262893677
132038,1751924737.9473789,1751925218.4006538,batch_consumer-sts-1_20250707_215351_572168.csv,True,False,False,1751925379.8232613,641875.8823871613
132048,1751924737.94763,1751925218.4272554,batch_consumer-sts-1_20250707_215351_572168.csv,True,False,False,1751925379.8232613,641875.6313323975
132058,1751924737.9480033,1751925218.453906,batch_consumer-sts-1_20250707_215351_572168.csv,True,False,False,1751925379.8232613,641875.2579689026
132068,1751924737.9483688,1751925218.4804015,batch_consumer-sts-1_20250707_215351_572168.csv,True,False,False,1751925379.8232613,641874.8924732208
132078,1751924737.948743,1751925218.5071833,batch_consumer-sts-1_20250707_215351_572168.csv,True,False,False,1751925379.8232613,641874.5181560516
132088,1751924737.9491384,1751925218.5337803,batch_consumer-sts-1_20250707_215351_572168.csv,True,False,False,1751925379.8232613,641874.1228580475
132098,1751924737.9495163,1751925218.5603185,batch_consumer-sts-1_20250707_215351_572168.csv,True,False,False,1751925379.8232613,641873.7449645996
132108,1751924737.949904,1751925218.5870266,batch_consumer-sts-1_20250707_215351_572168.csv,True,False,False,1751925379.8232613,641873.35729599
132118,1751924737.9503012,1751925218.6135614,batch_consumer-sts-1_20250707_215351_572168.csv,True,False,False,1751925379.8232613,641872.9600906372
132128,1751924737.950686,1751925218.6399114,batch_consumer-sts-1_20250707_215351_572168.csv,True,False,False,1751925379.8232613,641872.5752830505
132138,1751924737.9510758,1751925218.6663408,batch_consumer-sts-1_20250707_215351_572168.csv,True,False,False,1751925379.8232613,641872.1854686737
132148,1751924737.951458,1751925218.6927109,batch_consumer-sts-1_20250707_215351_572168.csv,True,False,False,1751925379.8232613,641871.8032836914
132158,1751924737.951842,1751925218.7191358,batch_consumer-sts-1_20250707_215351_572168.csv,True,False,False,1751925379.8232613,641871.4191913605
132168,1751924737.952249,1751925218.7450938,batch_consumer-sts-1_20250707_215351_572168.csv,True,False,False,1751925379.8232613,641871.012210846
132178,1751924737.9526248,1751925218.77162,batch_consumer-sts-1_20250707_215351_572168.csv,True,False,False,1751925379.8232613,641870.6364631653
132188,1751924737.953002,1751925218.7981207,batch_consumer-sts-1_20250707_215351_572168.csv,True,False,False,1751925379.8232613,641870.2592849731
132198,1751924737.9533942,1751925218.8248997,batch_consumer-sts-1_20250707_215351_572168.csv,True,False,False,1751925379.8232613,641869.8670864105
132208,1751924737.9537773,1751925218.8518126,batch_consumer-sts-1_20250707_215351_572168.csv,True,False,False,1751925379.8232613,641869.4839477539
132218,1751924737.9541876,1751925218.8780966,batch_consumer-sts-1_20250707_215351_572168.csv,True,False,False,1751925379.8232613,641869.0736293793
132228,1751924737.9545653,1751925218.9045656,batch_consumer-sts-1_20250707_215351_572168.csv,True,False,False,1751925379.8232613,641868.69597435
132238,1751924737.954956,1751925218.9310172,batch_consumer-sts-1_20250707_215351_572168.csv,True,False,False,1751925379.8232613,641868.3052062988
132248,1751924737.955336,1751925218.9572933,batch_consumer-sts-1_20250707_215351_572168.csv,True,False,False,1751925379.8232613,641867.9251670837
132258,1751924737.9557085,1751925218.983608,batch_consumer-sts-1_20250707_215351_572168.csv,True,False,False,1751925379.8232613,641867.5527572632
132268,1751924737.9560668,1751925219.009929,batch_consumer-sts-1_20250707_215351_572168.csv,True,False,False,1751925379.8232613,641867.1944141388
132278,1751924737.95637,1751925219.4004033,batch_consumer-sts-1_20250707_215351_572168.csv,True,False,False,1751925379.8232613,641866.8911457062
132288,1751924737.956665,1751925219.426263,batch_consumer-sts-1_20250707_215351_572168.csv,True,False,False,1751925379.8232613,641866.5962219238
132298,1751924737.9569936,1751925219.452152,batch_consumer-sts-1_20250707_215351_572168.csv,True,False,False,1751925379.8232613,641866.2676811218
132308,1751924737.957384,1751925219.4782312,batch_consumer-sts-1_20250707_215351_572168.csv,True,False,False,1751925379.8232613,641865.8771514893
132318,1751924737.9577737,1751925219.5043344,batch_consumer-sts-1_20250707_215351_572168.csv,True,False,False,1751925379.8232613,641865.487575531
132328,1751924737.9581685,1751925219.5304909,batch_consumer-sts-1_20250707_215351_572168.csv,True,False,False,1751925379.8232613,641865.092754364
132338,1751924737.9587858,1751925219.5564308,batch_consumer-sts-1_20250707_215351_572168.csv,True,False,False,1751925379.8232613,641864.4754886627
132348,1751924737.959174,1751925219.5826514,batch_consumer-sts-1_20250707_215351_572168.csv,True,False,False,1751925379.8232613,641864.087343216
132358,1751924737.959594,1751925219.6088388,batch_consumer-sts-1_20250707_215351_572168.csv,True,False,False,1751925379.8232613,641863.6672496796
132368,1751924737.9600618,1751925219.6348517,batch_consumer-sts-1_20250707_215351_572168.csv,True,False,False,1751925379.8232613,641863.1994724274
132378,1751924737.96048,1751925219.6611502,batch_consumer-sts-1_20250707_215351_572168.csv,True,False,False,1751925379.8232613,641862.7812862396
132388,1751924737.9608629,1751925219.6872094,batch_consumer-sts-1_20250707_215351_572168.csv,True,False,False,1751925379.8232613,641862.3983860016
132398,1751924737.9612482,1751925219.7131655,batch_consumer-sts-1_20250707_215351_572168.csv,True,False,False,1751925379.8232613,641862.0131015778
132408,1751924737.9616315,1751925219.7395427,batch_consumer-sts-1_20250707_215351_572168.csv,True,False,False,1751925379.8232613,641861.6297245026
132418,1751924737.9620264,1751925219.7657938,batch_consumer-sts-1_20250707_215351_572168.csv,True,False,False,1751925379.8232613,641861.2349033356
132428,1751924737.9624248,1751925219.7909734,batch_consumer-sts-1_20250707_215351_572168.csv,True,False,False,1751925379.8232613,641860.8365058899
132438,1751924737.9628086,1751925219.8170424,batch_consumer-sts-1_20250707_215351_572168.csv,True,False,False,1751925379.8232613,641860.4526519775
132448,1751924737.9631965,1751925219.8430376,batch_consumer-sts-1_20250707_215351_572168.csv,True,False,False,1751925379.8232613,641860.0647449493
132458,1751924737.9635932,1751925219.86945,batch_consumer-sts-1_20250707_215351_572168.csv,True,False,False,1751925379.8232613,641859.6680164337
132468,1751924737.9639685,1751925219.8958664,batch_consumer-sts-1_20250707_215351_572168.csv,True,False,False,1751925379.8232613,641859.2927455902
132478,1751924737.9642153,1751925219.922062,batch_consumer-sts-1_20250707_215351_572168.csv,True,False,False,1751925379.8232613,641859.0459823608
132488,1751924737.9644582,1751925219.9486113,batch_consumer-sts-1_20250707_215351_572168.csv,True,False,False,1751925379.8232613,641858.8030338287
132498,1751924737.9647002,1751925219.9749815,batch_consumer-sts-1_20250707_215351_572168.csv,True,False,False,1751925379.8232613,641858.561038971
132508,1751924737.964955,1751925220.001293,batch_consumer-sts-1_20250707_215351_572168.csv,True,False,False,1751925379.8232613,641858.3061695099
132518,1751924737.965201,1751925220.027475,batch_consumer-sts-1_20250707_215351_572168.csv,True,False,False,1751925379.8232613,641858.0603599548
132528,1751924737.9654477,1751925220.0537827,batch_consumer-sts-1_20250707_215351_572168.csv,True,False,False,1751925379.8232613,641857.8135967255
132538,1751924737.9656928,1751925220.0802033,batch_consumer-sts-1_20250707_215351_572168.csv,True,False,False,1751925379.8232613,641857.5685024261
132548,1751924737.9659345,1751925220.1074688,batch_consumer-sts-1_20250707_215351_572168.csv,True,False,False,1751925379.8232613,641857.3267459869
132558,1751924737.9661944,1751925220.13433,batch_consumer-sts-1_20250707_215351_572168.csv,True,False,False,1751925379.8232613,641857.0668697357
132568,1751924737.9664366,1751925220.161285,batch_consumer-sts-1_20250707_215351_572168.csv,True,False,False,1751925379.8232613,641856.8246364594
132578,1751924737.9666722,1751925220.1879995,batch_consumer-sts-1_20250707_215351_572168.csv,True,False,False,1751925379.8232613,641856.5890789032
132588,1751924737.9669125,1751925220.2144775,batch_consumer-sts-1_20250707_215351_572168.csv,True,False,False,1751925379.8232613,641856.3487529755
132598,1751924737.9671526,1751925220.2407863,batch_consumer-sts-1_20250707_215351_572168.csv,True,False,False,1751925379.8232613,641856.1086654663
132608,1751924737.967409,1751925220.2673538,batch_consumer-sts-1_20250707_215351_572168.csv,True,False,False,1751925379.8232613,641855.8523654938
132618,1751924737.9676054,1751925220.2935042,batch_consumer-sts-1_20250707_215351_572168.csv,True,False,False,1751925379.8232613,641855.6559085846
132628,1751924737.967816,1751925220.320194,batch_consumer-sts-1_20250707_215351_572168.csv,True,False,False,1751925379.8232613,641855.4451465607
132638,1751924737.9680548,1751925220.3462305,batch_consumer-sts-1_20250707_215351_572168.csv,True,False,False,1751925379.8232613,641855.206489563
132648,1751924737.9683156,1751925220.3721,batch_consumer-sts-1_20250707_215351_572168.csv,True,False,False,1751925379.8232613,641854.9456596375
132658,1751924737.9685583,1751925220.3981135,batch_consumer-sts-1_20250707_215351_572168.csv,True,False,False,1751925379.8232613,641854.7029495239
132668,1751924737.9687989,1751925220.4240644,batch_consumer-sts-1_20250707_215351_572168.csv,True,False,False,1751925379.8232613,641854.4623851776
132678,1751924737.9690418,1751925220.4502103,batch_consumer-sts-1_20250707_215351_572168.csv,True,False,False,1751925379.8232613,641854.2194366455
132688,1751924737.9692807,1751925220.4762144,batch_consumer-sts-1_20250707_215351_572168.csv,True,False,False,1751925379.8232613,641853.9805412292
132698,1751924737.9695325,1751925220.5020103,batch_consumer-sts-1_20250707_215351_572168.csv,True,False,False,1751925379.8232613,641853.7287712097
132708,1751924737.9697804,1751925220.5281775,batch_consumer-sts-1_20250707_215351_572168.csv,True,False,False,1751925379.8232613,641853.4808158875
132718,1751924737.970019,1751925220.5539148,batch_consumer-sts-1_20250707_215351_572168.csv,True,False,False,1751925379.8232613,641853.2421588898
132728,1751924737.970271,1751925220.5799477,batch_consumer-sts-1_20250707_215351_572168.csv,True,False,False,1751925379.8232613,641852.9901504517
132738,1751924737.970518,1751925220.6049104,batch_consumer-sts-1_20250707_215351_572168.csv,True,False,False,1751925379.8232613,641852.7431488037
132748,1751924737.970764,1751925220.6308968,batch_consumer-sts-1_20250707_215351_572168.csv,True,False,False,1751925379.8232613,641852.4973392487
132758,1751924737.971012,1751925220.6568184,batch_consumer-sts-1_20250707_215351_572168.csv,True,False,False,1751925379.8232613,641852.2491455078
132768,1751924737.9712586,1751925220.682948,batch_consumer-sts-1_20250707_215351_572168.csv,True,False,False,1751925379.8232613,641852.002620697
132778,1751924737.971504,1751925220.7094295,batch_consumer-sts-1_20250707_215351_572168.csv,True,False,False,1751925379.8232613,641851.7572879791
134038,1751924738.2496402,1751925220.7360368,batch_consumer-sts-1_20250707_215351_572168.csv,True,False,False,1751925379.8232613,641573.6210346222
134048,1751924738.2500331,1751925220.7624297,batch_consumer-sts-1_20250707_215351_572168.csv,True,False,False,1751925379.8232613,641573.2281208038
134058,1751924738.250387,1751925220.7892864,batch_consumer-sts-1_20250707_215351_572168.csv,True,False,False,1751925379.8232613,641572.8743076324
134068,1751924738.250707,1751925220.8155613,batch_consumer-sts-1_20250707_215351_572168.csv,True,False,False,1751925379.8232613,641572.5543498993
134078,1751924738.251048,1751925220.8414366,batch_consumer-sts-1_20250707_215351_572168.csv,True,False,False,1751925379.8232613,641572.2131729126
134088,1751924738.2513788,1751925220.867539,batch_consumer-sts-1_20250707_215351_572168.csv,True,False,False,1751925379.8232613,641571.8824863434
134098,1751924738.2517197,1751925220.894279,batch_consumer-sts-1_20250707_215351_572168.csv,True,False,False,1751925379.8232613,641571.5415477753
134108,1751924738.2520375,1751925220.920212,batch_consumer-sts-1_20250707_215351_572168.csv,True,False,False,1751925379.8232613,641571.2237358093
134118,1751924738.2523928,1751925220.946013,batch_consumer-sts-1_20250707_215351_572168.csv,True,False,False,1751925379.8232613,641570.8684921265
134128,1751924738.2527225,1751925220.971681,batch_consumer-sts-1_20250707_215351_572168.csv,True,False,False,1751925379.8232613,641570.5387592316
134138,1751924738.2530622,1751925220.9977355,batch_consumer-sts-1_20250707_215351_572168.csv,True,False,False,1751925379.8232613,641570.1990127563
134148,1751924738.2534034,1751925221.0236404,batch_consumer-sts-1_20250707_215351_572168.csv,True,False,False,1751925379.8232613,641569.8578357697
134158,1751924738.2537544,1751925221.049578,batch_consumer-sts-1_20250707_215351_572168.csv,True,False,False,1751925379.8232613,641569.5068836212
134168,1751924738.2540956,1751925221.2400842,batch_consumer-sts-1_20250707_215351_572168.csv,True,False,False,1751925379.8232613,641569.1657066345
134178,1751924738.254428,1751925221.2660012,batch_consumer-sts-1_20250707_215351_572168.csv,True,False,False,1751925379.8232613,641568.8333511353
134188,1751924738.2547843,1751925221.2918084,batch_consumer-sts-1_20250707_215351_572168.csv,True,False,False,1751925379.8232613,641568.4769153595
134198,1751924738.2551231,1751925221.3177,batch_consumer-sts-1_20250707_215351_572168.csv,True,False,False,1751925379.8232613,641568.1381225586
134208,1751924738.2554605,1751925221.3441024,batch_consumer-sts-1_20250707_215351_572168.csv,True,False,False,1751925379.8232613,641567.8007602692
134218,1751924738.255805,1751925221.370163,batch_consumer-sts-1_20250707_215351_572168.csv,True,False,False,1751925379.8232613,641567.4562454224
134228,1751924738.2561345,1751925221.396226,batch_consumer-sts-1_20250707_215351_572168.csv,True,False,False,1751925379.8232613,641567.126750946
134238,1751924738.2564666,1751925221.4224007,batch_consumer-sts-1_20250707_215351_572168.csv,True,False,False,1751925379.8232613,641566.7946338654
134248,1751924738.256782,1751925221.4485614,batch_consumer-sts-1_20250707_215351_572168.csv,True,False,False,1751925379.8232613,641566.4792060852
134258,1751924738.257106,1751925222.47649,batch_consumer-sts-1_20250707_215351_572168.csv,True,False,False,1751925379.8232613,641566.1551952362
134268,1751924738.2573352,1751925222.5027082,batch_consumer-sts-1_20250707_215351_572168.csv,True,False,False,1751925379.8232613,641565.9260749817
134278,1751924738.2575684,1751925222.528443,batch_consumer-sts-1_20250707_215351_572168.csv,True,False,False,1751925379.8232613,641565.6929016113
134288,1751924738.257805,1751925222.5543458,batch_consumer-sts-1_20250707_215351_572168.csv,True,False,False,1751925379.8232613,641565.4561519623
134298,1751924738.258036,1751925222.580516,batch_consumer-sts-1_20250707_215351_572168.csv,True,False,False,1751925379.8232613,641565.2253627777
134308,1751924738.258291,1751925222.6069033,batch_consumer-sts-1_20250707_215351_572168.csv,True,False,False,1751925379.8232613,641564.9702548981
134318,1751924738.2585254,1751925222.6327388,batch_consumer-sts-1_20250707_215351_572168.csv,True,False,False,1751925379.8232613,641564.7358894348
134328,1751924738.2587607,1751925222.6587408,batch_consumer-sts-1_20250707_215351_572168.csv,True,False,False,1751925379.8232613,641564.5005702972
134338,1751924738.2590048,1751925222.6808252,batch_consumer-sts-1_20250707_215351_572168.csv,True,False,False,1751925379.8232613,641564.2564296722
134348,1751924738.2592366,1751925222.7067945,batch_consumer-sts-1_20250707_215351_572168.csv,True,False,False,1751925379.8232613,641564.0246868134
134358,1751924738.2594943,1751925222.732624,batch_consumer-sts-1_20250707_215351_572168.csv,True,False,False,1751925379.8232613,641563.7669563293
134368,1751924738.259728,1751925222.7588353,batch_consumer-sts-1_20250707_215351_572168.csv,True,False,False,1751925379.8232613,641563.5333061218
134378,1751924738.2599432,1751925222.7848,batch_consumer-sts-1_20250707_215351_572168.csv,True,False,False,1751925379.8232613,641563.3180141449
134388,1751924738.2601707,1751925222.8106356,batch_consumer-sts-1_20250707_215351_572168.csv,True,False,False,1751925379.8232613,641563.0905628204
134398,1751924738.260404,1751925222.836395,batch_consumer-sts-1_20250707_215351_572168.csv,True,False,False,1751925379.8232613,641562.8571510315
134408,1751924738.2606337,1751925222.862053,batch_consumer-sts-1_20250707_215351_572168.csv,True,False,False,1751925379.8232613,641562.6275539398
134418,1751924738.2608607,1751925222.887774,batch_consumer-sts-1_20250707_215351_572168.csv,True,False,False,1751925379.8232613,641562.4005794525
134428,1751924738.2610955,1751925222.9138887,batch_consumer-sts-1_20250707_215351_572168.csv,True,False,False,1751925379.8232613,641562.1657371521
134438,1751924738.2613356,1751925222.939621,batch_consumer-sts-1_20250707_215351_572168.csv,True,False,False,1751925379.8232613,641561.925649643
134448,1751924738.2615795,1751925222.9655015,batch_consumer-sts-1_20250707_215351_572168.csv,True,False,False,1751925379.8232613,641561.6817474365
134458,1751924738.2618186,1751925222.991483,batch_consumer-sts-1_20250707_215351_572168.csv,True,False,False,1751925379.8232613,641561.4426136017
134468,1751924738.2620544,1751925223.017342,batch_consumer-sts-1_20250707_215351_572168.csv,True,False,False,1751925379.8232613,641561.206817627
134478,1751924738.2623029,1751925223.0432632,batch_consumer-sts-1_20250707_215351_572168.csv,True,False,False,1751925379.8232613,641560.9583854675
134488,1751924738.2625332,1751925223.0693974,batch_consumer-sts-1_20250707_215351_572168.csv,True,False,False,1751925379.8232613,641560.7280731201
134498,1751924738.2627726,1751925223.0956802,batch_consumer-sts-1_20250707_215351_572168.csv,True,False,False,1751925379.8232613,641560.4887008667
134508,1751924738.2629974,1751925223.121729,batch_consumer-sts-1_20250707_215351_572168.csv,True,False,False,1751925379.8232613,641560.2638721466
134518,1751924738.2632315,1751925223.1467953,batch_consumer-sts-1_20250707_215351_572168.csv,True,False,False,1751925379.8232613,641560.0297451019
134528,1751924738.2634618,1751925223.1718457,batch_consumer-sts-1_20250707_215351_572168.csv,True,False,False,1751925379.8232613,641559.7994327545
134538,1751924738.263689,1751925223.197946,batch_consumer-sts-1_20250707_215351_572168.csv,True,False,False,1751925379.8232613,641559.5722198486
134548,1751924738.2639248,1751925223.224033,batch_consumer-sts-1_20250707_215351_572168.csv,True,False,False,1751925379.8232613,641559.3364238739
134558,1751924738.2641697,1751925223.2499936,batch_consumer-sts-1_20250707_215351_572168.csv,True,False,False,1751925379.8232613,641559.0915679932
134568,1751924738.264399,1751925223.2759905,batch_consumer-sts-1_20250707_215351_572168.csv,True,False,False,1751925379.8232613,641558.8622093201
134578,1751924738.2646298,1751925223.3016825,batch_consumer-sts-1_20250707_215351_572168.csv,True,False,False,1751925379.8232613,641558.6314201355
134588,1751924738.2648566,1751925223.32774,batch_consumer-sts-1_20250707_215351_572168.csv,True,False,False,1751925379.8232613,641558.4046840668
136138,1751924739.2251682,1751925223.35377,batch_consumer-sts-1_20250707_215351_572168.csv,True,False,False,1751925379.8232613,640598.0930328369
136148,1751924739.2254956,1751925223.37966,batch_consumer-sts-1_20250707_215351_572168.csv,True,False,False,1751925379.8232613,640597.7656841278
136158,1751924739.2258134,1751925223.405768,batch_consumer-sts-1_20250707_215351_572168.csv,True,False,False,1751925379.8232613,640597.4478721619
136168,1751924739.2261484,1751925223.4315605,batch_consumer-sts-1_20250707_215351_572168.csv,True,False,False,1751925379.8232613,640597.1128940582
136178,1751924739.2264624,1751925223.457369,batch_consumer-sts-1_20250707_215351_572168.csv,True,False,False,1751925379.8232613,640596.7988967896
136188,1751924739.226793,1751925223.4831192,batch_consumer-sts-1_20250707_215351_572168.csv,True,False,False,1751925379.8232613,640596.4682102203
136198,1751924739.2271278,1751925223.5089676,batch_consumer-sts-1_20250707_215351_572168.csv,True,False,False,1751925379.8232613,640596.1334705353
136208,1751924739.2274165,1751925223.5351243,batch_consumer-sts-1_20250707_215351_572168.csv,True,False,False,1751925379.8232613,640595.844745636
136218,1751924739.2277615,1751925223.5609448,batch_consumer-sts-1_20250707_215351_572168.csv,True,False,False,1751925379.8232613,640595.499753952
136228,1751924739.228058,1751925223.5856946,batch_consumer-sts-1_20250707_215351_572168.csv,True,False,False,1751925379.8232613,640595.2031612396
136238,1751924739.2283883,1751925223.6114657,batch_consumer-sts-1_20250707_215351_572168.csv,True,False,False,1751925379.8232613,640594.8729515076
136248,1751924739.2287288,1751925223.6373546,batch_consumer-sts-1_20250707_215351_572168.csv,True,False,False,1751925379.8232613,640594.5324897766
136258,1751924739.2290304,1751925223.663272,batch_consumer-sts-1_20250707_215351_572168.csv,True,False,False,1751925379.8232613,640594.230890274
136268,1751924739.229368,1751925223.689407,batch_consumer-sts-1_20250707_215351_572168.csv,True,False,False,1751925379.8232613,640593.893289566
136278,1751924739.2297125,1751925223.715275,batch_consumer-sts-1_20250707_215351_572168.csv,True,False,False,1751925379.8232613,640593.5487747192
136288,1751924739.2300608,1751925223.740847,batch_consumer-sts-1_20250707_215351_572168.csv,True,False,False,1751925379.8232613,640593.2004451752
136298,1751924739.230401,1751925223.7668223,batch_consumer-sts-1_20250707_215351_572168.csv,True,False,False,1751925379.8232613,640592.8602218628
136308,1751924739.2307522,1751925223.7927847,batch_consumer-sts-1_20250707_215351_572168.csv,True,False,False,1751925379.8232613,640592.5090312958
136318,1751924739.231096,1751925223.818588,batch_consumer-sts-1_20250707_215351_572168.csv,True,False,False,1751925379.8232613,640592.1652317047
136328,1751924739.2314312,1751925223.8443415,batch_consumer-sts-1_20250707_215351_572168.csv,True,False,False,1751925379.8232613,640591.8300151825
136338,1751924739.231773,1751925223.8701687,batch_consumer-sts-1_20250707_215351_572168.csv,True,False,False,1751925379.8232613,640591.4883613586
136348,1751924739.2321112,1751925223.8963668,batch_consumer-sts-1_20250707_215351_572168.csv,True,False,False,1751925379.8232613,640591.1500453949
136358,1751924739.2324648,1751925223.9221857,batch_consumer-sts-1_20250707_215351_572168.csv,True,False,False,1751925379.8232613,640590.7964706421
136368,1751924739.2328038,1751925223.9484158,batch_consumer-sts-1_20250707_215351_572168.csv,True,False,False,1751925379.8232613,640590.4574394226
136378,1751924739.2331564,1751925223.9742525,batch_consumer-sts-1_20250707_215351_572168.csv,True,False,False,1751925379.8232613,640590.1048183441
136388,1751924739.2334826,1751925224.0003033,batch_consumer-sts-1_20250707_215351_572168.csv,True,False,False,1751925379.8232613,640589.7786617279
136398,1751924739.2338312,1751925224.026564,batch_consumer-sts-1_20250707_215351_572168.csv,True,False,False,1751925379.8232613,640589.4300937653
136408,1751924739.2340686,1751925224.0533197,batch_consumer-sts-1_20250707_215351_572168.csv,True,False,False,1751925379.8232613,640589.1926288605
136418,1751924739.234316,1751925224.0794053,batch_consumer-sts-1_20250707_215351_572168.csv,True,False,False,1751925379.8232613,640588.9451503754
136428,1751924739.2345524,1751925224.1055725,batch_consumer-sts-1_20250707_215351_572168.csv,True,False,False,1751925379.8232613,640588.7088775635
136438,1751924739.2347977,1751925224.131459,batch_consumer-sts-1_20250707_215351_572168.csv,True,False,False,1751925379.8232613,640588.4635448456
136448,1751924739.2350268,1751925224.398141,batch_consumer-sts-1_20250707_215351_572168.csv,True,False,False,1751925379.8232613,640588.2344245911
136458,1751924739.235263,1751925224.4243383,batch_consumer-sts-1_20250707_215351_572168.csv,True,False,False,1751925379.8232613,640587.9981517792
136468,1751924739.235487,1751925224.4505534,batch_consumer-sts-1_20250707_215351_572168.csv,True,False,False,1751925379.8232613,640587.7742767334
136478,1751924739.23567,1751925224.4765787,batch_consumer-sts-1_20250707_215351_572168.csv,True,False,False,1751925379.8232613,640587.5911712646
136488,1751924739.23585,1751925224.5024393,batch_consumer-sts-1_20250707_215351_572168.csv,True,False,False,1751925379.8232613,640587.4111652374
136498,1751924739.2360256,1751925224.5283842,batch_consumer-sts-1_20250707_215351_572168.csv,True,False,False,1751925379.8232613,640587.2356891632
136508,1751924739.2362063,1751925224.5543258,batch_consumer-sts-1_20250707_215351_572168.csv,True,False,False,1751925379.8232613,640587.0549678802
136518,1751924739.2363896,1751925224.579993,batch_consumer-sts-1_20250707_215351_572168.csv,True,False,False,1751925379.8232613,640586.8716239929
136528,1751924739.2365713,1751925224.6055112,batch_consumer-sts-1_20250707_215351_572168.csv,True,False,False,1751925379.8232613,640586.6899490356
136538,1751924739.2367566,1751925224.6311042,batch_consumer-sts-1_20250707_215351_572168.csv,True,False,False,1751925379.8232613,640586.5046977997
136548,1751924739.23694,1751925224.6566958,batch_consumer-sts-1_20250707_215351_572168.csv,True,False,False,1751925379.8232613,640586.3213539124
136558,1751924739.237123,1751925224.6823556,batch_consumer-sts-1_20250707_215351_572168.csv,True,False,False,1751925379.8232613,640586.1382484436
136568,1751924739.2373078,1751925224.7078774,batch_consumer-sts-1_20250707_215351_572168.csv,True,False,False,1751925379.8232613,640585.9534740448
136578,1751924739.237512,1751925224.7333562,batch_consumer-sts-1_20250707_215351_572168.csv,True,False,False,1751925379.8232613,640585.7491493225
136588,1751924739.237746,1751925224.7589865,batch_consumer-sts-1_20250707_215351_572168.csv,True,False,False,1751925379.8232613,640585.5152606964
136598,1751924739.2379997,1751925224.784784,batch_consumer-sts-1_20250707_215351_572168.csv,True,False,False,1751925379.8232613,640585.2615833282
136608,1751924739.2382698,1751925224.8106112,batch_consumer-sts-1_20250707_215351_572168.csv,True,False,False,1751925379.8232613,640584.9914550781
136618,1751924739.2385066,1751925224.836343,batch_consumer-sts-1_20250707_215351_572168.csv,True,False,False,1751925379.8232613,640584.7547054291
136628,1751924739.2387474,1751925224.8626378,batch_consumer-sts-1_20250707_215351_572168.csv,True,False,False,1751925379.8232613,640584.5139026642
136638,1751924739.23898,1751925224.8885152,batch_consumer-sts-1_20250707_215351_572168.csv,True,False,False,1751925379.8232613,640584.281206131
136648,1751924739.239211,1751925224.914359,batch_consumer-sts-1_20250707_215351_572168.csv,True,False,False,1751925379.8232613,640584.0501785278
136658,1751924739.239444,1751925224.9400816,batch_consumer-sts-1_20250707_215351_572168.csv,True,False,False,1751925379.8232613,640583.817243576
136668,1751924739.239676,1751925224.9659195,batch_consumer-sts-1_20250707_215351_572168.csv,True,False,False,1751925379.8232613,640583.5852622986
136678,1751924739.2399104,1751925224.9917896,batch_consumer-sts-1_20250707_215351_572168.csv,True,False,False,1751925379.8232613,640583.3508968353
136688,1751924739.2401516,1751925225.017961,batch_consumer-sts-1_20250707_215351_572168.csv,True,False,False,1751925379.8232613,640583.1096172333
136698,1751924739.2403777,1751925225.0438652,batch_consumer-sts-1_20250707_215351_572168.csv,True,False,False,1751925379.8232613,640582.8835964203
136708,1751924739.2406175,1751925225.0698614,batch_consumer-sts-1_20250707_215351_572168.csv,True,False,False,1751925379.8232613,640582.6437473297
136718,1751924739.2408483,1751925225.0958743,batch_consumer-sts-1_20250707_215351_572168.csv,True,False,False,1751925379.8232613,640582.4129581451
136728,1751924739.2410874,1751925225.1220498,batch_consumer-sts-1_20250707_215351_572168.csv,True,False,False,1751925379.8232613,640582.1738243103
136738,1751924739.2413237,1751925225.1478558,batch_consumer-sts-1_20250707_215351_572168.csv,True,False,False,1751925379.8232613,640581.9375514984
136748,1751924739.2415586,1751925225.173712,batch_consumer-sts-1_20250707_215351_572168.csv,True,False,False,1751925379.8232613,640581.702709198
136758,1751924739.2418003,1751925225.1994915,batch_consumer-sts-1_20250707_215351_572168.csv,True,False,False,1751925379.8232613,640581.4609527588
136768,1751924739.2420387,1751925225.2252934,batch_consumer-sts-1_20250707_215351_572168.csv,True,False,False,1751925379.8232613,640581.2225341797
136778,1751924739.2422822,1751925225.2513278,batch_consumer-sts-1_20250707_215351_572168.csv,True,False,False,1751925379.8232613,640580.9791088104
136788,1751924739.2425218,1751925225.2770855,batch_consumer-sts-1_20250707_215351_572168.csv,True,False,False,1751925379.8232613,640580.7394981384
136798,1751924739.242758,1751925225.3029208,batch_consumer-sts-1_20250707_215351_572168.csv,True,False,False,1751925379.8232613,640580.5032253265
136808,1751924739.242985,1751925225.3279066,batch_consumer-sts-1_20250707_215351_572168.csv,True,False,False,1751925379.8232613,640580.2762508392
147558,1751924742.4104269,1751925225.3536851,batch_consumer-sts-1_20250707_215351_572168.csv,True,False,False,1751925379.8232613,637412.834405899
147568,1751924742.816363,1751925225.379555,batch_consumer-sts-1_20250707_215351_572168.csv,True,False,False,1751925379.8232613,637006.8981647491
147578,1751924742.8166263,1751925225.405552,batch_consumer-sts-1_20250707_215351_572168.csv,True,False,False,1751925379.8232613,637006.6349506378
147588,1751924742.816864,1751925225.431361,batch_consumer-sts-1_20250707_215351_572168.csv,True,False,False,1751925379.8232613,637006.3972473145
147598,1751924742.8171017,1751925225.4570694,batch_consumer-sts-1_20250707_215351_572168.csv,True,False,False,1751925379.8232613,637006.1595439911
147608,1751924742.8173363,1751925225.4828768,batch_consumer-sts-1_20250707_215351_572168.csv,True,False,False,1751925379.8232613,637005.9249401093
147618,1751924742.817562,1751925225.5076988,batch_consumer-sts-1_20250707_215351_572168.csv,True,False,False,1751925379.8232613,637005.6991577148
147628,1751924742.8177867,1751925225.5334346,batch_consumer-sts-1_20250707_215351_572168.csv,True,False,False,1751925379.8232613,637005.4745674133
147638,1751924742.818019,1751925225.5593534,batch_consumer-sts-1_20250707_215351_572168.csv,True,False,False,1751925379.8232613,637005.2423477173
147648,1751924742.8182576,1751925225.5853536,batch_consumer-sts-1_20250707_215351_572168.csv,True,False,False,1751925379.8232613,637005.0036907196
147658,1751924742.818492,1751925225.611209,batch_consumer-sts-1_20250707_215351_572168.csv,True,False,False,1751925379.8232613,637004.7693252563
147668,1751924742.8187313,1751925225.637164,batch_consumer-sts-1_20250707_215351_572168.csv,True,False,False,1751925379.8232613,637004.5299530029
147678,1751924742.8189604,1751925225.663024,batch_consumer-sts-1_20250707_215351_572168.csv,True,False,False,1751925379.8232613,637004.3008327484
147688,1751924742.819204,1751925225.6893768,batch_consumer-sts-1_20250707_215351_572168.csv,True,False,False,1751925379.8232613,637004.0571689606
154758,1751924744.2557018,1751925225.7154477,batch_consumer-sts-1_20250707_215351_572168.csv,True,False,False,1751925379.8232613,635567.5594806671
154768,1751924744.2561212,1751925225.7413096,batch_consumer-sts-1_20250707_215351_572168.csv,True,False,False,1751925379.8232613,635567.1401023865
154778,1751924744.2565644,1751925225.767444,batch_consumer-sts-1_20250707_215351_572168.csv,True,False,False,1751925379.8232613,635566.6968822479
154788,1751924744.2569735,1751925225.7931938,batch_consumer-sts-1_20250707_215351_572168.csv,True,False,False,1751925379.8232613,635566.2877559662
154798,1751924744.2574034,1751925225.819008,batch_consumer-sts-1_20250707_215351_572168.csv,True,False,False,1751925379.8232613,635565.8578872681
154808,1751924744.2578344,1751925225.8447788,batch_consumer-sts-1_20250707_215351_572168.csv,True,False,False,1751925379.8232613,635565.426826477
154818,1751924744.2582526,1751925225.8708346,batch_consumer-sts-1_20250707_215351_572168.csv,True,False,False,1751925379.8232613,635565.0086402893
154828,1751924744.258658,1751925225.8970952,batch_consumer-sts-1_20250707_215351_572168.csv,True,False,False,1751925379.8232613,635564.6033287048
154838,1751924744.259101,1751925225.9232154,batch_consumer-sts-1_20250707_215351_572168.csv,True,False,False,1751925379.8232613,635564.1603469849
154848,1751924744.259527,1751925225.949615,batch_consumer-sts-1_20250707_215351_572168.csv,True,False,False,1751925379.8232613,635563.734292984
154858,1751924744.259952,1751925225.9760046,batch_consumer-sts-1_20250707_215351_572168.csv,True,False,False,1751925379.8232613,635563.3091926575
154868,1751924744.2603934,1751925226.0022638,batch_consumer-sts-1_20250707_215351_572168.csv,True,False,False,1751925379.8232613,635562.8678798676
154878,1751924744.260812,1751925226.0283403,batch_consumer-sts-1_20250707_215351_572168.csv,True,False,False,1751925379.8232613,635562.4492168427
154888,1751924744.261198,1751925226.054542,batch_consumer-sts-1_20250707_215351_572168.csv,True,False,False,1751925379.8232613,635562.0632171631
154898,1751924744.2615488,1751925226.0806472,batch_consumer-sts-1_20250707_215351_572168.csv,True,False,False,1751925379.8232613,635561.7125034332
154908,1751924744.2619703,1751925226.106718,batch_consumer-sts-1_20250707_215351_572168.csv,True,False,False,1751925379.8232613,635561.2909793854
154918,1751924744.2624002,1751925226.1328406,batch_consumer-sts-1_20250707_215351_572168.csv,True,False,False,1751925379.8232613,635560.8611106873
154928,1751924744.2628253,1751925226.159188,batch_consumer-sts-1_20250707_215351_572168.csv,True,False,False,1751925379.8232613,635560.4360103607
154938,1751924744.2632403,1751925226.1853027,batch_consumer-sts-1_20250707_215351_572168.csv,True,False,False,1751925379.8232613,635560.0209236145
154948,1751924744.263648,1751925226.3141742,batch_consumer-sts-1_20250707_215351_572168.csv,True,False,False,1751925379.8232613,635559.6132278442
154958,1751924744.2640736,1751925226.3400648,batch_consumer-sts-1_20250707_215351_572168.csv,True,False,False,1751925379.8232613,635559.1876506805
154968,1751924744.264497,1751925226.365948,batch_consumer-sts-1_20250707_215351_572168.csv,True,False,False,1751925379.8232613,635558.764219284
154978,1751924744.2649398,1751925226.9234068,batch_consumer-sts-1_20250707_215351_572168.csv,True,False,False,1751925379.8232613,635558.3214759827
154988,1751924744.2653644,1751925226.9490683,batch_consumer-sts-1_20250707_215351_572168.csv,True,False,False,1751925379.8232613,635557.8968524933
154998,1751924744.2657745,1751925227.9765906,batch_consumer-sts-1_20250707_215351_572168.csv,True,False,False,1751925379.8232613,635557.4867725372
155008,1751924744.266193,1751925228.0028253,batch_consumer-sts-1_20250707_215351_572168.csv,True,False,False,1751925379.8232613,635557.0683479309
155018,1751924744.2666194,1751925228.0286868,batch_consumer-sts-1_20250707_215351_572168.csv,True,False,False,1751925379.8232613,635556.6418170929
155028,1751924744.2670443,1751925228.0550127,batch_consumer-sts-1_20250707_215351_572168.csv,True,False,False,1751925379.8232613,635556.2169551849
155038,1751924744.2674832,1751925228.0813274,batch_consumer-sts-1_20250707_215351_572168.csv,True,False,False,1751925379.8232613,635555.7780265808
155048,1751924744.2679014,1751925228.1076376,batch_consumer-sts-1_20250707_215351_572168.csv,True,False,False,1751925379.8232613,635555.3598403931
155058,1751924744.2683165,1751925228.1335714,batch_consumer-sts-1_20250707_215351_572168.csv,True,False,False,1751925379.8232613,635554.9447536469
155068,1751924744.2687335,1751925228.1592066,batch_consumer-sts-1_20250707_215351_572168.csv,True,False,False,1751925379.8232613,635554.527759552
155078,1751924744.2691584,1751925228.184908,batch_consumer-sts-1_20250707_215351_572168.csv,True,False,False,1751925379.8232613,635554.102897644
155088,1751924744.269574,1751925228.2109976,batch_consumer-sts-1_20250707_215351_572168.csv,True,False,False,1751925379.8232613,635553.6873340607
155098,1751924744.2699895,1751925228.23689,batch_consumer-sts-1_20250707_215351_572168.csv,True,False,False,1751925379.8232613,635553.2717704773
155108,1751924744.2704363,1751925228.263206,batch_consumer-sts-1_20250707_215351_572168.csv,True,False,False,1751925379.8232613,635552.8249740601
155118,1751924744.2708504,1751925228.2892387,batch_consumer-sts-1_20250707_215351_572168.csv,True,False,False,1751925379.8232613,635552.4108409882
155128,1751924744.2712746,1751925228.315671,batch_consumer-sts-1_20250707_215351_572168.csv,True,False,False,1751925379.8232613,635551.9866943359
155138,1751924744.27169,1751925228.3416436,batch_consumer-sts-1_20250707_215351_572168.csv,True,False,False,1751925379.8232613,635551.5713691711
155148,1751924744.2720864,1751925228.3677206,batch_consumer-sts-1_20250707_215351_572168.csv,True,False,False,1751925379.8232613,635551.1748790741
155158,1751924744.2724338,1751925228.393696,batch_consumer-sts-1_20250707_215351_572168.csv,True,False,False,1751925379.8232613,635550.8275032043
155168,1751924744.2728496,1751925228.4196603,batch_consumer-sts-1_20250707_215351_572168.csv,True,False,False,1751925379.8232613,635550.4117012024
155178,1751924744.2732575,1751925228.445744,batch_consumer-sts-1_20250707_215351_572168.csv,True,False,False,1751925379.8232613,635550.0037670135
155188,1751924744.273678,1751925228.4715624,batch_consumer-sts-1_20250707_215351_572168.csv,True,False,False,1751925379.8232613,635549.58319664
155198,1751924744.274182,1751925228.4974184,batch_consumer-sts-1_20250707_215351_572168.csv,True,False,False,1751925379.8232613,635549.0791797638
155208,1751924744.2746043,1751925228.5229504,batch_consumer-sts-1_20250707_215351_572168.csv,True,False,False,1751925379.8232613,635548.6569404602
155218,1751924744.2750237,1751925228.5487876,batch_consumer-sts-1_20250707_215351_572168.csv,True,False,False,1751925379.8232613,635548.2375621796
155228,1751924744.2754543,1751925228.574914,batch_consumer-sts-1_20250707_215351_572168.csv,True,False,False,1751925379.8232613,635547.8069782257
155238,1751924744.2758589,1751925228.6010602,batch_consumer-sts-1_20250707_215351_572168.csv,True,False,False,1751925379.8232613,635547.402381897
155248,1751924744.2762666,1751925228.6270218,batch_consumer-sts-1_20250707_215351_572168.csv,True,False,False,1751925379.8232613,635546.9946861267
155258,1751924744.2766795,1751925228.6530316,batch_consumer-sts-1_20250707_215351_572168.csv,True,False,False,1751925379.8232613,635546.5817451477
155268,1751924744.277093,1751925228.6789913,batch_consumer-sts-1_20250707_215351_572168.csv,True,False,False,1751925379.8232613,635546.1683273315
155278,1751924744.2774906,1751925228.7071931,batch_consumer-sts-1_20250707_215351_572168.csv,True,False,False,1751925379.8232613,635545.7706451416
155288,1751924744.2779112,1751925228.733014,batch_consumer-sts-1_20250707_215351_572168.csv,True,False,False,1751925379.8232613,635545.3500747681
155298,1751924744.2783372,1751925228.7589242,batch_consumer-sts-1_20250707_215351_572168.csv,True,False,False,1751925379.8232613,635544.9240207672
167448,1751924749.065088,1751925228.7849164,batch_consumer-sts-1_20250707_215351_572168.csv,True,False,False,1751925379.8232613,630758.1732273102
167458,1751924749.0653496,1751925228.8108244,batch_consumer-sts-1_20250707_215351_572168.csv,True,False,False,1751925379.8232613,630757.9116821289
167468,1751924749.0655513,1751925228.836604,batch_consumer-sts-1_20250707_215351_572168.csv,True,False,False,1751925379.8232613,630757.709980011
167478,1751924749.0657496,1751925228.8623838,batch_consumer-sts-1_20250707_215351_572168.csv,True,False,False,1751925379.8232613,630757.5116157532
167488,1751924749.0659468,1751925228.8882575,batch_consumer-sts-1_20250707_215351_572168.csv,True,False,False,1751925379.8232613,630757.3144435883
167498,1751924749.066145,1751925228.9141836,batch_consumer-sts-1_20250707_215351_572168.csv,True,False,False,1751925379.8232613,630757.116317749
167508,1751924749.066394,1751925228.9401362,batch_consumer-sts-1_20250707_215351_572168.csv,True,False,False,1751925379.8232613,630756.8671703339
167518,1751924749.0666122,1751925228.9663992,batch_consumer-sts-1_20250707_215351_572168.csv,True,False,False,1751925379.8232613,630756.649017334
167528,1751924749.0668285,1751925228.9932568,batch_consumer-sts-1_20250707_215351_572168.csv,True,False,False,1751925379.8232613,630756.4327716827
167538,1751924749.0670474,1751925229.0190527,batch_consumer-sts-1_20250707_215351_572168.csv,True,False,False,1751925379.8232613,630756.2139034271
167548,1751924749.067243,1751925229.0451372,batch_consumer-sts-1_20250707_215351_572168.csv,True,False,False,1751925379.8232613,630756.0181617737
167558,1751924749.067449,1751925229.071347,batch_consumer-sts-1_20250707_215351_572168.csv,True,False,False,1751925379.8232613,630755.8121681213
167568,1751924749.067624,1751925229.0972838,batch_consumer-sts-1_20250707_215351_572168.csv,True,False,False,1751925379.8232613,630755.6371688843
167578,1751924749.0678146,1751925229.123368,batch_consumer-sts-1_20250707_215351_572168.csv,True,False,False,1751925379.8232613,630755.4466724396
167588,1751924749.0679946,1751925229.149547,batch_consumer-sts-1_20250707_215351_572168.csv,True,False,False,1751925379.8232613,630755.2666664124
167598,1751924749.0681767,1751925229.1756887,batch_consumer-sts-1_20250707_215351_572168.csv,True,False,False,1751925379.8232613,630755.0845146179
167608,1751924749.0683596,1751925229.2015543,batch_consumer-sts-1_20250707_215351_572168.csv,True,False,False,1751925379.8232613,630754.9016475677
167618,1751924749.0685468,1751925229.227343,batch_consumer-sts-1_20250707_215351_572168.csv,True,False,False,1751925379.8232613,630754.7144889832
167628,1751924749.0687518,1751925229.2533994,batch_consumer-sts-1_20250707_215351_572168.csv,True,False,False,1751925379.8232613,630754.5094490051
167638,1751924749.0689712,1751925229.4812474,batch_consumer-sts-1_20250707_215351_572168.csv,True,False,False,1751925379.8232613,630754.2901039124
167648,1751924749.0691636,1751925229.5072346,batch_consumer-sts-1_20250707_215351_572168.csv,True,False,False,1751925379.8232613,630754.097700119
167658,1751924749.0693555,1751925229.5330155,batch_consumer-sts-1_20250707_215351_572168.csv,True,False,False,1751925379.8232613,630753.9057731628
167668,1751924749.069545,1751925229.5589068,batch_consumer-sts-1_20250707_215351_572168.csv,True,False,False,1751925379.8232613,630753.7162303925
167678,1751924749.0697396,1751925229.584764,batch_consumer-sts-1_20250707_215351_572168.csv,True,False,False,1751925379.8232613,630753.5216808319
167688,1751924749.069934,1751925229.611016,batch_consumer-sts-1_20250707_215351_572168.csv,True,False,False,1751925379.8232613,630753.3273696899
167698,1751924749.070123,1751925229.636789,batch_consumer-sts-1_20250707_215351_572168.csv,True,False,False,1751925379.8232613,630753.1383037567
167708,1751924749.070359,1751925229.662888,batch_consumer-sts-1_20250707_215351_572168.csv,True,False,False,1751925379.8232613,630752.9022693634
167718,1751924749.0705884,1751925229.688491,batch_consumer-sts-1_20250707_215351_572168.csv,True,False,False,1751925379.8232613,630752.6729106903
167728,1751924749.070805,1751925229.8745236,batch_consumer-sts-1_20250707_215351_572168.csv,True,False,False,1751925379.8232613,630752.4561882019
167738,1751924749.0710306,1751925229.9006236,batch_consumer-sts-1_20250707_215351_572168.csv,True,False,False,1751925379.8232613,630752.2306442261
167748,1751924749.071258,1751925229.9265838,batch_consumer-sts-1_20250707_215351_572168.csv,True,False,False,1751925379.8232613,630752.0031929016
167758,1751924749.071478,1751925229.952372,batch_consumer-sts-1_20250707_215351_572168.csv,True,False,False,1751925379.8232613,630751.7833709717
167768,1751924749.0716672,1751925229.9783132,batch_consumer-sts-1_20250707_215351_572168.csv,True,False,False,1751925379.8232613,630751.5940666199
167778,1751924749.071865,1751925230.0042117,batch_consumer-sts-1_20250707_215351_572168.csv,True,False,False,1751925379.8232613,630751.3961791992
167788,1751924749.072055,1751925230.0297492,batch_consumer-sts-1_20250707_215351_572168.csv,True,False,False,1751925379.8232613,630751.2061595917
167798,1751924749.0722475,1751925230.0556042,batch_consumer-sts-1_20250707_215351_572168.csv,True,False,False,1751925379.8232613,630751.0137557983
167808,1751924749.0724392,1751925230.081215,batch_consumer-sts-1_20250707_215351_572168.csv,True,False,False,1751925379.8232613,630750.8220672607
167818,1751924749.0726326,1751925230.1073418,batch_consumer-sts-1_20250707_215351_572168.csv,True,False,False,1751925379.8232613,630750.6287097931
167828,1751924749.0728242,1751925230.1334786,batch_consumer-sts-1_20250707_215351_572168.csv,True,False,False,1751925379.8232613,630750.4370212555
167838,1751924749.0730398,1751925230.1590235,batch_consumer-sts-1_20250707_215351_572168.csv,True,False,False,1751925379.8232613,630750.22149086
167848,1751924749.073238,1751925230.1845665,batch_consumer-sts-1_20250707_215351_572168.csv,True,False,False,1751925379.8232613,630750.0233650208
167858,1751924749.0734346,1751925230.2105482,batch_consumer-sts-1_20250707_215351_572168.csv,True,False,False,1751925379.8232613,630749.826669693
167868,1751924749.073628,1751925230.236362,batch_consumer-sts-1_20250707_215351_572168.csv,True,False,False,1751925379.8232613,630749.6333122253
167878,1751924749.0738256,1751925230.2620816,batch_consumer-sts-1_20250707_215351_572168.csv,True,False,False,1751925379.8232613,630749.4356632233
167888,1751924749.0740244,1751925230.287957,batch_consumer-sts-1_20250707_215351_572168.csv,True,False,False,1751925379.8232613,630749.2368221283
167898,1751924749.0742471,1751925230.3137076,batch_consumer-sts-1_20250707_215351_572168.csv,True,False,False,1751925379.8232613,630749.0141391754
167908,1751924749.074468,1751925230.3392265,batch_consumer-sts-1_20250707_215351_572168.csv,True,False,False,1751925379.8232613,630748.7933635712
167918,1751924749.074681,1751925230.3649712,batch_consumer-sts-1_20250707_215351_572168.csv,True,False,False,1751925379.8232613,630748.5802173615
167928,1751924749.0748994,1751925230.39124,batch_consumer-sts-1_20250707_215351_572168.csv,True,False,False,1751925379.8232613,630748.361825943
167938,1751924749.0751345,1751925230.4174175,batch_consumer-sts-1_20250707_215351_572168.csv,True,False,False,1751925379.8232613,630748.126745224
167948,1751924749.0753589,1751925230.443285,batch_consumer-sts-1_20250707_215351_572168.csv,True,False,False,1751925379.8232613,630747.9023933411
167958,1751924749.0755494,1751925230.4695044,batch_consumer-sts-1_20250707_215351_572168.csv,True,False,False,1751925379.8232613,630747.7118968964
167968,1751924749.0757334,1751925230.4953594,batch_consumer-sts-1_20250707_215351_572168.csv,True,False,False,1751925379.8232613,630747.5278377533
167978,1751924749.0759325,1751925230.521416,batch_consumer-sts-1_20250707_215351_572168.csv,True,False,False,1751925379.8232613,630747.3287582397
197628,1751924758.9960876,1751925230.5472453,batch_consumer-sts-1_20250707_215351_572168.csv,True,False,False,1751925379.8232613,620827.1737098694
197638,1751924758.9963405,1751925230.5728698,batch_consumer-sts-1_20250707_215351_572168.csv,True,False,False,1751925379.8232613,620826.920747757
197648,1751924758.996585,1751925230.5988111,batch_consumer-sts-1_20250707_215351_572168.csv,True,False,False,1751925379.8232613,620826.6763687134
197658,1751924758.9968214,1751925230.6239674,batch_consumer-sts-1_20250707_215351_572168.csv,True,False,False,1751925379.8232613,620826.4398574829
197668,1751924758.997057,1751925230.6500862,batch_consumer-sts-1_20250707_215351_572168.csv,True,False,False,1751925379.8232613,620826.2042999268
197678,1751924758.997292,1751925230.67597,batch_consumer-sts-1_20250707_215351_572168.csv,True,False,False,1751925379.8232613,620825.9692192078
197688,1751924758.9975147,1751925230.7015464,batch_consumer-sts-1_20250707_215351_572168.csv,True,False,False,1751925379.8232613,620825.7465362549
197698,1751924758.9977446,1751925230.727832,batch_consumer-sts-1_20250707_215351_572168.csv,True,False,False,1751925379.8232613,620825.5167007446
197708,1751924758.9979794,1751925230.7535274,batch_consumer-sts-1_20250707_215351_572168.csv,True,False,False,1751925379.8232613,620825.2818584442
197718,1751924758.9982188,1751925230.7790422,batch_consumer-sts-1_20250707_215351_572168.csv,True,False,False,1751925379.8232613,620825.0424861908
197728,1751924758.998448,1751925230.8046503,batch_consumer-sts-1_20250707_215351_572168.csv,True,False,False,1751925379.8232613,620824.8133659363
197738,1751924758.9986782,1751925230.8305085,batch_consumer-sts-1_20250707_215351_572168.csv,True,False,False,1751925379.8232613,620824.5830535889
197748,1751924758.9989102,1751925230.8566153,batch_consumer-sts-1_20250707_215351_572168.csv,True,False,False,1751925379.8232613,620824.3510723114
197758,1751924758.9991388,1751925230.882064,batch_consumer-sts-1_20250707_215351_572168.csv,True,False,False,1751925379.8232613,620824.122428894
197768,1751924758.999365,1751925230.9075663,batch_consumer-sts-1_20250707_215351_572168.csv,True,False,False,1751925379.8232613,620823.8961696625
197778,1751924758.9996002,1751925230.9336574,batch_consumer-sts-1_20250707_215351_572168.csv,True,False,False,1751925379.8232613,620823.6610889435
197788,1751924758.9998314,1751925230.9595225,batch_consumer-sts-1_20250707_215351_572168.csv,True,False,False,1751925379.8232613,620823.4298229218
197798,1751924759.000066,1751925230.985267,batch_consumer-sts-1_20250707_215351_572168.csv,True,False,False,1751925379.8232613,620823.1952190399
197808,1751924759.0002964,1751925231.0111182,batch_consumer-sts-1_20250707_215351_572168.csv,True,False,False,1751925379.8232613,620822.9649066925
197818,1751924759.0005238,1751925231.0370474,batch_consumer-sts-1_20250707_215351_572168.csv,True,False,False,1751925379.8232613,620822.737455368
197828,1751924759.0007606,1751925231.063194,batch_consumer-sts-1_20250707_215351_572168.csv,True,False,False,1751925379.8232613,620822.500705719
197838,1751924759.000992,1751925231.089553,batch_consumer-sts-1_20250707_215351_572168.csv,True,False,False,1751925379.8232613,620822.2692012787
197848,1751924759.001228,1751925231.115783,batch_consumer-sts-1_20250707_215351_572168.csv,True,False,False,1751925379.8232613,620822.0331668854
197858,1751924759.0014603,1751925231.1421442,batch_consumer-sts-1_20250707_215351_572168.csv,True,False,False,1751925379.8232613,620821.8009471893
197868,1751924759.0016985,1751925231.1682537,batch_consumer-sts-1_20250707_215351_572168.csv,True,False,False,1751925379.8232613,620821.5627670288
197878,1751924759.001938,1751925231.194318,batch_consumer-sts-1_20250707_215351_572168.csv,True,False,False,1751925379.8232613,620821.3231563568
197888,1751924759.0021856,1751925231.2201035,batch_consumer-sts-1_20250707_215351_572168.csv,True,False,False,1751925379.8232613,620821.0756778717
197898,1751924759.002419,1751925231.2463176,batch_consumer-sts-1_20250707_215351_572168.csv,True,False,False,1751925379.8232613,620820.8422660828
197908,1751924759.002656,1751925231.2719758,batch_consumer-sts-1_20250707_215351_572168.csv,True,False,False,1751925379.8232613,620820.6052780151
197918,1751924759.002909,1751925231.2976935,batch_consumer-sts-1_20250707_215351_572168.csv,True,False,False,1751925379.8232613,620820.3523159027
197928,1751924759.0031517,1751925231.4423094,batch_consumer-sts-1_20250707_215351_572168.csv,True,False,False,1751925379.8232613,620820.1096057892
197938,1751924759.003393,1751925231.4683936,batch_consumer-sts-1_20250707_215351_572168.csv,True,False,False,1751925379.8232613,620819.8683261871
197948,1751924759.0035918,1751925231.4940417,batch_consumer-sts-1_20250707_215351_572168.csv,True,False,False,1751925379.8232613,620819.6694850922
197958,1751924759.0037875,1751925231.5198662,batch_consumer-sts-1_20250707_215351_572168.csv,True,False,False,1751925379.8232613,620819.4737434387
197968,1751924759.0039816,1751925231.5448968,batch_consumer-sts-1_20250707_215351_572168.csv,True,False,False,1751925379.8232613,620819.2796707153
197978,1751924759.0041802,1751925231.7970622,batch_consumer-sts-1_20250707_215412_180190.csv,True,False,False,1751925379.8232613,620819.0810680389
197988,1751924759.00438,1751925231.8232615,batch_consumer-sts-1_20250707_215412_180190.csv,True,False,False,1751925379.8232613,620818.8812732697
197998,1751924759.0045636,1751925231.8744133,batch_consumer-sts-1_20250707_215412_180190.csv,True,False,False,1751925379.8232613,620818.6976909637
198008,1751924759.0047486,1751925231.9004054,batch_consumer-sts-1_20250707_215412_180190.csv,True,False,False,1751925379.8232613,620818.5126781464
198018,1751924759.0049288,1751925231.9264865,batch_consumer-sts-1_20250707_215412_180190.csv,True,False,False,1751925379.8232613,620818.3324337006
198028,1751924759.0051117,1751925231.9522598,batch_consumer-sts-1_20250707_215412_180190.csv,True,False,False,1751925379.8232613,620818.1495666504
198038,1751924759.0052917,1751925231.9780345,batch_consumer-sts-1_20250707_215412_180190.csv,True,False,False,1751925379.8232613,620817.9695606232
198048,1751924759.005479,1751925232.0040452,batch_consumer-sts-1_20250707_215412_180190.csv,True,False,False,1751925379.8232613,620817.78216362
198058,1751924759.0056665,1751925232.0298903,batch_consumer-sts-1_20250707_215412_180190.csv,True,False,False,1751925379.8232613,620817.5947666168
198068,1751924759.0058522,1751925232.0554647,batch_consumer-sts-1_20250707_215412_180190.csv,True,False,False,1751925379.8232613,620817.4090385437
198078,1751924759.0060563,1751925232.3330758,batch_consumer-sts-1_20250707_215412_180190.csv,True,False,False,1751925379.8232613,620817.20495224
198088,1751924759.0062962,1751925232.3589582,batch_consumer-sts-1_20250707_215412_180190.csv,True,False,False,1751925379.8232613,620816.9651031494
198098,1751924759.0065355,1751925232.3834715,batch_consumer-sts-1_20250707_215412_180190.csv,True,False,False,1751925379.8232613,620816.725730896
198108,1751924759.0067773,1751925232.4089804,batch_consumer-sts-1_20250707_215412_180190.csv,True,False,False,1751925379.8232613,620816.4839744568
198118,1751924759.007013,1751925232.4348094,batch_consumer-sts-1_20250707_215412_180190.csv,True,False,False,1751925379.8232613,620816.248178482
198128,1751924759.0072474,1751925232.4603238,batch_consumer-sts-1_20250707_215412_180190.csv,True,False,False,1751925379.8232613,620816.0138130188
198138,1751924759.0074823,1751925232.4857826,batch_consumer-sts-1_20250707_215412_180190.csv,True,False,False,1751925379.8232613,620815.7789707184
198148,1751924759.0077124,1751925232.5113883,batch_consumer-sts-1_20250707_215412_180190.csv,True,False,False,1751925379.8232613,620815.5488967896
198158,1751924759.0079465,1751925232.5370195,batch_consumer-sts-1_20250707_215412_180190.csv,True,False,False,1751925379.8232613,620815.3147697449
198168,1751924759.0081863,1751925232.562543,batch_consumer-sts-1_20250707_215412_180190.csv,True,False,False,1751925379.8232613,620815.0749206543
198178,1751924759.0084214,1751925233.5902374,batch_consumer-sts-1_20250707_215412_180190.csv,True,False,False,1751925379.8232613,620814.8398399353
198188,1751924759.0086625,1751925233.6164508,batch_consumer-sts-1_20250707_215412_180190.csv,True,False,False,1751925379.8232613,620814.5987987518
198198,1751924759.0088973,1751925233.6420245,batch_consumer-sts-1_20250707_215412_180190.csv,True,False,False,1751925379.8232613,620814.3639564514
198208,1751924759.009137,1751925233.667225,batch_consumer-sts-1_20250707_215412_180190.csv,True,False,False,1751925379.8232613,620814.1243457794
198218,1751924759.009374,1751925233.6934092,batch_consumer-sts-1_20250707_215412_180190.csv,True,False,False,1751925379.8232613,620813.8873577118
198228,1751924759.0096142,1751925233.719108,batch_consumer-sts-1_20250707_215412_180190.csv,True,False,False,1751925379.8232613,620813.647031784
198238,1751924759.009851,1751925233.7446406,batch_consumer-sts-1_20250707_215412_180190.csv,True,False,False,1751925379.8232613,620813.410282135
198248,1751924759.010095,1751925233.7704952,batch_consumer-sts-1_20250707_215412_180190.csv,True,False,False,1751925379.8232613,620813.1663799286
198258,1751924759.010345,1751925233.796203,batch_consumer-sts-1_20250707_215412_180190.csv,True,False,False,1751925379.8232613,620812.9162788391
198268,1751924759.0105882,1751925233.8218374,batch_consumer-sts-1_20250707_215412_180190.csv,True,False,False,1751925379.8232613,620812.6730918884
198278,1751924759.0108335,1751925233.8473313,batch_consumer-sts-1_20250707_215412_180190.csv,True,False,False,1751925379.8232613,620812.4277591705
198288,1751924759.011082,1751925233.872712,batch_consumer-sts-1_20250707_215412_180190.csv,True,False,False,1751925379.8232613,620812.1793270111
198298,1751924759.0113134,1751925233.8981688,batch_consumer-sts-1_20250707_215412_180190.csv,True,False,False,1751925379.8232613,620811.9478225708
198308,1751924759.0115497,1751925233.9194746,batch_consumer-sts-1_20250707_215412_180190.csv,True,False,False,1751925379.8232613,620811.7115497589
198318,1751924759.0117846,1751925233.945114,batch_consumer-sts-1_20250707_215412_180190.csv,True,False,False,1751925379.8232613,620811.4767074585
198328,1751924759.0121045,1751925233.970898,batch_consumer-sts-1_20250707_215412_180190.csv,True,False,False,1751925379.8232613,620811.1567497253
198338,1751924759.012345,1751925233.996775,batch_consumer-sts-1_20250707_215412_180190.csv,True,False,False,1751925379.8232613,620810.916185379
198348,1751924759.0126882,1751925234.022524,batch_consumer-sts-1_20250707_215412_180190.csv,True,False,False,1751925379.8232613,620810.5731010437
198358,1751924759.0130188,1751925234.0482996,batch_consumer-sts-1_20250707_215412_180190.csv,True,False,False,1751925379.8232613,620810.2424144745
198368,1751924759.0133543,1751925234.0740457,batch_consumer-sts-1_20250707_215412_180190.csv,True,False,False,1751925379.8232613,620809.9069595337
198378,1751924759.0136938,1751925234.1004443,batch_consumer-sts-1_20250707_215412_180190.csv,True,False,False,1751925379.8232613,620809.567451477
198388,1751924759.0140388,1751925234.1263,batch_consumer-sts-1_20250707_215412_180190.csv,True,False,False,1751925379.8232613,620809.2224597931
198398,1751924759.0144024,1751925234.152171,batch_consumer-sts-1_20250707_215412_180190.csv,True,False,False,1751925379.8232613,620808.85887146
198408,1751924759.0147398,1751925234.1779609,batch_consumer-sts-1_20250707_215412_180190.csv,True,False,False,1751925379.8232613,620808.5215091705
198418,1751924759.0150888,1751925234.2037578,batch_consumer-sts-1_20250707_215412_180190.csv,True,False,False,1751925379.8232613,620808.1724643707
198428,1751924759.0154428,1751925234.2306428,batch_consumer-sts-1_20250707_215412_180190.csv,True,False,False,1751925379.8232613,620807.8184127808
198438,1751924759.0158038,1751925234.2568376,batch_consumer-sts-1_20250707_215412_180190.csv,True,False,False,1751925379.8232613,620807.457447052
198448,1751924759.0161586,1751925234.2835252,batch_consumer-sts-1_20250707_215412_180190.csv,True,False,False,1751925379.8232613,620807.1026802063
198458,1751924759.0165005,1751925234.3104243,batch_consumer-sts-1_20250707_215412_180190.csv,True,False,False,1751925379.8232613,620806.7607879639
198468,1751924759.0168607,1751925234.3374796,batch_consumer-sts-1_20250707_215412_180190.csv,True,False,False,1751925379.8232613,620806.4005374908
198478,1751924759.017221,1751925234.3639543,batch_consumer-sts-1_20250707_215412_180190.csv,True,False,False,1751925379.8232613,620806.0402870178
198488,1751924759.0176358,1751925234.7009735,batch_consumer-sts-1_20250707_215412_180190.csv,True,False,False,1751925379.8232613,620805.6254386902
198498,1751924759.017911,1751925234.727568,batch_consumer-sts-1_20250707_215412_180190.csv,True,False,False,1751925379.8232613,620805.3503036499
198508,1751924759.0181942,1751925234.7541404,batch_consumer-sts-1_20250707_215412_180190.csv,True,False,False,1751925379.8232613,620805.0670623779
198518,1751924759.0185633,1751925234.781071,batch_consumer-sts-1_20250707_215412_180190.csv,True,False,False,1751925379.8232613,620804.6979904175
198528,1751924759.0189233,1751925234.807247,batch_consumer-sts-1_20250707_215412_180190.csv,True,False,False,1751925379.8232613,620804.337978363
198538,1751924759.0192764,1751925234.833649,batch_consumer-sts-1_20250707_215412_180190.csv,True,False,False,1751925379.8232613,620803.9848804474
198548,1751924759.019641,1751925234.859557,batch_consumer-sts-1_20250707_215412_180190.csv,True,False,False,1751925379.8232613,620803.6203384399
198558,1751924759.020002,1751925234.886479,batch_consumer-sts-1_20250707_215412_180190.csv,True,False,False,1751925379.8232613,620803.2593727112
198568,1751924759.0205102,1751925234.9127808,batch_consumer-sts-1_20250707_215412_180190.csv,True,False,False,1751925379.8232613,620802.7510643005
198578,1751924759.021814,1751925234.9400718,batch_consumer-sts-1_20250707_215412_180190.csv,True,False,False,1751925379.8232613,620801.4471530914
198588,1751924759.0225782,1751925234.9670267,batch_consumer-sts-1_20250707_215412_180190.csv,True,False,False,1751925379.8232613,620800.6830215454
198598,1751924759.022931,1751925234.9939392,batch_consumer-sts-1_20250707_215412_180190.csv,True,False,False,1751925379.8232613,620800.3301620483
198608,1751924759.023278,1751925235.0188982,batch_consumer-sts-1_20250707_215412_180190.csv,True,False,False,1751925379.8232613,620799.9832630157
198618,1751924759.0236316,1751925235.0456462,batch_consumer-sts-1_20250707_215412_180190.csv,True,False,False,1751925379.8232613,620799.6296882629
198628,1751924759.0239766,1751925235.072333,batch_consumer-sts-1_20250707_215412_180190.csv,True,False,False,1751925379.8232613,620799.284696579
198638,1751924759.0243275,1751925235.099044,batch_consumer-sts-1_20250707_215412_180190.csv,True,False,False,1751925379.8232613,620798.9337444305
198648,1751924759.0246713,1751925235.1252198,batch_consumer-sts-1_20250707_215412_180190.csv,True,False,False,1751925379.8232613,620798.5899448395
198658,1751924759.0250125,1751925235.151538,batch_consumer-sts-1_20250707_215412_180190.csv,True,False,False,1751925379.8232613,620798.2487678528
198668,1751924759.0253575,1751925235.1780488,batch_consumer-sts-1_20250707_215412_180190.csv,True,False,False,1751925379.8232613,620797.9037761688
198678,1751924759.0256977,1751925235.204018,batch_consumer-sts-1_20250707_215412_180190.csv,True,False,False,1751925379.8232613,620797.5635528564
198688,1751924759.025935,1751925235.2302947,batch_consumer-sts-1_20250707_215412_180190.csv,True,False,False,1751925379.8232613,620797.3263263702
198698,1751924759.0261796,1751925235.338434,batch_consumer-sts-1_20250707_215412_180190.csv,True,False,False,1751925379.8232613,620797.0817089081
198708,1751924759.0264168,1751925235.3650873,batch_consumer-sts-1_20250707_215412_180190.csv,True,False,False,1751925379.8232613,620796.8444824219
198718,1751924759.026652,1751925235.3918643,batch_consumer-sts-1_20250707_215412_180190.csv,True,False,False,1751925379.8232613,620796.6091632843
198728,1751924759.0268862,1751925235.4176233,batch_consumer-sts-1_20250707_215412_180190.csv,True,False,False,1751925379.8232613,620796.3750362396
198738,1751924759.0271368,1751925235.444795,batch_consumer-sts-1_20250707_215412_180190.csv,True,False,False,1751925379.8232613,620796.124458313
198748,1751924759.0273738,1751925235.470503,batch_consumer-sts-1_20250707_215412_180190.csv,True,False,False,1751925379.8232613,620795.8874702454
198758,1751924759.0276144,1751925235.4973907,batch_consumer-sts-1_20250707_215412_180190.csv,True,False,False,1751925379.8232613,620795.646905899
198768,1751924759.027849,1751925235.523458,batch_consumer-sts-1_20250707_215412_180190.csv,True,False,False,1751925379.8232613,620795.4123020172
198778,1751924759.02809,1751925235.5502863,batch_consumer-sts-1_20250707_215412_180190.csv,True,False,False,1751925379.8232613,620795.1712608337
198788,1751924759.028333,1751925235.5770204,batch_consumer-sts-1_20250707_215412_180190.csv,True,False,False,1751925379.8232613,620794.9283123016
198798,1751924759.0285735,1751925235.6034868,batch_consumer-sts-1_20250707_215412_180190.csv,True,False,False,1751925379.8232613,620794.6877479553
198808,1751924759.028812,1751925235.630098,batch_consumer-sts-1_20250707_215412_180190.csv,True,False,False,1751925379.8232613,620794.4493293762
198818,1751924759.029058,1751925235.657276,batch_consumer-sts-1_20250707_215412_180190.csv,True,False,False,1751925379.8232613,620794.2032814026
198828,1751924759.0292928,1751925235.684294,batch_consumer-sts-1_20250707_215412_180190.csv,True,False,False,1751925379.8232613,620793.9684391022
198838,1751924759.0295372,1751925235.7105398,batch_consumer-sts-1_20250707_215412_180190.csv,True,False,False,1751925379.8232613,620793.7240600586
198848,1751924759.029781,1751925235.7372966,batch_consumer-sts-1_20250707_215412_180190.csv,True,False,False,1751925379.8232613,620793.4801578522
198858,1751924759.030023,1751925235.7645364,batch_consumer-sts-1_20250707_215412_180190.csv,True,False,False,1751925379.8232613,620793.2381629944
198868,1751924759.03027,1751925235.7914891,batch_consumer-sts-1_20250707_215412_180190.csv,True,False,False,1751925379.8232613,620792.9911613464
198878,1751924759.030517,1751925235.8173716,batch_consumer-sts-1_20250707_215412_180190.csv,True,False,False,1751925379.8232613,620792.7441596985
198888,1751924759.0307603,1751925235.8440826,batch_consumer-sts-1_20250707_215412_180190.csv,True,False,False,1751925379.8232613,620792.5009727478
198898,1751924759.0309982,1751925235.871291,batch_consumer-sts-1_20250707_215412_180190.csv,True,False,False,1751925379.8232613,620792.2630310059
198908,1751924759.031241,1751925235.897761,batch_consumer-sts-1_20250707_215412_180190.csv,True,False,False,1751925379.8232613,620792.0203208923
198918,1751924759.0314898,1751925235.9241762,batch_consumer-sts-1_20250707_215412_180190.csv,True,False,False,1751925379.8232613,620791.7714118958
198928,1751924759.0316782,1751925235.951304,batch_consumer-sts-1_20250707_215412_180190.csv,True,False,False,1751925379.8232613,620791.5830612183
198938,1751924759.0318615,1751925235.9779112,batch_consumer-sts-1_20250707_215412_180190.csv,True,False,False,1751925379.8232613,620791.3997173309
198948,1751924759.032074,1751925236.0041924,batch_consumer-sts-1_20250707_215412_180190.csv,True,False,False,1751925379.8232613,620791.187286377
198958,1751924759.0323043,1751925236.0304809,batch_consumer-sts-1_20250707_215412_180190.csv,True,False,False,1751925379.8232613,620790.9569740295
198968,1751924759.0325642,1751925236.056959,batch_consumer-sts-1_20250707_215412_180190.csv,True,False,False,1751925379.8232613,620790.6970977783
198978,1751924759.0328064,1751925236.0840824,batch_consumer-sts-1_20250707_215412_180190.csv,True,False,False,1751925379.8232613,620790.454864502
198988,1751924759.0330484,1751925236.1098642,batch_consumer-sts-1_20250707_215412_180190.csv,True,False,False,1751925379.8232613,620790.2128696442
198998,1751924759.0332887,1751925236.1361156,batch_consumer-sts-1_20250707_215412_180190.csv,True,False,False,1751925379.8232613,620789.9725437164
199008,1751924759.0335214,1751925236.1626124,batch_consumer-sts-1_20250707_215412_180190.csv,True,False,False,1751925379.8232613,620789.7398471832
199018,1751924759.0337503,1751925236.1890123,batch_consumer-sts-1_20250707_215412_180190.csv,True,False,False,1751925379.8232613,620789.5109653473
199028,1751924759.0339904,1751925236.2149055,batch_consumer-sts-1_20250707_215412_180190.csv,True,False,False,1751925379.8232613,620789.2708778381
199038,1751924759.0342305,1751925236.2417026,batch_consumer-sts-1_20250707_215412_180190.csv,True,False,False,1751925379.8232613,620789.030790329
199048,1751924759.034461,1751925236.2678037,batch_consumer-sts-1_20250707_215412_180190.csv,True,False,False,1751925379.8232613,620788.800239563
199058,1751924759.034701,1751925236.2940214,batch_consumer-sts-1_20250707_215412_180190.csv,True,False,False,1751925379.8232613,620788.5601520538
199068,1751924759.0349364,1751925236.3188798,batch_consumer-sts-1_20250707_215412_180190.csv,True,False,False,1751925379.8232613,620788.3248329163
199078,1751924759.0351684,1751925236.3449535,batch_consumer-sts-1_20250707_215412_180190.csv,True,False,False,1751925379.8232613,620788.0928516388
199088,1751924759.0354035,1751925236.371447,batch_consumer-sts-1_20250707_215412_180190.csv,True,False,False,1751925379.8232613,620787.8577709198
199098,1751924759.035637,1751925236.3978188,batch_consumer-sts-1_20250707_215412_180190.csv,True,False,False,1751925379.8232613,620787.6243591309
199108,1751924759.0358694,1751925236.4235024,batch_consumer-sts-1_20250707_215412_180190.csv,True,False,False,1751925379.8232613,620787.3919010162
199118,1751924759.0361202,1751925236.5088675,batch_consumer-sts-1_20250707_215412_180190.csv,True,False,False,1751925379.8232613,620787.141084671
199128,1751924759.0363593,1751925236.535378,batch_consumer-sts-1_20250707_215412_180190.csv,True,False,False,1751925379.8232613,620786.9019508362
199138,1751924759.0366051,1751925236.56177,batch_consumer-sts-1_20250707_215412_180190.csv,True,False,False,1751925379.8232613,620786.6561412811
199148,1751924759.0368464,1751925236.748031,batch_consumer-sts-1_20250707_215412_180190.csv,True,False,False,1751925379.8232613,620786.4148616791
199158,1751924759.037087,1751925236.7744594,batch_consumer-sts-1_20250707_215412_180190.csv,True,False,False,1751925379.8232613,620786.1742973328
199168,1751924759.0373282,1751925236.800398,batch_consumer-sts-1_20250707_215412_180190.csv,True,False,False,1751925379.8232613,620785.9330177307
199178,1751924759.0375702,1751925236.82691,batch_consumer-sts-1_20250707_215412_180190.csv,True,False,False,1751925379.8232613,620785.6910228729
199188,1751924759.037798,1751925236.8539982,batch_consumer-sts-1_20250707_215412_180190.csv,True,False,False,1751925379.8232613,620785.4633331299
199198,1751924759.0380323,1751925236.880688,batch_consumer-sts-1_20250707_215412_180190.csv,True,False,False,1751925379.8232613,620785.2289676666
199208,1751924759.0382798,1751925236.9070067,batch_consumer-sts-1_20250707_215412_180190.csv,True,False,False,1751925379.8232613,620784.9814891815
199218,1751924759.0385191,1751925236.933378,batch_consumer-sts-1_20250707_215412_180190.csv,True,False,False,1751925379.8232613,620784.7421169281
199228,1751924759.038753,1751925237.0160837,batch_consumer-sts-1_20250707_215412_180190.csv,True,False,False,1751925379.8232613,620784.508228302
199238,1751924759.0389953,1751925237.043279,batch_consumer-sts-1_20250707_215412_180190.csv,True,False,False,1751925379.8232613,620784.2659950256
199248,1751924759.0392354,1751925237.0705495,batch_consumer-sts-1_20250707_215412_180190.csv,True,False,False,1751925379.8232613,620784.0259075165
199258,1751924759.0394738,1751925237.0975292,batch_consumer-sts-1_20250707_215412_180190.csv,True,False,False,1751925379.8232613,620783.7874889374
199268,1751924759.0397136,1751925237.123325,batch_consumer-sts-1_20250707_215412_180190.csv,True,False,False,1751925379.8232613,620783.5476398468
199278,1751924759.039956,1751925237.1502693,batch_consumer-sts-1_20250707_215412_180190.csv,True,False,False,1751925379.8232613,620783.3051681519
199288,1751924759.0402946,1751925237.1772425,batch_consumer-sts-1_20250707_215412_180190.csv,True,False,False,1751925379.8232613,620782.9666137695
199298,1751924759.0405362,1751925237.2034545,batch_consumer-sts-1_20250707_215412_180190.csv,True,False,False,1751925379.8232613,620782.7250957489
199308,1751924759.040773,1751925237.2297847,batch_consumer-sts-1_20250707_215412_180190.csv,True,False,False,1751925379.8232613,620782.4883460999
199318,1751924759.0410128,1751925237.2570877,batch_consumer-sts-1_20250707_215412_180190.csv,True,False,False,1751925379.8232613,620782.2484970093
199328,1751924759.041247,1751925237.2839117,batch_consumer-sts-1_20250707_215412_180190.csv,True,False,False,1751925379.8232613,620782.0143699646
199338,1751924759.041482,1751925237.3087647,batch_consumer-sts-1_20250707_215412_180190.csv,True,False,False,1751925379.8232613,620781.7792892456
199348,1751924759.0417223,1751925237.3350406,batch_consumer-sts-1_20250707_215412_180190.csv,True,False,False,1751925379.8232613,620781.5389633179
199358,1751924759.0419643,1751925237.3617663,batch_consumer-sts-1_20250707_215412_180190.csv,True,False,False,1751925379.8232613,620781.2969684601
199368,1751924759.042212,1751925237.3886611,batch_consumer-sts-1_20250707_215412_180190.csv,True,False,False,1751925379.8232613,620781.0492515564
199378,1751924759.042457,1751925237.4145858,batch_consumer-sts-1_20250707_215412_180190.csv,True,False,False,1751925379.8232613,620780.8041572571
199388,1751924759.0426886,1751925237.4411876,batch_consumer-sts-1_20250707_215412_180190.csv,True,False,False,1751925379.8232613,620780.5726528168
199398,1751924759.0429194,1751925237.4681106,batch_consumer-sts-1_20250707_215412_180190.csv,True,False,False,1751925379.8232613,620780.3418636322
199408,1751924759.0431583,1751925237.4951007,batch_consumer-sts-1_20250707_215412_180190.csv,True,False,False,1751925379.8232613,620780.102968216
199418,1751924759.0434008,1751925237.521291,batch_consumer-sts-1_20250707_215412_180190.csv,True,False,False,1751925379.8232613,620779.860496521
199428,1751924759.0436306,1751925237.5485067,batch_consumer-sts-1_20250707_215412_180190.csv,True,False,False,1751925379.8232613,620779.6306610107
199438,1751924759.0438645,1751925237.5756898,batch_consumer-sts-1_20250707_215412_180190.csv,True,False,False,1751925379.8232613,620779.3967723846
199448,1751924759.0440643,1751925237.602538,batch_consumer-sts-1_20250707_215412_180190.csv,True,False,False,1751925379.8232613,620779.1969776154
199458,1751924759.044261,1751925237.6291764,batch_consumer-sts-1_20250707_215412_180190.csv,True,False,False,1751925379.8232613,620779.0002822876
199468,1751924759.0444522,1751925237.6561213,batch_consumer-sts-1_20250707_215412_180190.csv,True,False,False,1751925379.8232613,620778.8090705872
199478,1751924759.044652,1751925237.682866,batch_consumer-sts-1_20250707_215412_180190.csv,True,False,False,1751925379.8232613,620778.6092758179
199488,1751924759.044853,1751925237.7089813,batch_consumer-sts-1_20250707_215412_180190.csv,True,False,False,1751925379.8232613,620778.4082889557
199498,1751924759.04503,1751925237.735813,batch_consumer-sts-1_20250707_215412_180190.csv,True,False,False,1751925379.8232613,620778.2311439514
199508,1751924759.0452611,1751925237.762857,batch_consumer-sts-1_20250707_215412_180190.csv,True,False,False,1751925379.8232613,620778.0001163483
199518,1751924759.0454955,1751925237.7896163,batch_consumer-sts-1_20250707_215412_180190.csv,True,False,False,1751925379.8232613,620777.765750885
199528,1751924759.0457208,1751925237.8158376,batch_consumer-sts-1_20250707_215412_180190.csv,True,False,False,1751925379.8232613,620777.5404453278
199538,1751924759.0459452,1751925237.8425405,batch_consumer-sts-1_20250707_215412_180190.csv,True,False,False,1751925379.8232613,620777.3160934448
199548,1751924759.046186,1751925237.8693058,batch_consumer-sts-1_20250707_215412_180190.csv,True,False,False,1751925379.8232613,620777.0752906799
199558,1751924759.0464225,1751925237.8961203,batch_consumer-sts-1_20250707_215412_180190.csv,True,False,False,1751925379.8232613,620776.8387794495
199568,1751924759.046653,1751925237.921994,batch_consumer-sts-1_20250707_215412_180190.csv,True,False,False,1751925379.8232613,620776.6082286835
199578,1751924759.0468912,1751925238.9535708,batch_consumer-sts-1_20250707_215412_180190.csv,True,False,False,1751925379.8232613,620776.370048523
199588,1751924759.0471244,1751925238.9806073,batch_consumer-sts-1_20250707_215412_180190.csv,True,False,False,1751925379.8232613,620776.1368751526
199598,1751924759.0473568,1751925239.0065384,batch_consumer-sts-1_20250707_215412_180190.csv,True,False,False,1751925379.8232613,620775.904417038
199608,1751924759.0475924,1751925239.0332756,batch_consumer-sts-1_20250707_215412_180190.csv,True,False,False,1751925379.8232613,620775.6688594818
199618,1751924759.0478268,1751925239.0603657,batch_consumer-sts-1_20250707_215412_180190.csv,True,False,False,1751925379.8232613,620775.4344940186
199628,1751924759.048066,1751925239.0873723,batch_consumer-sts-1_20250707_215412_180190.csv,True,False,False,1751925379.8232613,620775.1953601837
199638,1751924759.0482988,1751925239.1136267,batch_consumer-sts-1_20250707_215412_180190.csv,True,False,False,1751925379.8232613,620774.9624252319
199648,1751924759.0485318,1751925239.140249,batch_consumer-sts-1_20250707_215412_180190.csv,True,False,False,1751925379.8232613,620774.7294902802
199658,1751924759.0487692,1751925239.1676738,batch_consumer-sts-1_20250707_215412_180190.csv,True,False,False,1751925379.8232613,620774.4920253754
199668,1751924759.049007,1751925239.1944275,batch_consumer-sts-1_20250707_215412_180190.csv,True,False,False,1751925379.8232613,620774.254322052
199678,1751924759.0492413,1751925239.2206104,batch_consumer-sts-1_20250707_215412_180190.csv,True,False,False,1751925379.8232613,620774.0199565887
199688,1751924759.0494828,1751925239.247451,batch_consumer-sts-1_20250707_215412_180190.csv,True,False,False,1751925379.8232613,620773.7784385681
199698,1751924759.049724,1751925239.274237,batch_consumer-sts-1_20250707_215412_180190.csv,True,False,False,1751925379.8232613,620773.5371589661
199708,1751924759.0499587,1751925239.3009987,batch_consumer-sts-1_20250707_215412_180190.csv,True,False,False,1751925379.8232613,620773.3025550842
199718,1751924759.0502102,1751925239.3271196,batch_consumer-sts-1_20250707_215412_180190.csv,True,False,False,1751925379.8232613,620773.0510234833
199728,1751924759.0504494,1751925239.3542235,batch_consumer-sts-1_20250707_215412_180190.csv,True,False,False,1751925379.8232613,620772.8118896484
199738,1751924759.0506918,1751925239.382324,batch_consumer-sts-1_20250707_215412_180190.csv,True,False,False,1751925379.8232613,620772.5694179535
199748,1751924759.0509274,1751925239.4087152,batch_consumer-sts-1_20250707_215412_180190.csv,True,False,False,1751925379.8232613,620772.3338603973
199758,1751924759.0511577,1751925239.4347656,batch_consumer-sts-1_20250707_215412_180190.csv,True,False,False,1751925379.8232613,620772.1035480499
199768,1751924759.0513992,1751925239.461126,batch_consumer-sts-1_20250707_215412_180190.csv,True,False,False,1751925379.8232613,620771.8620300293
199778,1751924759.051628,1751925239.487747,batch_consumer-sts-1_20250707_215412_180190.csv,True,False,False,1751925379.8232613,620771.6331481934
199788,1751924759.0518663,1751925239.6277435,batch_consumer-sts-1_20250707_215412_180190.csv,True,False,False,1751925379.8232613,620771.3949680328
199798,1751924759.0521078,1751925239.654616,batch_consumer-sts-1_20250707_215412_180190.csv,True,False,False,1751925379.8232613,620771.1534500122
199808,1751924759.0523462,1751925239.6819792,batch_consumer-sts-1_20250707_215412_180190.csv,True,False,False,1751925379.8232613,620770.9150314331
199818,1751924759.052581,1751925239.708332,batch_consumer-sts-1_20250707_215412_180190.csv,True,False,False,1751925379.8232613,620770.6801891327
199828,1751924759.0528264,1751925239.734846,batch_consumer-sts-1_20250707_215412_180190.csv,True,False,False,1751925379.8232613,620770.4348564148
199838,1751924759.0530574,1751925239.7616186,batch_consumer-sts-1_20250707_215412_180190.csv,True,False,False,1751925379.8232613,620770.2038288116
199848,1751924759.053298,1751925239.7886665,batch_consumer-sts-1_20250707_215412_180190.csv,True,False,False,1751925379.8232613,620769.9632644653
199858,1751924759.053539,1751925239.8146482,batch_consumer-sts-1_20250707_215412_180190.csv,True,False,False,1751925379.8232613,620769.7222232819
199868,1751924759.053774,1751925239.8403902,batch_consumer-sts-1_20250707_215412_180190.csv,True,False,False,1751925379.8232613,620769.4871425629
199878,1751924759.0540078,1751925239.8672178,batch_consumer-sts-1_20250707_215412_180190.csv,True,False,False,1751925379.8232613,620769.2534923553
199888,1751924759.054258,1751925239.8938243,batch_consumer-sts-1_20250707_215412_180190.csv,True,False,False,1751925379.8232613,620769.0031528473
199898,1751924759.0544858,1751925239.9198492,batch_consumer-sts-1_20250707_215412_180190.csv,True,False,False,1751925379.8232613,620768.7754631042
199908,1751924759.0547163,1751925239.9468246,batch_consumer-sts-1_20250707_215412_180190.csv,True,False,False,1751925379.8232613,620768.5449123383
199918,1751924759.0549495,1751925239.97428,batch_consumer-sts-1_20250707_215412_180190.csv,True,False,False,1751925379.8232613,620768.3117389679
199928,1751924759.0551784,1751925240.0018437,batch_consumer-sts-1_20250707_215412_180190.csv,True,False,False,1751925379.8232613,620768.082857132
199938,1751924759.055409,1751925240.0284915,batch_consumer-sts-1_20250707_215412_180190.csv,True,False,False,1751925379.8232613,620767.852306366
199948,1751924759.055636,1751925240.0561304,batch_consumer-sts-1_20250707_215412_180190.csv,True,False,False,1751925379.8232613,620767.6253318787
199958,1751924759.056018,1751925240.0837817,batch_consumer-sts-1_20250707_215412_180190.csv,True,False,False,1751925379.8232613,620767.2431468964
199968,1751924759.0564597,1751925240.1102395,batch_consumer-sts-1_20250707_215412_180190.csv,True,False,False,1751925379.8232613,620766.8015956879
199978,1751924759.0568962,1751925240.137485,batch_consumer-sts-1_20250707_215412_180190.csv,True,False,False,1751925379.8232613,620766.3650512695
199988,1751924759.0571585,1751925240.1648214,batch_consumer-sts-1_20250707_215412_180190.csv,True,False,False,1751925379.8232613,620766.1027908325
199998,1751924759.0574417,1751925240.1918936,batch_consumer-sts-1_20250707_215412_180190.csv,True,False,False,1751925379.8232613,620765.8195495605
200008,1751924759.0577123,1751925240.2179418,batch_consumer-sts-1_20250707_215412_180190.csv,True,False,False,1751925379.8232613,620765.5489444733
200018,1751924759.057985,1751925240.2446387,batch_consumer-sts-1_20250707_215412_180190.csv,True,False,False,1751925379.8232613,620765.2761936188
200028,1751924759.0583465,1751925240.2710974,batch_consumer-sts-1_20250707_215412_180190.csv,True,False,False,1751925379.8232613,620764.9147510529
200038,1751924759.0586784,1751925240.2979186,batch_consumer-sts-1_20250707_215412_180190.csv,True,False,False,1751925379.8232613,620764.5828723907
200048,1751924759.059033,1751925240.3237371,batch_consumer-sts-1_20250707_215412_180190.csv,True,False,False,1751925379.8232613,620764.2283439636
200058,1751924759.0593834,1751925240.3495846,batch_consumer-sts-1_20250707_215412_180190.csv,True,False,False,1751925379.8232613,620763.8778686523
200068,1751924759.0597346,1751925240.3762536,batch_consumer-sts-1_20250707_215412_180190.csv,True,False,False,1751925379.8232613,620763.5266780853
200078,1751924759.0600889,1751925240.4029582,batch_consumer-sts-1_20250707_215412_180190.csv,True,False,False,1751925379.8232613,620763.1723880768
223068,1751924761.9223397,1751925240.429431,batch_consumer-sts-1_20250707_215412_180190.csv,True,False,False,1751925379.8232613,617900.9215831757
223078,1751924761.9225924,1751925240.456307,batch_consumer-sts-1_20250707_215412_180190.csv,True,False,False,1751925379.8232613,617900.6688594818
223088,1751924761.9228315,1751925240.4831457,batch_consumer-sts-1_20250707_215412_180190.csv,True,False,False,1751925379.8232613,617900.429725647
223098,1751924761.9230828,1751925240.5093515,batch_consumer-sts-1_20250707_215412_180190.csv,True,False,False,1751925379.8232613,617900.1784324646
223108,1751924761.923318,1751925240.5360365,batch_consumer-sts-1_20250707_215412_180190.csv,True,False,False,1751925379.8232613,617899.9433517456
223118,1751924761.9235475,1751925240.5632875,batch_consumer-sts-1_20250707_215412_180190.csv,True,False,False,1751925379.8232613,617899.7137546539
223128,1751924761.923781,1751925240.5900617,batch_consumer-sts-1_20250707_215412_180190.csv,True,False,False,1751925379.8232613,617899.480342865
223138,1751924761.9240212,1751925240.6157303,batch_consumer-sts-1_20250707_215412_180190.csv,True,False,False,1751925379.8232613,617899.2400169373
223148,1751924761.9242554,1751925240.642696,batch_consumer-sts-1_20250707_215412_180190.csv,True,False,False,1751925379.8232613,617899.0058898926
223158,1751924761.9244947,1751925240.6686306,batch_consumer-sts-1_20250707_215412_180190.csv,True,False,False,1751925379.8232613,617898.7665176392
223168,1751924761.9247303,1751925240.695506,batch_consumer-sts-1_20250707_215412_180190.csv,True,False,False,1751925379.8232613,617898.530960083
223178,1751924761.9249756,1751925240.721244,batch_consumer-sts-1_20250707_215412_180190.csv,True,False,False,1751925379.8232613,617898.2856273651
223188,1751924761.9252064,1751925240.7479248,batch_consumer-sts-1_20250707_215412_180190.csv,True,False,False,1751925379.8232613,617898.0548381805
223198,1751924761.9254415,1751925240.773151,batch_consumer-sts-1_20250707_215412_180190.csv,True,False,False,1751925379.8232613,617897.8197574615
223208,1751924761.9256797,1751925240.7993572,batch_consumer-sts-1_20250707_215412_180190.csv,True,False,False,1751925379.8232613,617897.581577301
223218,1751924761.9259148,1751925240.825448,batch_consumer-sts-1_20250707_215412_180190.csv,True,False,False,1751925379.8232613,617897.346496582
223228,1751924761.9261658,1751925240.8516722,batch_consumer-sts-1_20250707_215412_180190.csv,True,False,False,1751925379.8232613,617897.0954418182
223238,1751924761.926411,1751925240.8778656,batch_consumer-sts-1_20250707_215412_180190.csv,True,False,False,1751925379.8232613,617896.8503475189
223248,1751924761.9266572,1751925240.9039404,batch_consumer-sts-1_20250707_215412_180190.csv,True,False,False,1751925379.8232613,617896.6040611267
223258,1751924761.9268985,1751925240.9299111,batch_consumer-sts-1_20250707_215412_180190.csv,True,False,False,1751925379.8232613,617896.3627815247
223268,1751924761.927132,1751925240.9560502,batch_consumer-sts-1_20250707_215412_180190.csv,True,False,False,1751925379.8232613,617896.1293697357
223278,1751924761.9273722,1751925240.982392,batch_consumer-sts-1_20250707_215412_180190.csv,True,False,False,1751925379.8232613,617895.889043808
223288,1751924761.927618,1751925241.0086174,batch_consumer-sts-1_20250707_215412_180190.csv,True,False,False,1751925379.8232613,617895.6432342529
223298,1751924761.9278588,1751925241.035551,batch_consumer-sts-1_20250707_215412_180190.csv,True,False,False,1751925379.8232613,617895.402431488
223308,1751924761.9281232,1751925241.0622373,batch_consumer-sts-1_20250707_215412_180190.csv,True,False,False,1751925379.8232613,617895.1380252838
223318,1751924761.928371,1751925241.0886898,batch_consumer-sts-1_20250707_215412_180190.csv,True,False,False,1751925379.8232613,617894.8903083801
223328,1751924761.9285607,1751925241.1148174,batch_consumer-sts-1_20250707_215412_180190.csv,True,False,False,1751925379.8232613,617894.7005271912
223338,1751924761.928777,1751925241.1415603,batch_consumer-sts-1_20250707_215412_180190.csv,True,False,False,1751925379.8232613,617894.4842815399
223348,1751924761.929057,1751925241.1685,batch_consumer-sts-1_20250707_215412_180190.csv,True,False,False,1751925379.8232613,617894.204378128
223358,1751924761.9292738,1751925241.1956024,batch_consumer-sts-1_20250707_215412_180190.csv,True,False,False,1751925379.8232613,617893.9874172211
223368,1751924761.9294982,1751925241.221671,batch_consumer-sts-1_20250707_215412_180190.csv,True,False,False,1751925379.8232613,617893.7630653381
223378,1751924761.9297142,1751925241.2474313,batch_consumer-sts-1_20250707_215412_180190.csv,True,False,False,1751925379.8232613,617893.5470581055
223388,1751924761.929963,1751925241.2746894,batch_consumer-sts-1_20250707_215412_180190.csv,True,False,False,1751925379.8232613,617893.2981491089
223398,1751924761.9302063,1751925241.301382,batch_consumer-sts-1_20250707_215412_180190.csv,True,False,False,1751925379.8232613,617893.0549621582
223408,1751924761.9304345,1751925241.3277924,batch_consumer-sts-1_20250707_215412_180190.csv,True,False,False,1751925379.8232613,617892.826795578
223418,1751924761.9306712,1751925241.3544955,batch_consumer-sts-1_20250707_215412_180190.csv,True,False,False,1751925379.8232613,617892.590045929
223428,1751924761.9309015,1751925241.3813407,batch_consumer-sts-1_20250707_215412_180190.csv,True,False,False,1751925379.8232613,617892.3597335815
223438,1751924761.931139,1751925241.408008,batch_consumer-sts-1_20250707_215412_180190.csv,True,False,False,1751925379.8232613,617892.1222686768
223448,1751924761.931371,1751925241.434718,batch_consumer-sts-1_20250707_215412_180190.csv,True,False,False,1751925379.8232613,617891.8902873993
223458,1751924761.9316032,1751925241.4616182,batch_consumer-sts-1_20250707_215412_180190.csv,True,False,False,1751925379.8232613,617891.6580677032
223468,1751924761.9318316,1751925241.4886136,batch_consumer-sts-1_20250707_215412_180190.csv,True,False,False,1751925379.8232613,617891.4296627045
223478,1751924761.9320722,1751925241.5149157,batch_consumer-sts-1_20250707_215412_180190.csv,True,False,False,1751925379.8232613,617891.1890983582
223488,1751924761.9323058,1751925241.5415006,batch_consumer-sts-1_20250707_215412_180190.csv,True,False,False,1751925379.8232613,617890.9554481506
223498,1751924761.932607,1751925241.6320643,batch_consumer-sts-1_20250707_215412_180190.csv,True,False,False,1751925379.8232613,617890.6543254852
223508,1751924761.9328425,1751925241.658924,batch_consumer-sts-1_20250707_215412_180190.csv,True,False,False,1751925379.8232613,617890.4187679291
223518,1751924761.9331005,1751925241.685706,batch_consumer-sts-1_20250707_215412_180190.csv,True,False,False,1751925379.8232613,617890.1607990265
223528,1751924761.9333386,1751925241.7116828,batch_consumer-sts-1_20250707_215412_180190.csv,True,False,False,1751925379.8232613,617889.922618866
223538,1751924761.933585,1751925241.7389526,batch_consumer-sts-1_20250707_215412_180190.csv,True,False,False,1751925379.8232613,617889.6763324738
223548,1751924761.9338272,1751925241.7656386,batch_consumer-sts-1_20250707_215412_180190.csv,True,False,False,1751925379.8232613,617889.4340991974
223558,1751924761.9340684,1751925241.79261,batch_consumer-sts-1_20250707_215412_180190.csv,True,False,False,1751925379.8232613,617889.1928195953
223568,1751924761.9343195,1751925241.8185956,batch_consumer-sts-1_20250707_215412_180190.csv,True,False,False,1751925379.8232613,617888.9417648315
223578,1751924761.9345648,1751925241.84506,batch_consumer-sts-1_20250707_215412_180190.csv,True,False,False,1751925379.8232613,617888.6964321136
223588,1751924761.934805,1751925241.8700662,batch_consumer-sts-1_20250707_215412_180190.csv,True,False,False,1751925379.8232613,617888.4563446045
223598,1751924761.9350464,1751925241.8965793,batch_consumer-sts-1_20250707_215412_180190.csv,True,False,False,1751925379.8232613,617888.2148265839
223608,1751924761.9352772,1751925241.9223297,batch_consumer-sts-1_20250707_215412_180190.csv,True,False,False,1751925379.8232613,617887.9840373993
223618,1751924761.935517,1751925241.9490988,batch_consumer-sts-1_20250707_215412_180190.csv,True,False,False,1751925379.8232613,617887.7441883087
223628,1751924761.9357536,1751925242.255863,batch_consumer-sts-1_20250707_215412_180190.csv,True,False,False,1751925379.8232613,617887.5076770782
223638,1751924761.9359946,1751925242.2813838,batch_consumer-sts-1_20250707_215412_180190.csv,True,False,False,1751925379.8232613,617887.2666358948
223648,1751924761.9362354,1751925242.3078983,batch_consumer-sts-1_20250707_215412_180190.csv,True,False,False,1751925379.8232613,617887.0258331299
223658,1751924761.9364705,1751925242.335314,batch_consumer-sts-1_20250707_215412_180190.csv,True,False,False,1751925379.8232613,617886.7907524109
223668,1751924761.9367063,1751925242.3628795,batch_consumer-sts-1_20250707_215412_180190.csv,True,False,False,1751925379.8232613,617886.5549564362
223678,1751924761.9369488,1751925242.3896074,batch_consumer-sts-1_20250707_215412_180190.csv,True,False,False,1751925379.8232613,617886.3124847412
223688,1751924761.9371831,1751925242.415583,batch_consumer-sts-1_20250707_215412_180190.csv,True,False,False,1751925379.8232613,617886.078119278
223698,1751924761.9374228,1751925242.4420242,batch_consumer-sts-1_20250707_215412_180190.csv,True,False,False,1751925379.8232613,617885.838508606
223708,1751924761.937652,1751925242.468704,batch_consumer-sts-1_20250707_215412_180190.csv,True,False,False,1751925379.8232613,617885.6091499329
223718,1751924761.9378855,1751925242.4947436,batch_consumer-sts-1_20250707_215412_180190.csv,True,False,False,1751925379.8232613,617885.3757381439
223728,1751924761.9381232,1751925242.5205312,batch_consumer-sts-1_20250707_215412_180190.csv,True,False,False,1751925379.8232613,617885.1380348206
223738,1751924761.9383726,1751925242.5495715,batch_consumer-sts-1_20250707_215412_180190.csv,True,False,False,1751925379.8232613,617884.8886489868
223748,1751924761.9386096,1751925242.5760398,batch_consumer-sts-1_20250707_215412_180190.csv,True,False,False,1751925379.8232613,617884.6516609192
223758,1751924761.938841,1751925242.6027524,batch_consumer-sts-1_20250707_215412_180190.csv,True,False,False,1751925379.8232613,617884.4201564789
223768,1751924761.9390736,1751925242.6292,batch_consumer-sts-1_20250707_215412_180190.csv,True,False,False,1751925379.8232613,617884.1876983643
223778,1751924761.9393046,1751925242.6558542,batch_consumer-sts-1_20250707_215412_180190.csv,True,False,False,1751925379.8232613,617883.9566707611
223788,1751924761.939538,1751925242.6823163,batch_consumer-sts-1_20250707_215412_180190.csv,True,False,False,1751925379.8232613,617883.7232589722
223798,1751924761.939778,1751925242.708569,batch_consumer-sts-1_20250707_215412_180190.csv,True,False,False,1751925379.8232613,617883.483171463
223808,1751924761.9400191,1751925242.7350783,batch_consumer-sts-1_20250707_215412_180190.csv,True,False,False,1751925379.8232613,617883.2421302795
223818,1751924761.9402575,1751925242.7620213,batch_consumer-sts-1_20250707_215412_180190.csv,True,False,False,1751925379.8232613,617883.0037117004
223828,1751924761.9404929,1751925242.788967,batch_consumer-sts-1_20250707_215412_180190.csv,True,False,False,1751925379.8232613,617882.7683925629
223838,1751924761.9407494,1751925242.8153856,batch_consumer-sts-1_20250707_215412_180190.csv,True,False,False,1751925379.8232613,617882.5118541718
223848,1751924761.940984,1751925242.8426738,batch_consumer-sts-1_20250707_215412_180190.csv,True,False,False,1751925379.8232613,617882.2772502899
223858,1751924761.9412158,1751925242.86946,batch_consumer-sts-1_20250707_215412_180190.csv,True,False,False,1751925379.8232613,617882.045507431
223868,1751924761.9414058,1751925242.8962471,batch_consumer-sts-1_20250707_215412_180190.csv,True,False,False,1751925379.8232613,617881.8554878235
223878,1751924761.9415898,1751925242.9221592,batch_consumer-sts-1_20250707_215412_180190.csv,True,False,False,1751925379.8232613,617881.6714286804
223888,1751924761.9417822,1751925242.9489872,batch_consumer-sts-1_20250707_215412_180190.csv,True,False,False,1751925379.8232613,617881.4790248871
223898,1751924761.9419794,1751925242.9753108,batch_consumer-sts-1_20250707_215412_180190.csv,True,False,False,1751925379.8232613,617881.2818527222
223908,1751924761.9422052,1751925243.001622,batch_consumer-sts-1_20250707_215412_180190.csv,True,False,False,1751925379.8232613,617881.0560703278
223918,1751924761.9424486,1751925243.0275297,batch_consumer-sts-1_20250707_215412_180190.csv,True,False,False,1751925379.8232613,617880.8126449585
223928,1751924761.9426775,1751925243.0539334,batch_consumer-sts-1_20250707_215412_180190.csv,True,False,False,1751925379.8232613,617880.5837631226
223938,1751924761.9429092,1751925243.0818932,batch_consumer-sts-1_20250707_215412_180190.csv,True,False,False,1751925379.8232613,617880.3520202637
223948,1751924761.9431343,1751925243.1080177,batch_consumer-sts-1_20250707_215412_180190.csv,True,False,False,1751925379.8232613,617880.126953125
223958,1751924761.9433966,1751925244.1364586,batch_consumer-sts-1_20250707_215412_180190.csv,True,False,False,1751925379.8232613,617879.864692688
223968,1751924761.9436283,1751925244.1631649,batch_consumer-sts-1_20250707_215412_180190.csv,True,False,False,1751925379.8232613,617879.6329498291
223978,1751924761.9438655,1751925244.1896822,batch_consumer-sts-1_20250707_215412_180190.csv,True,False,False,1751925379.8232613,617879.3957233429
223988,1751924761.9440932,1751925244.2159138,batch_consumer-sts-1_20250707_215412_180190.csv,True,False,False,1751925379.8232613,617879.1680335999
223998,1751924761.9443374,1751925244.2450085,batch_consumer-sts-1_20250707_215412_180190.csv,True,False,False,1751925379.8232613,617878.9238929749
224008,1751924761.9445698,1751925244.271498,batch_consumer-sts-1_20250707_215412_180190.csv,True,False,False,1751925379.8232613,617878.6914348602
224018,1751924761.9448023,1751925244.2990663,batch_consumer-sts-1_20250707_215412_180190.csv,True,False,False,1751925379.8232613,617878.4589767456
224028,1751924761.9450307,1751925244.3264875,batch_consumer-sts-1_20250707_215412_180190.csv,True,False,False,1751925379.8232613,617878.2305717468
224038,1751924761.9452636,1751925244.3536806,batch_consumer-sts-1_20250707_215412_180190.csv,True,False,False,1751925379.8232613,617877.997636795
224048,1751924761.9455,1751925244.380602,batch_consumer-sts-1_20250707_215412_180190.csv,True,False,False,1751925379.8232613,617877.7613639832
224058,1751924761.945732,1751925244.4067397,batch_consumer-sts-1_20250707_215412_180190.csv,True,False,False,1751925379.8232613,617877.5291442871
224068,1751924761.9459648,1751925244.4329188,batch_consumer-sts-1_20250707_215412_180190.csv,True,False,False,1751925379.8232613,617877.2964477539
224078,1751924761.9462106,1751925244.459469,batch_consumer-sts-1_20250707_215412_180190.csv,True,False,False,1751925379.8232613,617877.0506381989
224088,1751924761.9464447,1751925244.4859374,batch_consumer-sts-1_20250707_215412_180190.csv,True,False,False,1751925379.8232613,617876.8165111542
224098,1751924761.946675,1751925244.5117772,batch_consumer-sts-1_20250707_215412_180190.csv,True,False,False,1751925379.8232613,617876.5861988068
224108,1751924761.9469042,1751925244.5381415,batch_consumer-sts-1_20250707_215412_180190.csv,True,False,False,1751925379.8232613,617876.3570785522
224118,1751924761.9471388,1751925244.564839,batch_consumer-sts-1_20250707_215412_180190.csv,True,False,False,1751925379.8232613,617876.1224746704
224128,1751924761.9473724,1751925244.5901606,batch_consumer-sts-1_20250707_215412_180190.csv,True,False,False,1751925379.8232613,617875.8888244629
224138,1751924761.9476044,1751925244.6158984,batch_consumer-sts-1_20250707_215412_180190.csv,True,False,False,1751925379.8232613,617875.6568431854
224148,1751924761.9478357,1751925244.855512,batch_consumer-sts-1_20250707_215412_180190.csv,True,False,False,1751925379.8232613,617875.4255771637
224158,1751924761.9480748,1751925244.88242,batch_consumer-sts-1_20250707_215412_180190.csv,True,False,False,1751925379.8232613,617875.1864433289
224168,1751924761.9483197,1751925244.908569,batch_consumer-sts-1_20250707_215412_180190.csv,True,False,False,1751925379.8232613,617874.9415874481
224178,1751924761.9485548,1751925244.9352634,batch_consumer-sts-1_20250707_215412_180190.csv,True,False,False,1751925379.8232613,617874.7065067291
224188,1751924761.94885,1751925244.9620082,batch_consumer-sts-1_20250707_215412_180190.csv,True,False,False,1751925379.8232613,617874.4113445282
224198,1751924761.9490864,1751925244.9885314,batch_consumer-sts-1_20250707_215412_180190.csv,True,False,False,1751925379.8232613,617874.1748332977
224208,1751924761.9493208,1751925245.014578,batch_consumer-sts-1_20250707_215412_180190.csv,True,False,False,1751925379.8232613,617873.9404678345
224218,1751924761.9495635,1751925245.0409644,batch_consumer-sts-1_20250707_215412_180190.csv,True,False,False,1751925379.8232613,617873.697757721
224228,1751924761.9498007,1751925245.0676997,batch_consumer-sts-1_20250707_215412_180190.csv,True,False,False,1751925379.8232613,617873.4605312347
224238,1751924761.9500391,1751925245.0945995,batch_consumer-sts-1_20250707_215412_180190.csv,True,False,False,1751925379.8232613,617873.2221126556
224248,1751924761.9502864,1751925245.1205356,batch_consumer-sts-1_20250707_215412_180190.csv,True,False,False,1751925379.8232613,617872.9748725891
224258,1751924761.95053,1751925245.1475017,batch_consumer-sts-1_20250707_215412_180190.csv,True,False,False,1751925379.8232613,617872.7312088013
224268,1751924761.9507668,1751925245.174504,batch_consumer-sts-1_20250707_215412_180190.csv,True,False,False,1751925379.8232613,617872.4944591522
224278,1751924761.950998,1751925245.2013752,batch_consumer-sts-1_20250707_215412_180190.csv,True,False,False,1751925379.8232613,617872.2631931305
224288,1751924761.9512353,1751925245.228075,batch_consumer-sts-1_20250707_215412_180190.csv,True,False,False,1751925379.8232613,617872.0259666443
224298,1751924761.9514718,1751925245.2546978,batch_consumer-sts-1_20250707_215412_180190.csv,True,False,False,1751925379.8232613,617871.7894554138
224308,1751924761.9517038,1751925245.2812593,batch_consumer-sts-1_20250707_215412_180190.csv,True,False,False,1751925379.8232613,617871.5574741364
224318,1751924761.9519415,1751925245.3073068,batch_consumer-sts-1_20250707_215412_180190.csv,True,False,False,1751925379.8232613,617871.319770813
224328,1751924761.9521697,1751925245.33324,batch_consumer-sts-1_20250707_215412_180190.csv,True,False,False,1751925379.8232613,617871.0916042328
224338,1751924761.952422,1751925245.3597984,batch_consumer-sts-1_20250707_215412_180190.csv,True,False,False,1751925379.8232613,617870.8393573761
224348,1751924761.952657,1751925245.3864524,batch_consumer-sts-1_20250707_215412_180190.csv,True,False,False,1751925379.8232613,617870.6042766571
224358,1751924761.9528909,1751925245.412711,batch_consumer-sts-1_20250707_215412_180190.csv,True,False,False,1751925379.8232613,617870.370388031
224368,1751924761.9531307,1751925245.439156,batch_consumer-sts-1_20250707_215412_180190.csv,True,False,False,1751925379.8232613,617870.1305389404
224378,1751924761.9533737,1751925245.4658184,batch_consumer-sts-1_20250707_215412_180190.csv,True,False,False,1751925379.8232613,617869.8875904083
224388,1751924761.953641,1751925245.49237,batch_consumer-sts-1_20250707_215412_180190.csv,True,False,False,1751925379.8232613,617869.6203231812
224398,1751924761.9538867,1751925245.518233,batch_consumer-sts-1_20250707_215412_180190.csv,True,False,False,1751925379.8232613,617869.3745136261
224408,1751924761.9540884,1751925245.5446694,batch_consumer-sts-1_20250707_215412_180190.csv,True,False,False,1751925379.8232613,617869.1728115082
224418,1751924761.9543345,1751925245.571316,batch_consumer-sts-1_20250707_215412_180190.csv,True,False,False,1751925379.8232613,617868.9267635345
224428,1751924761.954573,1751925245.5978315,batch_consumer-sts-1_20250707_215412_180190.csv,True,False,False,1751925379.8232613,617868.6883449554
224438,1751924761.9548066,1751925245.623616,batch_consumer-sts-1_20250707_215412_180190.csv,True,False,False,1751925379.8232613,617868.4546947479
224448,1751924761.955049,1751925245.6502874,batch_consumer-sts-1_20250707_215412_180190.csv,True,False,False,1751925379.8232613,617868.212223053
224458,1751924761.9553092,1751925245.6771264,batch_consumer-sts-1_20250707_215412_180190.csv,True,False,False,1751925379.8232613,617867.9521083832
224468,1751924761.955546,1751925245.7039528,batch_consumer-sts-1_20250707_215412_180190.csv,True,False,False,1751925379.8232613,617867.7153587341
224478,1751924761.955735,1751925245.729807,batch_consumer-sts-1_20250707_215412_180190.csv,True,False,False,1751925379.8232613,617867.5262928009
224488,1751924761.9559195,1751925245.7554543,batch_consumer-sts-1_20250707_215412_180190.csv,True,False,False,1751925379.8232613,617867.3417568207
224498,1751924761.9561543,1751925245.7817895,batch_consumer-sts-1_20250707_215412_180190.csv,True,False,False,1751925379.8232613,617867.1069145203
224508,1751924761.956397,1751925245.807917,batch_consumer-sts-1_20250707_215412_180190.csv,True,False,False,1751925379.8232613,617866.8642044067
224518,1751924761.9566262,1751925245.8348465,batch_consumer-sts-1_20250707_215412_180190.csv,True,False,False,1751925379.8232613,617866.6350841522
224528,1751924761.9568555,1751925245.861286,batch_consumer-sts-1_20250707_215412_180190.csv,True,False,False,1751925379.8232613,617866.4057254791
224538,1751924761.9570906,1751925245.8885388,batch_consumer-sts-1_20250707_215412_180190.csv,True,False,False,1751925379.8232613,617866.1706447601
224548,1751924761.9573314,1751925245.915059,batch_consumer-sts-1_20250707_215412_180190.csv,True,False,False,1751925379.8232613,617865.9298419952
224558,1751924761.9575706,1751925245.9418218,batch_consumer-sts-1_20250707_215412_180190.csv,True,False,False,1751925379.8232613,617865.6907081604
224568,1751924761.9578133,1751925245.9686463,batch_consumer-sts-1_20250707_215412_180190.csv,True,False,False,1751925379.8232613,617865.4479980469
224578,1751924761.958049,1751925245.9953525,batch_consumer-sts-1_20250707_215412_180190.csv,True,False,False,1751925379.8232613,617865.2122020721
224588,1751924761.9582963,1751925246.0213032,batch_consumer-sts-1_20250707_215412_180190.csv,True,False,False,1751925379.8232613,617864.9649620056
224598,1751924761.9585297,1751925246.0477564,batch_consumer-sts-1_20250707_215412_180190.csv,True,False,False,1751925379.8232613,617864.7315502167
224608,1751924761.9587705,1751925246.074037,batch_consumer-sts-1_20250707_215412_180190.csv,True,False,False,1751925379.8232613,617864.4907474518
224618,1751924761.9590108,1751925246.100475,batch_consumer-sts-1_20250707_215412_180190.csv,True,False,False,1751925379.8232613,617864.250421524
224628,1751924761.9592428,1751925246.126625,batch_consumer-sts-1_20250707_215412_180190.csv,True,False,False,1751925379.8232613,617864.0184402466
224638,1751924761.9594846,1751925246.1531591,batch_consumer-sts-1_20250707_215412_180190.csv,True,False,False,1751925379.8232613,617863.7766838074
224648,1751924761.959715,1751925246.187046,batch_consumer-sts-1_20250707_215412_180190.csv,True,False,False,1751925379.8232613,617863.54637146
224658,1751924761.9599552,1751925246.2129836,batch_consumer-sts-1_20250707_215412_180190.csv,True,False,False,1751925379.8232613,617863.3060455322
224668,1751924761.9601843,1751925246.2396524,batch_consumer-sts-1_20250707_215412_180190.csv,True,False,False,1751925379.8232613,617863.0769252777
224678,1751924761.9604166,1751925246.2658572,batch_consumer-sts-1_20250707_215412_180190.csv,True,False,False,1751925379.8232613,617862.8447055817
224688,1751924761.9606545,1751925246.2921772,batch_consumer-sts-1_20250707_215412_180190.csv,True,False,False,1751925379.8232613,617862.6067638397
224698,1751924761.960894,1751925246.3178596,batch_consumer-sts-1_20250707_215412_180190.csv,True,False,False,1751925379.8232613,617862.3671531677
224708,1751924761.9611406,1751925246.3442156,batch_consumer-sts-1_20250707_215412_180190.csv,True,False,False,1751925379.8232613,617862.1206283569
224718,1751924761.9613807,1751925246.3708055,batch_consumer-sts-1_20250707_215412_180190.csv,True,False,False,1751925379.8232613,617861.8805408478
224728,1751924761.9616191,1751925246.3976674,batch_consumer-sts-1_20250707_215412_180190.csv,True,False,False,1751925379.8232613,617861.6421222687
224738,1751924761.9618468,1751925246.4237354,batch_consumer-sts-1_20250707_215412_180190.csv,True,False,False,1751925379.8232613,617861.4144325256
224748,1751924761.962074,1751925246.4502585,batch_consumer-sts-1_20250707_215412_180190.csv,True,False,False,1751925379.8232613,617861.1872196198
224758,1751924761.962319,1751925246.476876,batch_consumer-sts-1_20250707_215412_180190.csv,True,False,False,1751925379.8232613,617860.942363739
226968,1751924762.4796531,1751925246.5021284,batch_consumer-sts-1_20250707_215412_180190.csv,True,False,False,1751925379.8232613,617343.6081409454
226978,1751924762.4799018,1751925246.528511,batch_consumer-sts-1_20250707_215412_180190.csv,True,False,False,1751925379.8232613,617343.3594703674
226988,1751924762.4801428,1751925246.554916,batch_consumer-sts-1_20250707_215412_180190.csv,True,False,False,1751925379.8232613,617343.118429184
226998,1751924762.4803698,1751925246.5812004,batch_consumer-sts-1_20250707_215412_180190.csv,True,False,False,1751925379.8232613,617342.8914546967
227008,1751924762.4805954,1751925246.6071112,batch_consumer-sts-1_20250707_215412_180190.csv,True,False,False,1751925379.8232613,617342.6659107208
227018,1751924762.4808369,1751925246.6335144,batch_consumer-sts-1_20250707_215412_180190.csv,True,False,False,1751925379.8232613,617342.4243927002
227028,1751924762.4810812,1751925246.660019,batch_consumer-sts-1_20250707_215412_180190.csv,True,False,False,1751925379.8232613,617342.1800136566
227038,1751924762.481319,1751925246.795076,batch_consumer-sts-1_20250707_215412_180190.csv,True,False,False,1751925379.8232613,617341.9423103333
227048,1751924762.4815493,1751925246.8209722,batch_consumer-sts-1_20250707_215412_180190.csv,True,False,False,1751925379.8232613,617341.7119979858
227058,1751924762.4817834,1751925246.8477075,batch_consumer-sts-1_20250707_215412_180190.csv,True,False,False,1751925379.8232613,617341.4778709412
227068,1751924762.4820104,1751925246.8698702,batch_consumer-sts-1_20250707_215412_180190.csv,True,False,False,1751925379.8232613,617341.2508964539
227078,1751924762.4822712,1751925246.896222,batch_consumer-sts-1_20250707_215412_180190.csv,True,False,False,1751925379.8232613,617340.9900665283
227088,1751924762.48251,1751925246.9222288,batch_consumer-sts-1_20250707_215412_180190.csv,True,False,False,1751925379.8232613,617340.7511711121
227098,1751924762.4827447,1751925246.9487712,batch_consumer-sts-1_20250707_215412_180190.csv,True,False,False,1751925379.8232613,617340.5165672302
227108,1751924762.4829755,1751925246.975405,batch_consumer-sts-1_20250707_215412_180190.csv,True,False,False,1751925379.8232613,617340.2857780457
227118,1751924762.4832022,1751925247.0015724,batch_consumer-sts-1_20250707_215412_180190.csv,True,False,False,1751925379.8232613,617340.0590419769
227128,1751924762.483438,1751925247.0293994,batch_consumer-sts-1_20250707_215412_180190.csv,True,False,False,1751925379.8232613,617339.8232460022
227138,1751924762.483681,1751925247.0557835,batch_consumer-sts-1_20250707_215412_180190.csv,True,False,False,1751925379.8232613,617339.5802974701
227148,1751924762.483916,1751925247.0821023,batch_consumer-sts-1_20250707_215412_180190.csv,True,False,False,1751925379.8232613,617339.3452167511
227158,1751924762.4841535,1751925247.1081638,batch_consumer-sts-1_20250707_215412_180190.csv,True,False,False,1751925379.8232613,617339.1077518463
227168,1751924762.4843805,1751925247.1351388,batch_consumer-sts-1_20250707_215412_180190.csv,True,False,False,1751925379.8232613,617338.880777359
227178,1751924762.4846134,1751925247.1618798,batch_consumer-sts-1_20250707_215412_180190.csv,True,False,False,1751925379.8232613,617338.6478424072
227188,1751924762.4848433,1751925247.2722187,batch_consumer-sts-1_20250707_215412_180190.csv,True,False,False,1751925379.8232613,617338.418006897
227198,1751924762.4850786,1751925247.2985208,batch_consumer-sts-1_20250707_215412_180190.csv,True,False,False,1751925379.8232613,617338.1826877594
227208,1751924762.4853146,1751925247.324426,batch_consumer-sts-1_20250707_215412_180190.csv,True,False,False,1751925379.8232613,617337.9466533661
227218,1751924762.485549,1751925247.3512447,batch_consumer-sts-1_20250707_215412_180190.csv,True,False,False,1751925379.8232613,617337.7122879028
227228,1751924762.4857817,1751925247.3780758,batch_consumer-sts-1_20250707_215412_180190.csv,True,False,False,1751925379.8232613,617337.4795913696
227238,1751924762.486019,1751925247.4048336,batch_consumer-sts-1_20250707_215412_180190.csv,True,False,False,1751925379.8232613,617337.2423648834
227248,1751924762.48628,1751925247.4318476,batch_consumer-sts-1_20250707_215412_180190.csv,True,False,False,1751925379.8232613,617336.9812965393
227258,1751924762.4865208,1751925247.4585576,batch_consumer-sts-1_20250707_215412_180190.csv,True,False,False,1751925379.8232613,617336.7404937744
227268,1751924762.4867642,1751925247.494244,batch_consumer-sts-1_20250707_215412_180190.csv,True,False,False,1751925379.8232613,617336.4970684052
227278,1751924762.4870052,1751925247.5201578,batch_consumer-sts-1_20250707_215412_180190.csv,True,False,False,1751925379.8232613,617336.2560272217
227288,1751924762.487244,1751925247.5473363,batch_consumer-sts-1_20250707_215412_180190.csv,True,False,False,1751925379.8232613,617336.017370224
227298,1751924762.487482,1751925247.574561,batch_consumer-sts-1_20250707_215412_180190.csv,True,False,False,1751925379.8232613,617335.7791900635
227308,1751924762.487727,1751925248.0701394,batch_consumer-sts-1_20250707_215412_180190.csv,True,False,False,1751925379.8232613,617335.5343341827
227318,1751924762.487971,1751925248.097222,batch_consumer-sts-1_20250707_215412_180190.csv,True,False,False,1751925379.8232613,617335.2901935577
227328,1751924762.4882126,1751925248.1229894,batch_consumer-sts-1_20250707_215412_180190.csv,True,False,False,1751925379.8232613,617335.0486755371
227338,1751924762.4884486,1751925248.1500754,batch_consumer-sts-1_20250707_215412_180190.csv,True,False,False,1751925379.8232613,617334.8126411438
227348,1751924762.4886985,1751925248.1767757,batch_consumer-sts-1_20250707_215412_180190.csv,True,False,False,1751925379.8232613,617334.5627784729
227358,1751924762.488933,1751925249.2047365,batch_consumer-sts-1_20250707_215412_180190.csv,True,False,False,1751925379.8232613,617334.3281745911
227368,1751924762.4891825,1751925249.23235,batch_consumer-sts-1_20250707_215412_180190.csv,True,False,False,1751925379.8232613,617334.0787887573
227378,1751924762.489432,1751925249.2594063,batch_consumer-sts-1_20250707_215412_180190.csv,True,False,False,1751925379.8232613,617333.829164505
227388,1751924762.4896677,1751925249.2864518,batch_consumer-sts-1_20250707_215412_180190.csv,True,False,False,1751925379.8232613,617333.5936069489
227398,1751924762.4899378,1751925249.312539,batch_consumer-sts-1_20250707_215412_180190.csv,True,False,False,1751925379.8232613,617333.3234786987
227408,1751924762.4901893,1751925249.339988,batch_consumer-sts-1_20250707_215412_180190.csv,True,False,False,1751925379.8232613,617333.0719470978
227418,1751924762.4904387,1751925249.367147,batch_consumer-sts-1_20250707_215412_180190.csv,True,False,False,1751925379.8232613,617332.822561264
227428,1751924762.4906845,1751925249.3955617,batch_consumer-sts-1_20250707_215412_180190.csv,True,False,False,1751925379.8232613,617332.576751709
227438,1751924762.490949,1751925249.4218595,batch_consumer-sts-1_20250707_215412_180190.csv,True,False,False,1751925379.8232613,617332.3123455048
227448,1751924762.4911983,1751925249.449041,batch_consumer-sts-1_20250707_215412_180190.csv,True,False,False,1751925379.8232613,617332.062959671
227458,1751924762.49146,1751925249.4759967,batch_consumer-sts-1_20250707_215412_180190.csv,True,False,False,1751925379.8232613,617331.8011760712
227468,1751924762.4916627,1751925249.5026069,batch_consumer-sts-1_20250707_215412_180190.csv,True,False,False,1751925379.8232613,617331.5985202789
227478,1751924762.4919229,1751925249.5286834,batch_consumer-sts-1_20250707_215412_180190.csv,True,False,False,1751925379.8232613,617331.3384056091
227488,1751924762.4921682,1751925249.555133,batch_consumer-sts-1_20250707_215412_180190.csv,True,False,False,1751925379.8232613,617331.0930728912
227498,1751924762.4924011,1751925249.581636,batch_consumer-sts-1_20250707_215412_180190.csv,True,False,False,1751925379.8232613,617330.8601379395
227508,1751924762.4926412,1751925249.6078806,batch_consumer-sts-1_20250707_215412_180190.csv,True,False,False,1751925379.8232613,617330.6200504303
227518,1751924762.492879,1751925249.634344,batch_consumer-sts-1_20250707_215412_180190.csv,True,False,False,1751925379.8232613,617330.3823471069
227528,1751924762.4931202,1751925249.660678,batch_consumer-sts-1_20250707_215412_180190.csv,True,False,False,1751925379.8232613,617330.1410675049
227538,1751924762.49336,1751925249.6871712,batch_consumer-sts-1_20250707_215412_180190.csv,True,False,False,1751925379.8232613,617329.9012184143
227548,1751924762.493597,1751925249.713042,batch_consumer-sts-1_20250707_215412_180190.csv,True,False,False,1751925379.8232613,617329.6642303467
227558,1751924762.493832,1751925249.73972,batch_consumer-sts-1_20250707_215412_180190.csv,True,False,False,1751925379.8232613,617329.4291496277
227568,1751924762.4940708,1751925250.44959,batch_consumer-sts-1_20250707_215412_180190.csv,True,False,False,1751925379.8232613,617329.19049263
227578,1751924762.4943285,1751925250.476648,batch_consumer-sts-1_20250707_215412_180190.csv,True,False,False,1751925379.8232613,617328.932762146
227588,1751924762.4945655,1751925250.5032609,batch_consumer-sts-1_20250707_215412_180190.csv,True,False,False,1751925379.8232613,617328.6957740784
227598,1751924762.494804,1751925250.5300355,batch_consumer-sts-1_20250707_215412_180190.csv,True,False,False,1751925379.8232613,617328.4573554993
227608,1751924762.4950385,1751925250.556879,batch_consumer-sts-1_20250707_215412_180190.csv,True,False,False,1751925379.8232613,617328.2227516174
227618,1751924762.4952717,1751925250.583549,batch_consumer-sts-1_20250707_215412_180190.csv,True,False,False,1751925379.8232613,617327.9895782471
227628,1751924762.4954972,1751925250.6096735,batch_consumer-sts-1_20250707_215412_180190.csv,True,False,False,1751925379.8232613,617327.7640342712
227638,1751924762.4957235,1751925250.6362083,batch_consumer-sts-1_20250707_215412_180190.csv,True,False,False,1751925379.8232613,617327.5377750397
227648,1751924762.495959,1751925250.6630669,batch_consumer-sts-1_20250707_215412_180190.csv,True,False,False,1751925379.8232613,617327.3022174835
227658,1751924762.49619,1751925250.6900623,batch_consumer-sts-1_20250707_215412_180190.csv,True,False,False,1751925379.8232613,617327.0711898804
227668,1751924762.4982631,1751925250.716501,batch_consumer-sts-1_20250707_215412_180190.csv,True,False,False,1751925379.8232613,617324.9981403351
227678,1751924762.4985034,1751925250.743104,batch_consumer-sts-1_20250707_215412_180190.csv,True,False,False,1751925379.8232613,617324.7578144073
227688,1751924762.4987452,1751925250.769761,batch_consumer-sts-1_20250707_215412_180190.csv,True,False,False,1751925379.8232613,617324.5160579681
227698,1751924762.4989932,1751925250.7960002,batch_consumer-sts-1_20250707_215412_180190.csv,True,False,False,1751925379.8232613,617324.2681026459
227708,1751924762.4992318,1751925250.821479,batch_consumer-sts-1_20250707_215412_180190.csv,True,False,False,1751925379.8232613,617324.0294456482
227718,1751924762.499475,1751925250.8495328,batch_consumer-sts-1_20250707_215412_180190.csv,True,False,False,1751925379.8232613,617323.7862586975
227728,1751924762.4997127,1751925250.8763342,batch_consumer-sts-1_20250707_215412_180190.csv,True,False,False,1751925379.8232613,617323.5485553741
227738,1751924762.4999487,1751925250.902825,batch_consumer-sts-1_20250707_215412_180190.csv,True,False,False,1751925379.8232613,617323.3125209808
227748,1751924762.500183,1751925250.9288912,batch_consumer-sts-1_20250707_215412_180190.csv,True,False,False,1751925379.8232613,617323.0781555176
227758,1751924762.5004222,1751925250.9559305,batch_consumer-sts-1_20250707_215412_180190.csv,True,False,False,1751925379.8232613,617322.8390216827
227768,1751924762.50066,1751925250.982497,batch_consumer-sts-1_20250707_215412_180190.csv,True,False,False,1751925379.8232613,617322.6013183594
227778,1751924762.5008953,1751925251.008752,batch_consumer-sts-1_20250707_215412_180190.csv,True,False,False,1751925379.8232613,617322.3659992218
227788,1751924762.5011373,1751925251.0357175,batch_consumer-sts-1_20250707_215412_180190.csv,True,False,False,1751925379.8232613,617322.124004364
227798,1751924762.5013766,1751925251.0632918,batch_consumer-sts-1_20250707_215412_180190.csv,True,False,False,1751925379.8232613,617321.8846321106
227808,1751924762.501614,1751925251.0902724,batch_consumer-sts-1_20250707_215412_180190.csv,True,False,False,1751925379.8232613,617321.6471672058
227818,1751924762.5018485,1751925251.1163154,batch_consumer-sts-1_20250707_215412_180190.csv,True,False,False,1751925379.8232613,617321.4128017426
227828,1751924762.5020978,1751925251.143294,batch_consumer-sts-1_20250707_215412_180190.csv,True,False,False,1751925379.8232613,617321.1634159088
227838,1751924762.5023515,1751925251.1703122,batch_consumer-sts-1_20250707_215412_180190.csv,True,False,False,1751925379.8232613,617320.9097385406
227848,1751924762.5025842,1751925251.1971607,batch_consumer-sts-1_20250707_215412_180190.csv,True,False,False,1751925379.8232613,617320.6770420074
227858,1751924762.5028205,1751925251.2229714,batch_consumer-sts-1_20250707_215412_180190.csv,True,False,False,1751925379.8232613,617320.4407691956
227868,1751924762.5030675,1751925251.2497213,batch_consumer-sts-1_20250707_215412_180190.csv,True,False,False,1751925379.8232613,617320.1937675476
227878,1751924762.5033214,1751925251.2777326,batch_consumer-sts-1_20250707_215412_180190.csv,True,False,False,1751925379.8232613,617319.9398517609
227888,1751924762.5035932,1751925251.3043466,batch_consumer-sts-1_20250707_215412_180190.csv,True,False,False,1751925379.8232613,617319.6680545807
227898,1751924762.5037937,1751925251.3311462,batch_consumer-sts-1_20250707_215412_180190.csv,True,False,False,1751925379.8232613,617319.4675445557
227908,1751924762.5040214,1751925251.3581145,batch_consumer-sts-1_20250707_215412_180190.csv,True,False,False,1751925379.8232613,617319.2398548126
227918,1751924762.5042255,1751925251.3846822,batch_consumer-sts-1_20250707_215412_180190.csv,True,False,False,1751925379.8232613,617319.0357685089
227928,1751924762.5044332,1751925251.410885,batch_consumer-sts-1_20250707_215412_180190.csv,True,False,False,1751925379.8232613,617318.8281059265
227938,1751924762.5046625,1751925251.4375072,batch_consumer-sts-1_20250707_215412_180190.csv,True,False,False,1751925379.8232613,617318.5987472534
227948,1751924762.504912,1751925251.4640512,batch_consumer-sts-1_20250707_215412_180190.csv,True,False,False,1751925379.8232613,617318.3493614197
227958,1751924762.5051458,1751925251.490623,batch_consumer-sts-1_20250707_215412_180190.csv,True,False,False,1751925379.8232613,617318.1154727936
227968,1751924762.5053852,1751925251.5162506,batch_consumer-sts-1_20250707_215412_180190.csv,True,False,False,1751925379.8232613,617317.8761005402
227978,1751924762.5056305,1751925251.5424554,batch_consumer-sts-1_20250707_215412_180190.csv,True,False,False,1751925379.8232613,617317.6307678223
227988,1751924762.5058732,1751925251.5691772,batch_consumer-sts-1_20250707_215412_180190.csv,True,False,False,1751925379.8232613,617317.3880577087
227998,1751924762.5061097,1751925251.595965,batch_consumer-sts-1_20250707_215412_180190.csv,True,False,False,1751925379.8232613,617317.1515464783
228008,1751924762.5063665,1751925251.622357,batch_consumer-sts-1_20250707_215412_180190.csv,True,False,False,1751925379.8232613,617316.8947696686
228018,1751924762.5066051,1751925251.6490023,batch_consumer-sts-1_20250707_215412_180190.csv,True,False,False,1751925379.8232613,617316.6561126709
228028,1751924762.506848,1751925251.6757936,batch_consumer-sts-1_20250707_215412_180190.csv,True,False,False,1751925379.8232613,617316.4131641388
228038,1751924762.5070946,1751925251.7023876,batch_consumer-sts-1_20250707_215412_180190.csv,True,False,False,1751925379.8232613,617316.166639328
228048,1751924762.5073383,1751925251.7288103,batch_consumer-sts-1_20250707_215412_180190.csv,True,False,False,1751925379.8232613,617315.9229755402
228058,1751924762.5075796,1751925251.7556682,batch_consumer-sts-1_20250707_215412_180190.csv,True,False,False,1751925379.8232613,617315.6816959381
228068,1751924762.507825,1751925251.7822251,batch_consumer-sts-1_20250707_215412_180190.csv,True,False,False,1751925379.8232613,617315.4363632202
228078,1751924762.5080595,1751925251.8544433,batch_consumer-sts-1_20250707_215412_180190.csv,True,False,False,1751925379.8232613,617315.2017593384
228088,1751924762.5083008,1751925251.8809657,batch_consumer-sts-1_20250707_215412_180190.csv,True,False,False,1751925379.8232613,617314.9604797363
228098,1751924762.5085366,1751925251.9070528,batch_consumer-sts-1_20250707_215412_180190.csv,True,False,False,1751925379.8232613,617314.7246837616
228108,1751924762.5087714,1751925251.9333682,batch_consumer-sts-1_20250707_215412_180190.csv,True,False,False,1751925379.8232613,617314.4898414612
228118,1751924762.5090067,1751925251.9600005,batch_consumer-sts-1_20250707_215412_180190.csv,True,False,False,1751925379.8232613,617314.2545223236
228128,1751924762.509248,1751925252.088935,batch_consumer-sts-1_20250707_215412_180190.csv,True,False,False,1751925379.8232613,617314.0132427216
228138,1751924762.5094855,1751925252.1150072,batch_consumer-sts-1_20250707_215412_180190.csv,True,False,False,1751925379.8232613,617313.7757778168
228148,1751924762.5097284,1751925252.14158,batch_consumer-sts-1_20250707_215412_180190.csv,True,False,False,1751925379.8232613,617313.5328292847
228158,1751924762.5099835,1751925252.4087262,batch_consumer-sts-1_20250707_215432_568970.csv,True,False,False,1751925379.8232613,617313.277721405
228168,1751924762.5102448,1751925252.4355698,batch_consumer-sts-1_20250707_215432_568970.csv,True,False,False,1751925379.8232613,617313.0164146423
228178,1751924762.5104833,1751925252.4624846,batch_consumer-sts-1_20250707_215432_568970.csv,True,False,False,1751925379.8232613,617312.7779960632
228188,1751924762.510721,1751925252.48931,batch_consumer-sts-1_20250707_215432_568970.csv,True,False,False,1751925379.8232613,617312.5402927399
228198,1751924762.510952,1751925252.5151572,batch_consumer-sts-1_20250707_215432_568970.csv,True,False,False,1751925379.8232613,617312.3092651367
228208,1751924762.5111833,1751925252.541793,batch_consumer-sts-1_20250707_215432_568970.csv,True,False,False,1751925379.8232613,617312.077999115
228218,1751924762.511423,1751925252.5672984,batch_consumer-sts-1_20250707_215432_568970.csv,True,False,False,1751925379.8232613,617311.8381500244
228228,1751924762.51167,1751925252.5940027,batch_consumer-sts-1_20250707_215432_568970.csv,True,False,False,1751925379.8232613,617311.5911483765
228238,1751924762.511905,1751925252.6199324,batch_consumer-sts-1_20250707_215432_568970.csv,True,False,False,1751925379.8232613,617311.356306076
228248,1751924762.5121396,1751925252.6466126,batch_consumer-sts-1_20250707_215432_568970.csv,True,False,False,1751925379.8232613,617311.1217021942
228258,1751924762.512374,1751925252.6738808,batch_consumer-sts-1_20250707_215432_568970.csv,True,False,False,1751925379.8232613,617310.887336731
228268,1751924762.5126193,1751925252.700908,batch_consumer-sts-1_20250707_215432_568970.csv,True,False,False,1751925379.8232613,617310.6420040131
228278,1751924762.5128615,1751925252.7278235,batch_consumer-sts-1_20250707_215432_568970.csv,True,False,False,1751925379.8232613,617310.3997707367
228288,1751924762.5131018,1751925252.7556782,batch_consumer-sts-1_20250707_215432_568970.csv,True,False,False,1751925379.8232613,617310.159444809
228298,1751924762.51334,1751925252.7823207,batch_consumer-sts-1_20250707_215432_568970.csv,True,False,False,1751925379.8232613,617309.9212646484
230078,1751924762.9281363,1751925252.8087409,batch_consumer-sts-1_20250707_215432_568970.csv,True,False,False,1751925379.8232613,616895.124912262
230088,1751924762.9284863,1751925252.8344612,batch_consumer-sts-1_20250707_215432_568970.csv,True,False,False,1751925379.8232613,616894.7749137878
230098,1751924762.9288683,1751925252.861279,batch_consumer-sts-1_20250707_215432_568970.csv,True,False,False,1751925379.8232613,616894.3929672241
230108,1751924762.9292088,1751925252.92528,batch_consumer-sts-1_20250707_215432_568970.csv,True,False,False,1751925379.8232613,616894.0525054932
230118,1751924762.929521,1751925253.0070443,batch_consumer-sts-1_20250707_215432_568970.csv,True,False,False,1751925379.8232613,616893.7401771545
230128,1751924762.929865,1751925253.034011,batch_consumer-sts-1_20250707_215432_568970.csv,True,False,False,1751925379.8232613,616893.3963775635
230138,1751924762.9301865,1751925253.060136,batch_consumer-sts-1_20250707_215432_568970.csv,True,False,False,1751925379.8232613,616893.0747509003
230148,1751924762.9305117,1751925253.086826,batch_consumer-sts-1_20250707_215432_568970.csv,True,False,False,1751925379.8232613,616892.7495479584
230158,1751924762.930839,1751925253.113261,batch_consumer-sts-1_20250707_215432_568970.csv,True,False,False,1751925379.8232613,616892.4221992493
230168,1751924762.931177,1751925253.139855,batch_consumer-sts-1_20250707_215432_568970.csv,True,False,False,1751925379.8232613,616892.0843601227
230178,1751924762.9315012,1751925253.1664598,batch_consumer-sts-1_20250707_215432_568970.csv,True,False,False,1751925379.8232613,616891.7601108551
230188,1751924762.9318252,1751925253.19287,batch_consumer-sts-1_20250707_215432_568970.csv,True,False,False,1751925379.8232613,616891.4361000061
230198,1751924762.9321654,1751925253.2189991,batch_consumer-sts-1_20250707_215432_568970.csv,True,False,False,1751925379.8232613,616891.0958766937
230208,1751924762.932505,1751925253.2457206,batch_consumer-sts-1_20250707_215432_568970.csv,True,False,False,1751925379.8232613,616890.7563686371
230218,1751924762.9328525,1751925253.2727177,batch_consumer-sts-1_20250707_215432_568970.csv,True,False,False,1751925379.8232613,616890.4087543488
230228,1751924762.9331875,1751925253.299482,batch_consumer-sts-1_20250707_215432_568970.csv,True,False,False,1751925379.8232613,616890.0737762451
230238,1751924762.9335022,1751925253.3307247,batch_consumer-sts-1_20250707_215432_568970.csv,True,False,False,1751925379.8232613,616889.7590637207
230248,1751924762.933826,1751925253.356691,batch_consumer-sts-1_20250707_215432_568970.csv,True,False,False,1751925379.8232613,616889.4352912903
230258,1751924762.9341366,1751925253.3838868,batch_consumer-sts-1_20250707_215432_568970.csv,True,False,False,1751925379.8232613,616889.1246318817
230268,1751924762.9344902,1751925253.410149,batch_consumer-sts-1_20250707_215432_568970.csv,True,False,False,1751925379.8232613,616888.7710571289
230278,1751924762.9348133,1751925253.4376595,batch_consumer-sts-1_20250707_215432_568970.csv,True,False,False,1751925379.8232613,616888.4479999542
230288,1751924762.9351122,1751925253.4652815,batch_consumer-sts-1_20250707_215432_568970.csv,True,False,False,1751925379.8232613,616888.149023056
230298,1751924762.9354208,1751925253.4928083,batch_consumer-sts-1_20250707_215432_568970.csv,True,False,False,1751925379.8232613,616887.8405094147
230308,1751924762.9357512,1751925253.5188596,batch_consumer-sts-1_20250707_215432_568970.csv,True,False,False,1751925379.8232613,616887.510061264
230318,1751924762.936092,1751925253.5444243,batch_consumer-sts-1_20250707_215432_568970.csv,True,False,False,1751925379.8232613,616887.1693611145
230328,1751924762.9363797,1751925254.5732255,batch_consumer-sts-1_20250707_215432_568970.csv,True,False,False,1751925379.8232613,616886.8815898895
230338,1751924762.9367063,1751925254.599408,batch_consumer-sts-1_20250707_215432_568970.csv,True,False,False,1751925379.8232613,616886.5549564362
230348,1751924762.937041,1751925254.625276,batch_consumer-sts-1_20250707_215432_568970.csv,True,False,False,1751925379.8232613,616886.2202167511
230358,1751924762.9373815,1751925254.65161,batch_consumer-sts-1_20250707_215432_568970.csv,True,False,False,1751925379.8232613,616885.8797550201
230368,1751924762.9376457,1751925254.678475,batch_consumer-sts-1_20250707_215432_568970.csv,True,False,False,1751925379.8232613,616885.6155872345
230378,1751924762.9378786,1751925254.704803,batch_consumer-sts-1_20250707_215432_568970.csv,True,False,False,1751925379.8232613,616885.3826522827
230388,1751924762.9381156,1751925254.7417853,batch_consumer-sts-1_20250707_215432_568970.csv,True,False,False,1751925379.8232613,616885.1456642151
230398,1751924762.938361,1751925254.768935,batch_consumer-sts-1_20250707_215432_568970.csv,True,False,False,1751925379.8232613,616884.9003314972
230408,1751924762.938592,1751925254.7958546,batch_consumer-sts-1_20250707_215432_568970.csv,True,False,False,1751925379.8232613,616884.669303894
230418,1751924762.938822,1751925254.820774,batch_consumer-sts-1_20250707_215432_568970.csv,True,False,False,1751925379.8232613,616884.4392299652
230428,1751924762.9390504,1751925254.847962,batch_consumer-sts-1_20250707_215432_568970.csv,True,False,False,1751925379.8232613,616884.2108249664
230438,1751924762.9392865,1751925255.2707276,batch_consumer-sts-1_20250707_215432_568970.csv,True,False,False,1751925379.8232613,616883.9747905731
230448,1751924762.9395533,1751925255.2973204,batch_consumer-sts-1_20250707_215432_568970.csv,True,False,False,1751925379.8232613,616883.7080001831
230458,1751924762.9397843,1751925255.3233545,batch_consumer-sts-1_20250707_215432_568970.csv,True,False,False,1751925379.8232613,616883.47697258
230468,1751924762.9400136,1751925255.3498986,batch_consumer-sts-1_20250707_215432_568970.csv,True,False,False,1751925379.8232613,616883.2476139069
230478,1751924762.9403143,1751925255.376586,batch_consumer-sts-1_20250707_215432_568970.csv,True,False,False,1751925379.8232613,616882.9469680786
230488,1751924762.940559,1751925255.403241,batch_consumer-sts-1_20250707_215432_568970.csv,True,False,False,1751925379.8232613,616882.7023506165
230498,1751924762.9408047,1751925255.4290664,batch_consumer-sts-1_20250707_215432_568970.csv,True,False,False,1751925379.8232613,616882.4565410614
230508,1751924762.9410484,1751925255.455814,batch_consumer-sts-1_20250707_215432_568970.csv,True,False,False,1751925379.8232613,616882.2128772736
230518,1751924762.9412873,1751925255.4824188,batch_consumer-sts-1_20250707_215432_568970.csv,True,False,False,1751925379.8232613,616881.9739818573
230528,1751924762.941522,1751925255.509137,batch_consumer-sts-1_20250707_215432_568970.csv,True,False,False,1751925379.8232613,616881.7393779755
230538,1751924762.9417589,1751925255.5358405,batch_consumer-sts-1_20250707_215432_568970.csv,True,False,False,1751925379.8232613,616881.5023899078
230548,1751924762.9420023,1751925255.562631,batch_consumer-sts-1_20250707_215432_568970.csv,True,False,False,1751925379.8232613,616881.2589645386
230558,1751924762.9422596,1751925255.589381,batch_consumer-sts-1_20250707_215432_568970.csv,True,False,False,1751925379.8232613,616881.0017108917
230568,1751924762.9424937,1751925255.6153634,batch_consumer-sts-1_20250707_215432_568970.csv,True,False,False,1751925379.8232613,616880.767583847
230578,1751924762.9427428,1751925255.6420505,batch_consumer-sts-1_20250707_215432_568970.csv,True,False,False,1751925379.8232613,616880.5184364319
230588,1751924762.9429834,1751925255.669021,batch_consumer-sts-1_20250707_215432_568970.csv,True,False,False,1751925379.8232613,616880.2778720856
230598,1751924762.943226,1751925255.6956096,batch_consumer-sts-1_20250707_215432_568970.csv,True,False,False,1751925379.8232613,616880.035161972
230608,1751924762.9434693,1751925255.7216074,batch_consumer-sts-1_20250707_215432_568970.csv,True,False,False,1751925379.8232613,616879.7919750214
230618,1751924762.9437232,1751925255.748405,batch_consumer-sts-1_20250707_215432_568970.csv,True,False,False,1751925379.8232613,616879.5380592346
230628,1751924762.9439728,1751925255.775036,batch_consumer-sts-1_20250707_215432_568970.csv,True,False,False,1751925379.8232613,616879.2884349823
230638,1751924762.944224,1751925255.8016274,batch_consumer-sts-1_20250707_215432_568970.csv,True,False,False,1751925379.8232613,616879.0371417999
230648,1751924762.9444714,1751925255.8277168,batch_consumer-sts-1_20250707_215432_568970.csv,True,False,False,1751925379.8232613,616878.7899017334
230658,1751924762.9447088,1751925255.854556,batch_consumer-sts-1_20250707_215432_568970.csv,True,False,False,1751925379.8232613,616878.5524368286
230668,1751924762.944945,1751925255.8858373,batch_consumer-sts-1_20250707_215432_568970.csv,True,False,False,1751925379.8232613,616878.3161640167
230678,1751924762.9451897,1751925255.9118364,batch_consumer-sts-1_20250707_215432_568970.csv,True,False,False,1751925379.8232613,616878.0715465546
230688,1751924762.9454346,1751925255.9383018,batch_consumer-sts-1_20250707_215432_568970.csv,True,False,False,1751925379.8232613,616877.8266906738
230698,1751924762.9456763,1751925255.9649923,batch_consumer-sts-1_20250707_215432_568970.csv,True,False,False,1751925379.8232613,616877.5849342346
230708,1751924762.9459186,1751925255.99136,batch_consumer-sts-1_20250707_215432_568970.csv,True,False,False,1751925379.8232613,616877.3427009583
230718,1751924762.9461713,1751925256.0172613,batch_consumer-sts-1_20250707_215432_568970.csv,True,False,False,1751925379.8232613,616877.0899772644
230728,1751924762.9464753,1751925256.0443008,batch_consumer-sts-1_20250707_215432_568970.csv,True,False,False,1751925379.8232613,616876.785993576
239508,1751924763.291932,1751925256.071055,batch_consumer-sts-1_20250707_215432_568970.csv,True,False,False,1751925379.8232613,616531.3291549683
239518,1751924763.2921252,1751925256.0976934,batch_consumer-sts-1_20250707_215432_568970.csv,True,False,False,1751925379.8232613,616531.1360359192
239528,1751924763.2923365,1751925256.123365,batch_consumer-sts-1_20250707_215432_568970.csv,True,False,False,1751925379.8232613,616530.9247970581
239538,1751924763.2925327,1751925256.1498458,batch_consumer-sts-1_20250707_215432_568970.csv,True,False,False,1751925379.8232613,616530.7285785675
239548,1751924763.2927506,1751925256.1762743,batch_consumer-sts-1_20250707_215432_568970.csv,True,False,False,1751925379.8232613,616530.5106639862
239558,1751924763.2929804,1751925256.2030418,batch_consumer-sts-1_20250707_215432_568970.csv,True,False,False,1751925379.8232613,616530.280828476
239568,1751924763.2932415,1751925256.2297752,batch_consumer-sts-1_20250707_215432_568970.csv,True,False,False,1751925379.8232613,616530.0197601318
239578,1751924763.2935593,1751925256.2676816,batch_consumer-sts-1_20250707_215432_568970.csv,True,False,False,1751925379.8232613,616529.7019481659
239588,1751924763.2937915,1751925256.2945087,batch_consumer-sts-1_20250707_215432_568970.csv,True,False,False,1751925379.8232613,616529.4697284698
239598,1751924763.294027,1751925256.320301,batch_consumer-sts-1_20250707_215432_568970.csv,True,False,False,1751925379.8232613,616529.2341709137
239608,1751924763.2942796,1751925256.3470764,batch_consumer-sts-1_20250707_215432_568970.csv,True,False,False,1751925379.8232613,616528.9816856384
239618,1751924763.294515,1751925256.373784,batch_consumer-sts-1_20250707_215432_568970.csv,True,False,False,1751925379.8232613,616528.7463665009
239628,1751924763.2947526,1751925256.4004428,batch_consumer-sts-1_20250707_215432_568970.csv,True,False,False,1751925379.8232613,616528.5086631775
239638,1751924763.294993,1751925256.4265318,batch_consumer-sts-1_20250707_215432_568970.csv,True,False,False,1751925379.8232613,616528.2683372498
239648,1751924763.2952344,1751925256.4561112,batch_consumer-sts-1_20250707_215432_568970.csv,True,False,False,1751925379.8232613,616528.0268192291
239658,1751924763.2954729,1751925256.4824927,batch_consumer-sts-1_20250707_215432_568970.csv,True,False,False,1751925379.8232613,616527.78840065
239668,1751924763.295708,1751925256.5084586,batch_consumer-sts-1_20250707_215432_568970.csv,True,False,False,1751925379.8232613,616527.553319931
239678,1751924763.295946,1751925256.5347135,batch_consumer-sts-1_20250707_215432_568970.csv,True,False,False,1751925379.8232613,616527.3153781891
239688,1751924763.2961783,1751925256.5612805,batch_consumer-sts-1_20250707_215432_568970.csv,True,False,False,1751925379.8232613,616527.0829200745
239698,1751924763.296409,1751925256.5876036,batch_consumer-sts-1_20250707_215432_568970.csv,True,False,False,1751925379.8232613,616526.8523693085
239708,1751924763.2966332,1751925256.613269,batch_consumer-sts-1_20250707_215432_568970.csv,True,False,False,1751925379.8232613,616526.6280174255
239718,1751924763.2968702,1751925256.639908,batch_consumer-sts-1_20250707_215432_568970.csv,True,False,False,1751925379.8232613,616526.3910293579
239728,1751924763.297104,1751925256.6671965,batch_consumer-sts-1_20250707_215432_568970.csv,True,False,False,1751925379.8232613,616526.1573791504
239738,1751924763.2973387,1751925256.6940682,batch_consumer-sts-1_20250707_215432_568970.csv,True,False,False,1751925379.8232613,616525.92253685
239748,1751924763.2975893,1751925256.7200837,batch_consumer-sts-1_20250707_215432_568970.csv,True,False,False,1751925379.8232613,616525.6719589233
239758,1751924763.297818,1751925256.7468357,batch_consumer-sts-1_20250707_215432_568970.csv,True,False,False,1751925379.8232613,616525.443315506
239768,1751924763.2980492,1751925256.7736232,batch_consumer-sts-1_20250707_215432_568970.csv,True,False,False,1751925379.8232613,616525.2120494843
239778,1751924763.298287,1751925256.800237,batch_consumer-sts-1_20250707_215432_568970.csv,True,False,False,1751925379.8232613,616524.9743461609
239788,1751924763.2985246,1751925256.8320386,batch_consumer-sts-1_20250707_215432_568970.csv,True,False,False,1751925379.8232613,616524.7366428375
239798,1751924763.2987645,1751925256.858537,batch_consumer-sts-1_20250707_215432_568970.csv,True,False,False,1751925379.8232613,616524.496793747
239808,1751924763.2990022,1751925256.8849635,batch_consumer-sts-1_20250707_215432_568970.csv,True,False,False,1751925379.8232613,616524.2590904236
239818,1751924763.2992346,1751925256.9109726,batch_consumer-sts-1_20250707_215432_568970.csv,True,False,False,1751925379.8232613,616524.026632309
239828,1751924763.299474,1751925256.9843593,batch_consumer-sts-1_20250707_215432_568970.csv,True,False,False,1751925379.8232613,616523.7872600555
239838,1751924763.299713,1751925257.0103734,batch_consumer-sts-1_20250707_215432_568970.csv,True,False,False,1751925379.8232613,616523.5483646393
239848,1751924763.2999578,1751925257.0367525,batch_consumer-sts-1_20250707_215432_568970.csv,True,False,False,1751925379.8232613,616523.3035087585
239858,1751924763.3001926,1751925257.0632536,batch_consumer-sts-1_20250707_215432_568970.csv,True,False,False,1751925379.8232613,616523.0686664581
239868,1751924763.3004272,1751925257.096032,batch_consumer-sts-1_20250707_215432_568970.csv,True,False,False,1751925379.8232613,616522.8340625763
239878,1751924763.3006644,1751925257.121836,batch_consumer-sts-1_20250707_215432_568970.csv,True,False,False,1751925379.8232613,616522.5968360901
239888,1751924763.300898,1751925257.147331,batch_consumer-sts-1_20250707_215432_568970.csv,True,False,False,1751925379.8232613,616522.3631858826
239898,1751924763.3011315,1751925257.174779,batch_consumer-sts-1_20250707_215432_568970.csv,True,False,False,1751925379.8232613,616522.1297740936
239908,1751924763.3013732,1751925257.20172,batch_consumer-sts-1_20250707_215432_568970.csv,True,False,False,1751925379.8232613,616521.8880176544
239918,1751924763.301612,1751925257.2280765,batch_consumer-sts-1_20250707_215432_568970.csv,True,False,False,1751925379.8232613,616521.6493606567
239928,1751924763.301849,1751925257.254728,batch_consumer-sts-1_20250707_215432_568970.csv,True,False,False,1751925379.8232613,616521.4123725891
239938,1751924763.30209,1751925257.281589,batch_consumer-sts-1_20250707_215432_568970.csv,True,False,False,1751925379.8232613,616521.1713314056
239948,1751924763.302328,1751925257.307781,batch_consumer-sts-1_20250707_215432_568970.csv,True,False,False,1751925379.8232613,616520.9331512451
239958,1751924763.3025658,1751925257.3341117,batch_consumer-sts-1_20250707_215432_568970.csv,True,False,False,1751925379.8232613,616520.6954479218
239968,1751924763.3027973,1751925257.3609042,batch_consumer-sts-1_20250707_215432_568970.csv,True,False,False,1751925379.8232613,616520.4639434814
239978,1751924763.303028,1751925257.387666,batch_consumer-sts-1_20250707_215432_568970.csv,True,False,False,1751925379.8232613,616520.2331542969
239988,1751924763.3032591,1751925257.413699,batch_consumer-sts-1_20250707_215432_568970.csv,True,False,False,1751925379.8232613,616520.0021266937
239998,1751924763.3034854,1751925257.947446,batch_consumer-sts-1_20250707_215432_568970.csv,True,False,False,1751925379.8232613,616519.7758674622
240008,1751924763.3036723,1751925257.9740791,batch_consumer-sts-1_20250707_215432_568970.csv,True,False,False,1751925379.8232613,616519.5889472961
240018,1751924763.3038611,1751925258.0009086,batch_consumer-sts-1_20250707_215432_568970.csv,True,False,False,1751925379.8232613,616519.4001197815
240028,1751924763.3040447,1751925258.027929,batch_consumer-sts-1_20250707_215432_568970.csv,True,False,False,1751925379.8232613,616519.2165374756
240038,1751924763.3042405,1751925258.0544777,batch_consumer-sts-1_20250707_215432_568970.csv,True,False,False,1751925379.8232613,616519.0207958221
240048,1751924763.3044276,1751925258.081009,batch_consumer-sts-1_20250707_215432_568970.csv,True,False,False,1751925379.8232613,616518.8336372375
240058,1751924763.3046184,1751925258.1070547,batch_consumer-sts-1_20250707_215432_568970.csv,True,False,False,1751925379.8232613,616518.6429023743
240068,1751924763.304809,1751925258.1335578,batch_consumer-sts-1_20250707_215432_568970.csv,True,False,False,1751925379.8232613,616518.452167511
240078,1751924763.3050125,1751925258.160297,batch_consumer-sts-1_20250707_215432_568970.csv,True,False,False,1751925379.8232613,616518.248796463
240088,1751924763.3052208,1751925258.1870296,batch_consumer-sts-1_20250707_215432_568970.csv,True,False,False,1751925379.8232613,616518.0404186249
240098,1751924763.305412,1751925258.2131753,batch_consumer-sts-1_20250707_215432_568970.csv,True,False,False,1751925379.8232613,616517.8492069244
240108,1751924763.3056157,1751925258.2398496,batch_consumer-sts-1_20250707_215432_568970.csv,True,False,False,1751925379.8232613,616517.6455974579
240118,1751924763.30584,1751925258.266654,batch_consumer-sts-1_20250707_215432_568970.csv,True,False,False,1751925379.8232613,616517.421245575
240128,1751924763.3060884,1751925258.2931118,batch_consumer-sts-1_20250707_215432_568970.csv,True,False,False,1751925379.8232613,616517.1728134155
240138,1751924763.3063374,1751925258.3194287,batch_consumer-sts-1_20250707_215432_568970.csv,True,False,False,1751925379.8232613,616516.923904419
240148,1751924763.3065686,1751925258.3460808,batch_consumer-sts-1_20250707_215432_568970.csv,True,False,False,1751925379.8232613,616516.6926383972
240158,1751924763.3068078,1751925258.3735075,batch_consumer-sts-1_20250707_215432_568970.csv,True,False,False,1751925379.8232613,616516.4535045624
240168,1751924763.3070426,1751925258.4002614,batch_consumer-sts-1_20250707_215432_568970.csv,True,False,False,1751925379.8232613,616516.218662262
240178,1751924763.3072789,1751925258.426435,batch_consumer-sts-1_20250707_215432_568970.csv,True,False,False,1751925379.8232613,616515.9823894501
240188,1751924763.3097708,1751925258.4532166,batch_consumer-sts-1_20250707_215432_568970.csv,True,False,False,1751925379.8232613,616513.4904384613
240198,1751924763.3100076,1751925258.4797184,batch_consumer-sts-1_20250707_215432_568970.csv,True,False,False,1751925379.8232613,616513.2536888123
240208,1751924763.3102498,1751925258.5060923,batch_consumer-sts-1_20250707_215432_568970.csv,True,False,False,1751925379.8232613,616513.0114555359
240218,1751924763.310487,1751925258.532795,batch_consumer-sts-1_20250707_215432_568970.csv,True,False,False,1751925379.8232613,616512.7742290497
240228,1751924763.3107214,1751925258.5597389,batch_consumer-sts-1_20250707_215432_568970.csv,True,False,False,1751925379.8232613,616512.5398635864
240238,1751924763.3109534,1751925258.5863614,batch_consumer-sts-1_20250707_215432_568970.csv,True,False,False,1751925379.8232613,616512.307882309
240248,1751924763.3111875,1751925258.6122482,batch_consumer-sts-1_20250707_215432_568970.csv,True,False,False,1751925379.8232613,616512.0737552643
240258,1751924763.3121972,1751925258.6388533,batch_consumer-sts-1_20250707_215432_568970.csv,True,False,False,1751925379.8232613,616511.0640525818
240268,1751924763.312427,1751925258.6655376,batch_consumer-sts-1_20250707_215432_568970.csv,True,False,False,1751925379.8232613,616510.8342170715
240278,1751924763.312665,1751925258.692124,batch_consumer-sts-1_20250707_215432_568970.csv,True,False,False,1751925379.8232613,616510.5962753296
240288,1751924763.3130138,1751925258.7178576,batch_consumer-sts-1_20250707_215432_568970.csv,True,False,False,1751925379.8232613,616510.2474689484
240298,1751924763.3132489,1751925259.745579,batch_consumer-sts-1_20250707_215432_568970.csv,True,False,False,1751925379.8232613,616510.0123882294
240308,1751924763.313486,1751925259.7723303,batch_consumer-sts-1_20250707_215432_568970.csv,True,False,False,1751925379.8232613,616509.7751617432
240318,1751924763.3137193,1751925259.7990372,batch_consumer-sts-1_20250707_215432_568970.csv,True,False,False,1751925379.8232613,616509.5419883728
240328,1751924763.3139508,1751925259.825874,batch_consumer-sts-1_20250707_215432_568970.csv,True,False,False,1751925379.8232613,616509.3104839325
240338,1751924763.3141818,1751925259.8524413,batch_consumer-sts-1_20250707_215432_568970.csv,True,False,False,1751925379.8232613,616509.0794563293
240348,1751924763.3144228,1751925259.8790069,batch_consumer-sts-1_20250707_215432_568970.csv,True,False,False,1751925379.8232613,616508.8384151459
240358,1751924763.3146515,1751925259.9051476,batch_consumer-sts-1_20250707_215432_568970.csv,True,False,False,1751925379.8232613,616508.6097717285
240368,1751924763.3148825,1751925259.9317863,batch_consumer-sts-1_20250707_215432_568970.csv,True,False,False,1751925379.8232613,616508.3787441254
240378,1751924763.3151135,1751925259.958498,batch_consumer-sts-1_20250707_215432_568970.csv,True,False,False,1751925379.8232613,616508.1477165222
240388,1751924763.315347,1751925260.0800946,batch_consumer-sts-1_20250707_215432_568970.csv,True,False,False,1751925379.8232613,616507.9143047333
240398,1751924763.3155866,1751925260.1071002,batch_consumer-sts-1_20250707_215432_568970.csv,True,False,False,1751925379.8232613,616507.6746940613
240408,1751924763.315825,1751925260.1337864,batch_consumer-sts-1_20250707_215432_568970.csv,True,False,False,1751925379.8232613,616507.4362754822
240418,1751924763.3160524,1751925260.1595645,batch_consumer-sts-1_20250707_215432_568970.csv,True,False,False,1751925379.8232613,616507.2088241577
240428,1751924763.3162875,1751925260.1863563,batch_consumer-sts-1_20250707_215432_568970.csv,True,False,False,1751925379.8232613,616506.9737434387
240438,1751924763.316523,1751925260.2124226,batch_consumer-sts-1_20250707_215432_568970.csv,True,False,False,1751925379.8232613,616506.7381858826
240448,1751924763.316754,1751925260.239486,batch_consumer-sts-1_20250707_215432_568970.csv,True,False,False,1751925379.8232613,616506.5071582794
240458,1751924763.3169756,1751925260.2660656,batch_consumer-sts-1_20250707_215432_568970.csv,True,False,False,1751925379.8232613,616506.2856674194
240468,1751924763.317205,1751925260.2933693,batch_consumer-sts-1_20250707_215432_568970.csv,True,False,False,1751925379.8232613,616506.0563087463
240478,1751924763.3177245,1751925260.319156,batch_consumer-sts-1_20250707_215432_568970.csv,True,False,False,1751925379.8232613,616505.5367946625
240488,1751924763.3181152,1751925260.346463,batch_consumer-sts-1_20250707_215432_568970.csv,True,False,False,1751925379.8232613,616505.1460266113
240498,1751924763.3184657,1751925260.373071,batch_consumer-sts-1_20250707_215432_568970.csv,True,False,False,1751925379.8232613,616504.7955513
240508,1751924763.3187764,1751925260.3996685,batch_consumer-sts-1_20250707_215432_568970.csv,True,False,False,1751925379.8232613,616504.4848918915
240518,1751924763.3190055,1751925260.4259892,batch_consumer-sts-1_20250707_215432_568970.csv,True,False,False,1751925379.8232613,616504.255771637
240528,1751924763.319537,1751925260.4532146,batch_consumer-sts-1_20250707_215432_568970.csv,True,False,False,1751925379.8232613,616503.7243366241
240538,1751924763.319768,1751925260.479632,batch_consumer-sts-1_20250707_215432_568970.csv,True,False,False,1751925379.8232613,616503.493309021
240548,1751924763.320005,1751925260.5060427,batch_consumer-sts-1_20250707_215432_568970.csv,True,False,False,1751925379.8232613,616503.2563209534
240558,1751924763.3202376,1751925260.532806,batch_consumer-sts-1_20250707_215432_568970.csv,True,False,False,1751925379.8232613,616503.0236244202
240568,1751924763.3204665,1751925260.5598056,batch_consumer-sts-1_20250707_215432_568970.csv,True,False,False,1751925379.8232613,616502.7947425842
240578,1751924763.3207023,1751925260.5853856,batch_consumer-sts-1_20250707_215432_568970.csv,True,False,False,1751925379.8232613,616502.5589466095
240588,1751924763.3209195,1751925260.6112304,batch_consumer-sts-1_20250707_215432_568970.csv,True,False,False,1751925379.8232613,616502.3417472839
240598,1751924763.3211377,1751925260.6374435,batch_consumer-sts-1_20250707_215432_568970.csv,True,False,False,1751925379.8232613,616502.123594284
240608,1751924763.3213727,1751925260.6637788,batch_consumer-sts-1_20250707_215432_568970.csv,True,False,False,1751925379.8232613,616501.8885135651
240618,1751924763.321566,1751925260.6905444,batch_consumer-sts-1_20250707_215432_568970.csv,True,False,False,1751925379.8232613,616501.6951560974
240628,1751924763.321761,1751925260.7166767,batch_consumer-sts-1_20250707_215432_568970.csv,True,False,False,1751925379.8232613,616501.5003681183
240638,1751924763.3219612,1751925260.7433195,batch_consumer-sts-1_20250707_215432_568970.csv,True,False,False,1751925379.8232613,616501.3000965118
240648,1751924763.3221722,1751925260.7700803,batch_consumer-sts-1_20250707_215432_568970.csv,True,False,False,1751925379.8232613,616501.0890960693
240658,1751924763.3224285,1751925260.7970064,batch_consumer-sts-1_20250707_215432_568970.csv,True,False,False,1751925379.8232613,616500.8327960968
240668,1751924763.3226614,1751925260.8227496,batch_consumer-sts-1_20250707_215432_568970.csv,True,False,False,1751925379.8232613,616500.599861145
240678,1751924763.3228958,1751925260.8495617,batch_consumer-sts-1_20250707_215432_568970.csv,True,False,False,1751925379.8232613,616500.3654956818
240688,1751924763.3231332,1751925260.8761885,batch_consumer-sts-1_20250707_215432_568970.csv,True,False,False,1751925379.8232613,616500.128030777
240698,1751924763.32336,1751925260.9029849,batch_consumer-sts-1_20250707_215432_568970.csv,True,False,False,1751925379.8232613,616499.9012947083
240708,1751924763.323624,1751925260.9291873,batch_consumer-sts-1_20250707_215432_568970.csv,True,False,False,1751925379.8232613,616499.6373653412
240718,1751924763.3238585,1751925260.9565284,batch_consumer-sts-1_20250707_215432_568970.csv,True,False,False,1751925379.8232613,616499.4027614594
240728,1751924763.3240907,1751925260.9833136,batch_consumer-sts-1_20250707_215432_568970.csv,True,False,False,1751925379.8232613,616499.1705417633
240738,1751924763.3243225,1751925261.0091748,batch_consumer-sts-1_20250707_215432_568970.csv,True,False,False,1751925379.8232613,616498.9387989044
240748,1751924763.3245552,1751925261.03596,batch_consumer-sts-1_20250707_215432_568970.csv,True,False,False,1751925379.8232613,616498.7061023712
240758,1751924763.324789,1751925261.0626156,batch_consumer-sts-1_20250707_215432_568970.csv,True,False,False,1751925379.8232613,616498.4722137451
240768,1751924763.3250294,1751925261.089738,batch_consumer-sts-1_20250707_215432_568970.csv,True,False,False,1751925379.8232613,616498.2318878174
240778,1751924763.3252642,1751925261.1160016,batch_consumer-sts-1_20250707_215432_568970.csv,True,False,False,1751925379.8232613,616497.997045517
240788,1751924763.3255076,1751925261.1425292,batch_consumer-sts-1_20250707_215432_568970.csv,True,False,False,1751925379.8232613,616497.7536201477
240798,1751924763.3257444,1751925261.1692803,batch_consumer-sts-1_20250707_215432_568970.csv,True,False,False,1751925379.8232613,616497.5168704987
240808,1751924763.3259785,1751925261.1961913,batch_consumer-sts-1_20250707_215432_568970.csv,True,False,False,1751925379.8232613,616497.282743454
240818,1751924763.3262186,1751925261.2222643,batch_consumer-sts-1_20250707_215432_568970.csv,True,False,False,1751925379.8232613,616497.0426559448
240828,1751924763.3264563,1751925261.250602,batch_consumer-sts-1_20250707_215432_568970.csv,True,False,False,1751925379.8232613,616496.8049526215
240838,1751924763.3266952,1751925261.277399,batch_consumer-sts-1_20250707_215432_568970.csv,True,False,False,1751925379.8232613,616496.5660572052
240848,1751924763.326923,1751925261.3040297,batch_consumer-sts-1_20250707_215432_568970.csv,True,False,False,1751925379.8232613,616496.3383674622
240858,1751924763.327155,1751925261.3319044,batch_consumer-sts-1_20250707_215432_568970.csv,True,False,False,1751925379.8232613,616496.1061477661
240868,1751924763.327397,1751925261.3593934,batch_consumer-sts-1_20250707_215432_568970.csv,True,False,False,1751925379.8232613,616495.8641529083
240878,1751924763.3276331,1751925261.3865197,batch_consumer-sts-1_20250707_215432_568970.csv,True,False,False,1751925379.8232613,616495.628118515
240888,1751924763.3278782,1751925261.412728,batch_consumer-sts-1_20250707_215432_568970.csv,True,False,False,1751925379.8232613,616495.3830242157
240898,1751924763.3281188,1751925261.439588,batch_consumer-sts-1_20250707_215432_568970.csv,True,False,False,1751925379.8232613,616495.1424598694
240908,1751924763.328358,1751925261.466187,batch_consumer-sts-1_20250707_215432_568970.csv,True,False,False,1751925379.8232613,616494.9033260345
240918,1751924763.3286686,1751925261.4924982,batch_consumer-sts-1_20250707_215432_568970.csv,True,False,False,1751925379.8232613,616494.592666626
240928,1751924763.328911,1751925261.518118,batch_consumer-sts-1_20250707_215432_568970.csv,True,False,False,1751925379.8232613,616494.350194931
240938,1751924763.3291512,1751925261.544521,batch_consumer-sts-1_20250707_215432_568970.csv,True,False,False,1751925379.8232613,616494.1101074219
240948,1751924763.3293972,1751925261.5708942,batch_consumer-sts-1_20250707_215432_568970.csv,True,False,False,1751925379.8232613,616493.8640594482
240958,1751924763.3296423,1751925261.5971415,batch_consumer-sts-1_20250707_215432_568970.csv,True,False,False,1751925379.8232613,616493.6189651489
240968,1751924763.3298843,1751925261.622874,batch_consumer-sts-1_20250707_215432_568970.csv,True,False,False,1751925379.8232613,616493.3769702911
240978,1751924763.3301196,1751925261.64992,batch_consumer-sts-1_20250707_215432_568970.csv,True,False,False,1751925379.8232613,616493.1416511536
240988,1751924763.3303638,1751925261.676764,batch_consumer-sts-1_20250707_215432_568970.csv,True,False,False,1751925379.8232613,616492.8975105286
240998,1751924763.330607,1751925261.7020822,batch_consumer-sts-1_20250707_215432_568970.csv,True,False,False,1751925379.8232613,616492.6543235779
241008,1751924763.3308394,1751925261.7282276,batch_consumer-sts-1_20250707_215432_568970.csv,True,False,False,1751925379.8232613,616492.4218654633
241018,1751924763.33108,1751925261.7545135,batch_consumer-sts-1_20250707_215432_568970.csv,True,False,False,1751925379.8232613,616492.181301117
241028,1751924763.3313212,1751925261.7809863,batch_consumer-sts-1_20250707_215432_568970.csv,True,False,False,1751925379.8232613,616491.9400215149
241038,1751924763.3315558,1751925261.807705,batch_consumer-sts-1_20250707_215432_568970.csv,True,False,False,1751925379.8232613,616491.705417633
241048,1751924763.3317904,1751925261.8370843,batch_consumer-sts-1_20250707_215432_568970.csv,True,False,False,1751925379.8232613,616491.4708137512
248868,1751924763.648691,1751925261.8637128,batch_consumer-sts-1_20250707_215432_568970.csv,True,False,False,1751925379.8232613,616174.5703220367
248878,1751924763.6489933,1751925261.8904552,batch_consumer-sts-1_20250707_215432_568970.csv,True,False,False,1751925379.8232613,616174.2680072784
248888,1751924763.649264,1751925261.9163065,batch_consumer-sts-1_20250707_215432_568970.csv,True,False,False,1751925379.8232613,616173.9971637726
248898,1751924763.6495464,1751925261.942727,batch_consumer-sts-1_20250707_215432_568970.csv,True,False,False,1751925379.8232613,616173.7148761749
248908,1751924763.6498537,1751925261.9687662,batch_consumer-sts-1_20250707_215432_568970.csv,True,False,False,1751925379.8232613,616173.4075546265
248918,1751924763.6501813,1751925261.9953718,batch_consumer-sts-1_20250707_215432_568970.csv,True,False,False,1751925379.8232613,616173.0799674988
248928,1751924763.6504858,1751925262.0213027,batch_consumer-sts-1_20250707_215432_568970.csv,True,False,False,1751925379.8232613,616172.7755069733
248938,1751924763.6507802,1751925262.0838685,batch_consumer-sts-1_20250707_215432_568970.csv,True,False,False,1751925379.8232613,616172.4810600281
248948,1751924763.6510942,1751925262.1089578,batch_consumer-sts-1_20250707_215432_568970.csv,True,False,False,1751925379.8232613,616172.1670627594
248958,1751924763.6513662,1751925262.1354113,batch_consumer-sts-1_20250707_215432_568970.csv,True,False,False,1751925379.8232613,616171.8950271606
248968,1751924763.6516562,1751925262.1669748,batch_consumer-sts-1_20250707_215432_568970.csv,True,False,False,1751925379.8232613,616171.6051101685
248978,1751924763.6519916,1751925262.1938622,batch_consumer-sts-1_20250707_215432_568970.csv,True,False,False,1751925379.8232613,616171.2696552277
248988,1751924763.652316,1751925262.2195168,batch_consumer-sts-1_20250707_215432_568970.csv,True,False,False,1751925379.8232613,616170.9451675415
248998,1751924763.6525664,1751925262.2457175,batch_consumer-sts-1_20250707_215432_568970.csv,True,False,False,1751925379.8232613,616170.6948280334
249008,1751924763.6528304,1751925262.2719755,batch_consumer-sts-1_20250707_215432_568970.csv,True,False,False,1751925379.8232613,616170.4308986664
249018,1751924763.6530917,1751925262.297996,batch_consumer-sts-1_20250707_215432_568970.csv,True,False,False,1751925379.8232613,616170.1695919037
249028,1751924763.6534543,1751925262.3240387,batch_consumer-sts-1_20250707_215432_568970.csv,True,False,False,1751925379.8232613,616169.8069572449
249038,1751924763.6537657,1751925262.3508582,batch_consumer-sts-1_20250707_215432_568970.csv,True,False,False,1751925379.8232613,616169.4955825806
249048,1751924763.65405,1751925262.3775656,batch_consumer-sts-1_20250707_215432_568970.csv,True,False,False,1751925379.8232613,616169.2111492157
249058,1751924763.654537,1751925262.4037898,batch_consumer-sts-1_20250707_215432_568970.csv,True,False,False,1751925379.8232613,616168.7242984772
249068,1751924763.6548736,1751925262.4298537,batch_consumer-sts-1_20250707_215432_568970.csv,True,False,False,1751925379.8232613,616168.3876514435
249078,1751924763.6551912,1751925262.4565897,batch_consumer-sts-1_20250707_215432_568970.csv,True,False,False,1751925379.8232613,616168.0700778961
249088,1751924763.655493,1751925262.4832797,batch_consumer-sts-1_20250707_215432_568970.csv,True,False,False,1751925379.8232613,616167.768239975
249098,1751924763.6558032,1751925262.5097508,batch_consumer-sts-1_20250707_215432_568970.csv,True,False,False,1751925379.8232613,616167.4580574036
249108,1751924763.6561058,1751925262.536436,batch_consumer-sts-1_20250707_215432_568970.csv,True,False,False,1751925379.8232613,616167.1555042267
249118,1751924763.6573763,1751925262.5969796,batch_consumer-sts-1_20250707_215432_568970.csv,True,False,False,1751925379.8232613,616165.8849716187
249128,1751924763.65895,1751925262.622722,batch_consumer-sts-1_20250707_215432_568970.csv,True,False,False,1751925379.8232613,616164.311170578
249138,1751924763.659193,1751925262.648451,batch_consumer-sts-1_20250707_215432_568970.csv,True,False,False,1751925379.8232613,616164.0682220459
249148,1751924763.659442,1751925262.675099,batch_consumer-sts-1_20250707_215432_568970.csv,True,False,False,1751925379.8232613,616163.8193130493
249158,1751924763.659691,1751925263.3657644,batch_consumer-sts-1_20250707_215432_568970.csv,True,False,False,1751925379.8232613,616163.5701656342
249168,1751924763.6599388,1751925263.3918788,batch_consumer-sts-1_20250707_215432_568970.csv,True,False,False,1751925379.8232613,616163.3224487305
249178,1751924763.6601791,1751925263.4177928,batch_consumer-sts-1_20250707_215432_568970.csv,True,False,False,1751925379.8232613,616163.0821228027
249188,1751924763.6604283,1751925263.444561,batch_consumer-sts-1_20250707_215432_568970.csv,True,False,False,1751925379.8232613,616162.8329753876
249198,1751924763.660682,1751925263.470938,batch_consumer-sts-1_20250707_215432_568970.csv,True,False,False,1751925379.8232613,616162.5792980194
249208,1751924763.6609282,1751925263.497816,batch_consumer-sts-1_20250707_215432_568970.csv,True,False,False,1751925379.8232613,616162.3330116272
249218,1751924763.6611838,1751925263.5236716,batch_consumer-sts-1_20250707_215432_568970.csv,True,False,False,1751925379.8232613,616162.0774269104
249228,1751924763.6616342,1751925263.550243,batch_consumer-sts-1_20250707_215432_568970.csv,True,False,False,1751925379.8232613,616161.6270542145
249238,1751924763.6636312,1751925263.5768478,batch_consumer-sts-1_20250707_215432_568970.csv,True,False,False,1751925379.8232613,616159.6300601959
249248,1751924763.6638827,1751925263.6040168,batch_consumer-sts-1_20250707_215432_568970.csv,True,False,False,1751925379.8232613,616159.378528595
249258,1751924763.6641235,1751925263.6307166,batch_consumer-sts-1_20250707_215432_568970.csv,True,False,False,1751925379.8232613,616159.1377258301
249268,1751924763.66436,1751925263.6566992,batch_consumer-sts-1_20250707_215432_568970.csv,True,False,False,1751925379.8232613,616158.9012145996
249278,1751924763.6646168,1751925263.6834824,batch_consumer-sts-1_20250707_215432_568970.csv,True,False,False,1751925379.8232613,616158.6444377899
249288,1751924763.664856,1751925263.7095854,batch_consumer-sts-1_20250707_215432_568970.csv,True,False,False,1751925379.8232613,616158.4053039551
249298,1751924763.6650982,1751925263.7357545,batch_consumer-sts-1_20250707_215432_568970.csv,True,False,False,1751925379.8232613,616158.1630706787
249308,1751924763.66531,1751925264.7628224,batch_consumer-sts-1_20250707_215432_568970.csv,True,False,False,1751925379.8232613,616157.9513549805
249318,1751924763.6655114,1751925264.788718,batch_consumer-sts-1_20250707_215432_568970.csv,True,False,False,1751925379.8232613,616157.7498912811
249328,1751924763.6657157,1751925264.8149009,batch_consumer-sts-1_20250707_215432_568970.csv,True,False,False,1751925379.8232613,616157.5455665588
249338,1751924763.665914,1751925264.841843,batch_consumer-sts-1_20250707_215432_568970.csv,True,False,False,1751925379.8232613,616157.347202301
249348,1751924763.6661382,1751925264.8677254,batch_consumer-sts-1_20250707_215432_568970.csv,True,False,False,1751925379.8232613,616157.1230888367
249358,1751924763.666404,1751925264.8943558,batch_consumer-sts-1_20250707_215432_568970.csv,True,False,False,1751925379.8232613,616156.857252121
249368,1751924763.6666398,1751925264.9199312,batch_consumer-sts-1_20250707_215432_568970.csv,True,False,False,1751925379.8232613,616156.6214561462
249378,1751924763.6668832,1751925264.946783,batch_consumer-sts-1_20250707_215432_568970.csv,True,False,False,1751925379.8232613,616156.378030777
249388,1751924763.6671188,1751925264.9729226,batch_consumer-sts-1_20250707_215432_568970.csv,True,False,False,1751925379.8232613,616156.1424732208
249398,1751924763.6674223,1751925264.9993055,batch_consumer-sts-1_20250707_215432_568970.csv,True,False,False,1751925379.8232613,616155.8389663696
249408,1751924763.667712,1751925265.025724,batch_consumer-sts-1_20250707_215432_568970.csv,True,False,False,1751925379.8232613,616155.549287796
249418,1751924763.6679554,1751925265.0523477,batch_consumer-sts-1_20250707_215432_568970.csv,True,False,False,1751925379.8232613,616155.3058624268
249428,1751924763.6681864,1751925265.0789926,batch_consumer-sts-1_20250707_215432_568970.csv,True,False,False,1751925379.8232613,616155.0748348236
249438,1751924763.6684232,1751925265.251459,batch_consumer-sts-1_20250707_215432_568970.csv,True,False,False,1751925379.8232613,616154.8380851746
249448,1751924763.6686618,1751925265.2781508,batch_consumer-sts-1_20250707_215432_568970.csv,True,False,False,1751925379.8232613,616154.5994281769
249458,1751924763.6688988,1751925265.304553,batch_consumer-sts-1_20250707_215432_568970.csv,True,False,False,1751925379.8232613,616154.3624401093
249468,1751924763.6691413,1751925265.3312151,batch_consumer-sts-1_20250707_215432_568970.csv,True,False,False,1751925379.8232613,616154.1199684143
249478,1751924763.6693983,1751925265.3584566,batch_consumer-sts-1_20250707_215432_568970.csv,True,False,False,1751925379.8232613,616153.862953186
249488,1751924763.6696372,1751925265.3906326,batch_consumer-sts-1_20250707_215432_568970.csv,True,False,False,1751925379.8232613,616153.6240577698
249498,1751924763.670013,1751925265.4169068,batch_consumer-sts-1_20250707_215432_568970.csv,True,False,False,1751925379.8232613,616153.2483100891
249508,1751924763.670441,1751925265.443878,batch_consumer-sts-1_20250707_215432_568970.csv,True,False,False,1751925379.8232613,616152.8203487396
249518,1751924763.6708522,1751925265.4709604,batch_consumer-sts-1_20250707_215432_568970.csv,True,False,False,1751925379.8232613,616152.4090766907
249528,1751924763.6712506,1751925265.497833,batch_consumer-sts-1_20250707_215432_568970.csv,True,False,False,1751925379.8232613,616152.010679245
249538,1751924763.6715589,1751925265.5229304,batch_consumer-sts-1_20250707_215432_568970.csv,True,False,False,1751925379.8232613,616151.7024040222
249548,1751924763.6717937,1751925265.5496235,batch_consumer-sts-1_20250707_215432_568970.csv,True,False,False,1751925379.8232613,616151.4675617218
249558,1751924763.6720347,1751925265.5763345,batch_consumer-sts-1_20250707_215432_568970.csv,True,False,False,1751925379.8232613,616151.2265205383
249568,1751924763.6722636,1751925265.6031413,batch_consumer-sts-1_20250707_215432_568970.csv,True,False,False,1751925379.8232613,616150.9976387024
249578,1751924763.672497,1751925265.629807,batch_consumer-sts-1_20250707_215432_568970.csv,True,False,False,1751925379.8232613,616150.7642269135
249588,1751924763.6727538,1751925265.656428,batch_consumer-sts-1_20250707_215432_568970.csv,True,False,False,1751925379.8232613,616150.5074501038
249598,1751924763.6730635,1751925265.6831217,batch_consumer-sts-1_20250707_215432_568970.csv,True,False,False,1751925379.8232613,616150.1977443695
249608,1751924763.673305,1751925265.7096658,batch_consumer-sts-1_20250707_215432_568970.csv,True,False,False,1751925379.8232613,616149.9562263489
249618,1751924763.6735432,1751925265.7361062,batch_consumer-sts-1_20250707_215432_568970.csv,True,False,False,1751925379.8232613,616149.7180461884
249628,1751924763.673776,1751925265.7627044,batch_consumer-sts-1_20250707_215432_568970.csv,True,False,False,1751925379.8232613,616149.4853496552
249638,1751924763.674009,1751925265.7883778,batch_consumer-sts-1_20250707_215432_568970.csv,True,False,False,1751925379.8232613,616149.2521762848
249648,1751924763.6742463,1751925265.8149269,batch_consumer-sts-1_20250707_215432_568970.csv,True,False,False,1751925379.8232613,616149.0149497986
249658,1751924763.674475,1751925265.8416312,batch_consumer-sts-1_20250707_215432_568970.csv,True,False,False,1751925379.8232613,616148.7863063812
249668,1751924763.674721,1751925265.8684,batch_consumer-sts-1_20250707_215432_568970.csv,True,False,False,1751925379.8232613,616148.5402584076
249678,1751924763.6749663,1751925265.8944273,batch_consumer-sts-1_20250707_215432_568970.csv,True,False,False,1751925379.8232613,616148.2949256897
249688,1751924763.6752062,1751925265.9208555,batch_consumer-sts-1_20250707_215432_568970.csv,True,False,False,1751925379.8232613,616148.0550765991
249698,1751924763.6754394,1751925265.9477851,batch_consumer-sts-1_20250707_215432_568970.csv,True,False,False,1751925379.8232613,616147.8219032288
249708,1751924763.6756732,1751925265.9743812,batch_consumer-sts-1_20250707_215432_568970.csv,True,False,False,1751925379.8232613,616147.5880146027
249718,1751924763.6759152,1751925266.0008566,batch_consumer-sts-1_20250707_215432_568970.csv,True,False,False,1751925379.8232613,616147.3460197449
249728,1751924763.6761491,1751925266.027928,batch_consumer-sts-1_20250707_215432_568970.csv,True,False,False,1751925379.8232613,616147.1121311188
249738,1751924763.6763911,1751925266.054659,batch_consumer-sts-1_20250707_215432_568970.csv,True,False,False,1751925379.8232613,616146.870136261
249748,1751924763.676638,1751925266.0816295,batch_consumer-sts-1_20250707_215432_568970.csv,True,False,False,1751925379.8232613,616146.6233730316
249758,1751924763.676882,1751925266.1094563,batch_consumer-sts-1_20250707_215432_568970.csv,True,False,False,1751925379.8232613,616146.3792324066
249768,1751924763.6771264,1751925266.136196,batch_consumer-sts-1_20250707_215432_568970.csv,True,False,False,1751925379.8232613,616146.134853363
249778,1751924763.6773744,1751925266.162809,batch_consumer-sts-1_20250707_215432_568970.csv,True,False,False,1751925379.8232613,616145.8868980408
249788,1751924763.677607,1751925266.1896875,batch_consumer-sts-1_20250707_215432_568970.csv,True,False,False,1751925379.8232613,616145.6542015076
249798,1751924763.6778605,1751925266.215901,batch_consumer-sts-1_20250707_215432_568970.csv,True,False,False,1751925379.8232613,616145.400762558
249808,1751924763.678058,1751925266.242397,batch_consumer-sts-1_20250707_215432_568970.csv,True,False,False,1751925379.8232613,616145.2033519745
249818,1751924763.6783018,1751925266.2684824,batch_consumer-sts-1_20250707_215432_568970.csv,True,False,False,1751925379.8232613,616144.9594497681
249828,1751924763.6785388,1751925266.295035,batch_consumer-sts-1_20250707_215432_568970.csv,True,False,False,1751925379.8232613,616144.7224617004
249838,1751924763.6787813,1751925266.3211207,batch_consumer-sts-1_20250707_215432_568970.csv,True,False,False,1751925379.8232613,616144.4799900055
249848,1751924763.6790068,1751925266.3483925,batch_consumer-sts-1_20250707_215432_568970.csv,True,False,False,1751925379.8232613,616144.2544460297
249858,1751924763.679247,1751925266.3752148,batch_consumer-sts-1_20250707_215432_568970.csv,True,False,False,1751925379.8232613,616144.0143585205
249868,1751924763.6794918,1751925266.401991,batch_consumer-sts-1_20250707_215432_568970.csv,True,False,False,1751925379.8232613,616143.7695026398
249878,1751924763.6797378,1751925266.428458,batch_consumer-sts-1_20250707_215432_568970.csv,True,False,False,1751925379.8232613,616143.5234546661
249888,1751924763.6799874,1751925266.4554417,batch_consumer-sts-1_20250707_215432_568970.csv,True,False,False,1751925379.8232613,616143.2738304138
249898,1751924763.680255,1751925266.4824655,batch_consumer-sts-1_20250707_215432_568970.csv,True,False,False,1751925379.8232613,616143.0063247681
249908,1751924763.6805904,1751925266.5096378,batch_consumer-sts-1_20250707_215432_568970.csv,True,False,False,1751925379.8232613,616142.6708698273
249918,1751924763.680868,1751925266.536293,batch_consumer-sts-1_20250707_215432_568970.csv,True,False,False,1751925379.8232613,616142.3933506012
249928,1751924763.6811335,1751925266.5629833,batch_consumer-sts-1_20250707_215432_568970.csv,True,False,False,1751925379.8232613,616142.1277523041
249938,1751924763.6816108,1751925266.5897748,batch_consumer-sts-1_20250707_215432_568970.csv,True,False,False,1751925379.8232613,616141.6504383087
249948,1751924763.681872,1751925266.615492,batch_consumer-sts-1_20250707_215432_568970.csv,True,False,False,1751925379.8232613,616141.3893699646
249958,1751924763.68215,1751925266.6421473,batch_consumer-sts-1_20250707_215432_568970.csv,True,False,False,1751925379.8232613,616141.1113739014
249968,1751924763.682428,1751925266.6692808,batch_consumer-sts-1_20250707_215432_568970.csv,True,False,False,1751925379.8232613,616140.8333778381
249978,1751924763.6826918,1751925266.6965442,batch_consumer-sts-1_20250707_215432_568970.csv,True,False,False,1751925379.8232613,616140.5694484711
249988,1751924763.682973,1751925266.7231083,batch_consumer-sts-1_20250707_215432_568970.csv,True,False,False,1751925379.8232613,616140.2883529663
249998,1751924763.6832638,1751925266.750094,batch_consumer-sts-1_20250707_215432_568970.csv,True,False,False,1751925379.8232613,616139.9974822998
250008,1751924763.6835356,1751925266.7790687,batch_consumer-sts-1_20250707_215432_568970.csv,True,False,False,1751925379.8232613,616139.7256851196
250018,1751924763.6838036,1751925266.805889,batch_consumer-sts-1_20250707_215432_568970.csv,True,False,False,1751925379.8232613,616139.4577026367
250028,1751924763.6840808,1751925266.8342974,batch_consumer-sts-1_20250707_215432_568970.csv,True,False,False,1751925379.8232613,616139.1804218292
250038,1751924763.6844378,1751925266.8617098,batch_consumer-sts-1_20250707_215432_568970.csv,True,False,False,1751925379.8232613,616138.8235092163
250048,1751924763.684756,1751925266.8884375,batch_consumer-sts-1_20250707_215432_568970.csv,True,False,False,1751925379.8232613,616138.5052204132
250058,1751924763.6850452,1751925266.914457,batch_consumer-sts-1_20250707_215432_568970.csv,True,False,False,1751925379.8232613,616138.2160186768
250068,1751924763.685312,1751925266.941008,batch_consumer-sts-1_20250707_215432_568970.csv,True,False,False,1751925379.8232613,616137.9492282867
250078,1751924763.6855876,1751925266.9676452,batch_consumer-sts-1_20250707_215432_568970.csv,True,False,False,1751925379.8232613,616137.6736164093
250088,1751924763.685841,1751925266.994335,batch_consumer-sts-1_20250707_215432_568970.csv,True,False,False,1751925379.8232613,616137.4201774597
250098,1751924763.6861124,1751925267.0203424,batch_consumer-sts-1_20250707_215432_568970.csv,True,False,False,1751925379.8232613,616137.1488571167
250108,1751924763.6863906,1751925267.0478454,batch_consumer-sts-1_20250707_215432_568970.csv,True,False,False,1751925379.8232613,616136.8706226349
250118,1751924763.6866572,1751925267.0744312,batch_consumer-sts-1_20250707_215432_568970.csv,True,False,False,1751925379.8232613,616136.6040706635
250128,1751924763.686926,1751925267.101393,batch_consumer-sts-1_20250707_215432_568970.csv,True,False,False,1751925379.8232613,616136.3353729248
250138,1751924763.687211,1751925267.1281798,batch_consumer-sts-1_20250707_215432_568970.csv,True,False,False,1751925379.8232613,616136.0502243042
250148,1751924763.6875482,1751925267.1896727,batch_consumer-sts-1_20250707_215432_568970.csv,True,False,False,1751925379.8232613,616135.7131004333
250158,1751924763.6878664,1751925267.2162516,batch_consumer-sts-1_20250707_215432_568970.csv,True,False,False,1751925379.8232613,616135.3948116302
250168,1751924763.6881533,1751925267.2428489,batch_consumer-sts-1_20250707_215432_568970.csv,True,False,False,1751925379.8232613,616135.1079940796
250178,1751924763.6884515,1751925267.2694852,batch_consumer-sts-1_20250707_215432_568970.csv,True,False,False,1751925379.8232613,616134.8097324371
286208,1751924764.899398,1751925267.2983148,batch_consumer-sts-1_20250707_215432_568970.csv,True,False,False,1751925379.8232613,614923.8631725311
286218,1751924764.8996353,1751925267.3246822,batch_consumer-sts-1_20250707_215432_568970.csv,True,False,False,1751925379.8232613,614923.6259460449
286228,1751924764.899874,1751925267.352178,batch_consumer-sts-1_20250707_215432_568970.csv,True,False,False,1751925379.8232613,614923.3872890472
286238,1751924764.9001117,1751925267.3795786,batch_consumer-sts-1_20250707_215432_568970.csv,True,False,False,1751925379.8232613,614923.1495857239
286248,1751924764.9003477,1751925267.40757,batch_consumer-sts-1_20250707_215432_568970.csv,True,False,False,1751925379.8232613,614922.9135513306
286258,1751924764.900585,1751925267.4460528,batch_consumer-sts-1_20250707_215432_568970.csv,True,False,False,1751925379.8232613,614922.6763248444
286268,1751924764.9008124,1751925267.4729586,batch_consumer-sts-1_20250707_215432_568970.csv,True,False,False,1751925379.8232613,614922.4488735199
286278,1751924764.9010494,1751925267.499375,batch_consumer-sts-1_20250707_215432_568970.csv,True,False,False,1751925379.8232613,614922.2118854523
286288,1751924764.90158,1751925267.5259852,batch_consumer-sts-1_20250707_215432_568970.csv,True,False,False,1751925379.8232613,614921.6811656952
286298,1751924764.9023497,1751925267.5528955,batch_consumer-sts-1_20250707_215432_568970.csv,True,False,False,1751925379.8232613,614920.9115505219
286308,1751924764.9025862,1751925267.578407,batch_consumer-sts-1_20250707_215432_568970.csv,True,False,False,1751925379.8232613,614920.6750392914
286318,1751924764.9028249,1751925267.6049562,batch_consumer-sts-1_20250707_215432_568970.csv,True,False,False,1751925379.8232613,614920.4363822937
286328,1751924764.9030626,1751925267.6320086,batch_consumer-sts-1_20250707_215432_568970.csv,True,False,False,1751925379.8232613,614920.1986789703
286338,1751924764.9032989,1751925267.65858,batch_consumer-sts-1_20250707_215432_568970.csv,True,False,False,1751925379.8232613,614919.9624061584
286348,1751924764.9035313,1751925267.7293627,batch_consumer-sts-1_20250707_215432_568970.csv,True,False,False,1751925379.8232613,614919.7299480438
286358,1751924764.9037669,1751925267.7571273,batch_consumer-sts-1_20250707_215432_568970.csv,True,False,False,1751925379.8232613,614919.4943904877
286368,1751924764.904006,1751925267.7842271,batch_consumer-sts-1_20250707_215432_568970.csv,True,False,False,1751925379.8232613,614919.2552566528
286378,1751924764.9042428,1751925267.8113823,batch_consumer-sts-1_20250707_215432_568970.csv,True,False,False,1751925379.8232613,614919.0185070038
286388,1751924764.904468,1751925267.843653,batch_consumer-sts-1_20250707_215432_568970.csv,True,False,False,1751925379.8232613,614918.7932014465
286398,1751924764.9047017,1751925267.870693,batch_consumer-sts-1_20250707_215432_568970.csv,True,False,False,1751925379.8232613,614918.559551239
286408,1751924764.9049382,1751925267.8968773,batch_consumer-sts-1_20250707_215432_568970.csv,True,False,False,1751925379.8232613,614918.3230400085
286418,1751924764.9051812,1751925267.927395,batch_consumer-sts-1_20250707_215432_568970.csv,True,False,False,1751925379.8232613,614918.0800914764
286428,1751924764.905415,1751925267.9546056,batch_consumer-sts-1_20250707_215432_568970.csv,True,False,False,1751925379.8232613,614917.8462028503
286438,1751924764.9056482,1751925267.9828792,batch_consumer-sts-1_20250707_215432_568970.csv,True,False,False,1751925379.8232613,614917.61302948
286448,1751924764.9058845,1751925268.009724,batch_consumer-sts-1_20250707_215432_568970.csv,True,False,False,1751925379.8232613,614917.3767566681
286458,1751924764.9061146,1751925268.036506,batch_consumer-sts-1_20250707_215432_568970.csv,True,False,False,1751925379.8232613,614917.1466827393
286468,1751924764.9063554,1751925268.063379,batch_consumer-sts-1_20250707_215432_568970.csv,True,False,False,1751925379.8232613,614916.9058799744
286478,1751924764.90659,1751925268.0901115,batch_consumer-sts-1_20250707_215432_568970.csv,True,False,False,1751925379.8232613,614916.6712760925
286488,1751924764.906824,1751925268.2066195,batch_consumer-sts-1_20250707_215432_568970.csv,True,False,False,1751925379.8232613,614916.4371490479
286498,1751924764.907059,1751925268.233338,batch_consumer-sts-1_20250707_215432_568970.csv,True,False,False,1751925379.8232613,614916.2023067474
286508,1751924764.907291,1751925268.2599533,batch_consumer-sts-1_20250707_215432_568970.csv,True,False,False,1751925379.8232613,614915.97032547
286518,1751924764.907531,1751925268.2872076,batch_consumer-sts-1_20250707_215432_568970.csv,True,False,False,1751925379.8232613,614915.7302379608
286528,1751924764.9077318,1751925268.3138263,batch_consumer-sts-1_20250707_215432_568970.csv,True,False,False,1751925379.8232613,614915.5294895172
286538,1751924764.9079485,1751925268.342597,batch_consumer-sts-1_20250707_215432_568970.csv,True,False,False,1751925379.8232613,614915.3127670288
286548,1751924764.90815,1751925268.3692703,batch_consumer-sts-1_20250707_215432_568970.csv,True,False,False,1751925379.8232613,614915.1113033295
286558,1751924764.908346,1751925268.396016,batch_consumer-sts-1_20250707_215432_568970.csv,True,False,False,1751925379.8232613,614914.9153232574
286568,1751924764.908535,1751925268.4218369,batch_consumer-sts-1_20250707_215432_568970.csv,True,False,False,1751925379.8232613,614914.7262573242
286578,1751924764.9087565,1751925268.448261,batch_consumer-sts-1_20250707_215432_568970.csv,True,False,False,1751925379.8232613,614914.5047664642
286588,1751924764.9090097,1751925268.4746723,batch_consumer-sts-1_20250707_215432_568970.csv,True,False,False,1751925379.8232613,614914.2515659332
286598,1751924764.9092505,1751925268.5044055,batch_consumer-sts-1_20250707_215432_568970.csv,True,False,False,1751925379.8232613,614914.0107631683
286608,1751924764.9094884,1751925268.531228,batch_consumer-sts-1_20250707_215432_568970.csv,True,False,False,1751925379.8232613,614913.7728214264
286618,1751924764.9097276,1751925268.557958,batch_consumer-sts-1_20250707_215432_568970.csv,True,False,False,1751925379.8232613,614913.5336875916
286628,1751924764.909968,1751925268.5848112,batch_consumer-sts-1_20250707_215432_568970.csv,True,False,False,1751925379.8232613,614913.2933616638
286638,1751924764.9102092,1751925268.6114953,batch_consumer-sts-1_20250707_215432_568970.csv,True,False,False,1751925379.8232613,614913.0520820618
286648,1751924764.9104445,1751925268.638343,batch_consumer-sts-1_20250707_215432_568970.csv,True,False,False,1751925379.8232613,614912.8167629242
286658,1751924764.9106824,1751925268.6659207,batch_consumer-sts-1_20250707_215432_568970.csv,True,False,False,1751925379.8232613,614912.5788211823
286668,1751924764.9109228,1751925268.6932964,batch_consumer-sts-1_20250707_215432_568970.csv,True,False,False,1751925379.8232613,614912.3384952545
286678,1751924764.9111657,1751925268.719427,batch_consumer-sts-1_20250707_215432_568970.csv,True,False,False,1751925379.8232613,614912.0955467224
286688,1751924764.9114125,1751925268.7464497,batch_consumer-sts-1_20250707_215432_568970.csv,True,False,False,1751925379.8232613,614911.848783493
286698,1751924764.9116588,1751925268.7733614,batch_consumer-sts-1_20250707_215432_568970.csv,True,False,False,1751925379.8232613,614911.6024971008
286708,1751924764.9119,1751925268.8003025,batch_consumer-sts-1_20250707_215432_568970.csv,True,False,False,1751925379.8232613,614911.3612174988
286718,1751924764.912138,1751925268.8270476,batch_consumer-sts-1_20250707_215432_568970.csv,True,False,False,1751925379.8232613,614911.1232757568
286728,1751924764.9123683,1751925269.8548384,batch_consumer-sts-1_20250707_215432_568970.csv,True,False,False,1751925379.8232613,614910.8929634094
286738,1751924764.9126017,1751925269.8818376,batch_consumer-sts-1_20250707_215432_568970.csv,True,False,False,1751925379.8232613,614910.6595516205
286748,1751924764.9128337,1751925269.908336,batch_consumer-sts-1_20250707_215432_568970.csv,True,False,False,1751925379.8232613,614910.427570343
286758,1751924764.9131017,1751925269.9398642,batch_consumer-sts-1_20250707_215432_568970.csv,True,False,False,1751925379.8232613,614910.1595878601
286768,1751924764.9133463,1751925269.9674811,batch_consumer-sts-1_20250707_215432_568970.csv,True,False,False,1751925379.8232613,614909.914970398
286778,1751924764.9135883,1751925269.9943068,batch_consumer-sts-1_20250707_215432_568970.csv,True,False,False,1751925379.8232613,614909.6729755402
286788,1751924764.913828,1751925270.0206351,batch_consumer-sts-1_20250707_215432_568970.csv,True,False,False,1751925379.8232613,614909.4333648682
286798,1751924764.9140656,1751925270.0485797,batch_consumer-sts-1_20250707_215432_568970.csv,True,False,False,1751925379.8232613,614909.1956615448
286808,1751924764.9143198,1751925270.0757947,batch_consumer-sts-1_20250707_215432_568970.csv,True,False,False,1751925379.8232613,614908.9415073395
286818,1751924764.9145648,1751925270.1035256,batch_consumer-sts-1_20250707_215432_568970.csv,True,False,False,1751925379.8232613,614908.6964130402
286828,1751924764.9148052,1751925270.1302624,batch_consumer-sts-1_20250707_215432_568970.csv,True,False,False,1751925379.8232613,614908.4560871124
286838,1751924764.915049,1751925270.1583617,batch_consumer-sts-1_20250707_215432_568970.csv,True,False,False,1751925379.8232613,614908.212184906
286848,1751924764.9152937,1751925270.1856985,batch_consumer-sts-1_20250707_215432_568970.csv,True,False,False,1751925379.8232613,614907.9675674438
286858,1751924764.915529,1751925270.2119062,batch_consumer-sts-1_20250707_215432_568970.csv,True,False,False,1751925379.8232613,614907.7322483063
286868,1751924764.915765,1751925270.6749854,batch_consumer-sts-1_20250707_215432_568970.csv,True,False,False,1751925379.8232613,614907.496213913
286878,1751924764.916001,1751925270.7019477,batch_consumer-sts-1_20250707_215432_568970.csv,True,False,False,1751925379.8232613,614907.2601795197
286888,1751924764.9162345,1751925270.727656,batch_consumer-sts-1_20250707_215432_568970.csv,True,False,False,1751925379.8232613,614907.0267677307
286898,1751924764.9164834,1751925270.75438,batch_consumer-sts-1_20250707_215432_568970.csv,True,False,False,1751925379.8232613,614906.7778587341
286908,1751924764.9167178,1751925270.7818155,batch_consumer-sts-1_20250707_215432_568970.csv,True,False,False,1751925379.8232613,614906.5434932709
286918,1751924764.916961,1751925270.80741,batch_consumer-sts-1_20250707_215432_568970.csv,True,False,False,1751925379.8232613,614906.3003063202
286928,1751924764.917194,1751925270.834628,batch_consumer-sts-1_20250707_215432_568970.csv,True,False,False,1751925379.8232613,614906.0673713684
286938,1751924764.9174256,1751925270.8617797,batch_consumer-sts-1_20250707_215432_568970.csv,True,False,False,1751925379.8232613,614905.8356285095
286948,1751924764.9176629,1751925270.8876774,batch_consumer-sts-1_20250707_215432_568970.csv,True,False,False,1751925379.8232613,614905.5984020233
286958,1751924764.9178944,1751925270.913565,batch_consumer-sts-1_20250707_215432_568970.csv,True,False,False,1751925379.8232613,614905.366897583
286968,1751924764.9181366,1751925270.93985,batch_consumer-sts-1_20250707_215432_568970.csv,True,False,False,1751925379.8232613,614905.1246643066
286978,1751924764.918394,1751925270.9665208,batch_consumer-sts-1_20250707_215432_568970.csv,True,False,False,1751925379.8232613,614904.8671722412
286988,1751924764.9189622,1751925270.993283,batch_consumer-sts-1_20250707_215432_568970.csv,True,False,False,1751925379.8232613,614904.2990207672
286998,1751924764.9195018,1751925271.0189788,batch_consumer-sts-1_20250707_215432_568970.csv,True,False,False,1751925379.8232613,614903.7594795227
287008,1751924764.919736,1751925271.0454254,batch_consumer-sts-1_20250707_215432_568970.csv,True,False,False,1751925379.8232613,614903.525352478
287018,1751924764.9199655,1751925271.0720005,batch_consumer-sts-1_20250707_215432_568970.csv,True,False,False,1751925379.8232613,614903.2957553864
287028,1751924764.9202173,1751925271.0986905,batch_consumer-sts-1_20250707_215432_568970.csv,True,False,False,1751925379.8232613,614903.0439853668
287038,1751924764.9204566,1751925271.1251965,batch_consumer-sts-1_20250707_215432_568970.csv,True,False,False,1751925379.8232613,614902.8046131134
287048,1751924764.9206803,1751925271.1525187,batch_consumer-sts-1_20250707_215432_568970.csv,True,False,False,1751925379.8232613,614902.5809764862
287058,1751924764.920912,1751925271.1798277,batch_consumer-sts-1_20250707_215432_568970.csv,True,False,False,1751925379.8232613,614902.3492336273
287068,1751924764.9211326,1751925271.2061388,batch_consumer-sts-1_20250707_215432_568970.csv,True,False,False,1751925379.8232613,614902.1286964417
287078,1751924764.9213543,1751925271.2326643,batch_consumer-sts-1_20250707_215432_568970.csv,True,False,False,1751925379.8232613,614901.9069671631
287088,1751924764.9215708,1751925271.2582614,batch_consumer-sts-1_20250707_215432_568970.csv,True,False,False,1751925379.8232613,614901.6904830933
287098,1751924764.921795,1751925271.2847412,batch_consumer-sts-1_20250707_215432_568970.csv,True,False,False,1751925379.8232613,614901.4663696289
287108,1751924764.9220402,1751925271.3109214,batch_consumer-sts-1_20250707_215432_568970.csv,True,False,False,1751925379.8232613,614901.221036911
287118,1751924764.9223142,1751925271.3393035,batch_consumer-sts-1_20250707_215432_568970.csv,True,False,False,1751925379.8232613,614900.9470939636
287128,1751924764.9225552,1751925271.3666365,batch_consumer-sts-1_20250707_215432_568970.csv,True,False,False,1751925379.8232613,614900.7060527802
287138,1751924764.9227912,1751925271.393634,batch_consumer-sts-1_20250707_215432_568970.csv,True,False,False,1751925379.8232613,614900.4700183868
287148,1751924764.9230254,1751925271.419678,batch_consumer-sts-1_20250707_215432_568970.csv,True,False,False,1751925379.8232613,614900.2358913422
287158,1751924764.9232888,1751925271.4469268,batch_consumer-sts-1_20250707_215432_568970.csv,True,False,False,1751925379.8232613,614899.9724388123
287168,1751924764.9235284,1751925271.4738698,batch_consumer-sts-1_20250707_215432_568970.csv,True,False,False,1751925379.8232613,614899.7328281403
287178,1751924764.9237676,1751925271.5005774,batch_consumer-sts-1_20250707_215432_568970.csv,True,False,False,1751925379.8232613,614899.4936943054
287188,1751924764.924008,1751925271.5267203,batch_consumer-sts-1_20250707_215432_568970.csv,True,False,False,1751925379.8232613,614899.2533683777
287198,1751924764.9242525,1751925271.552328,batch_consumer-sts-1_20250707_215432_568970.csv,True,False,False,1751925379.8232613,614899.0087509155
287208,1751924764.9244936,1751925271.5786629,batch_consumer-sts-1_20250707_215432_568970.csv,True,False,False,1751925379.8232613,614898.767709732
287218,1751924764.9247377,1751925271.605066,batch_consumer-sts-1_20250707_215432_568970.csv,True,False,False,1751925379.8232613,614898.523569107
287228,1751924764.9249802,1751925271.631558,batch_consumer-sts-1_20250707_215432_568970.csv,True,False,False,1751925379.8232613,614898.2810974121
287238,1751924764.925217,1751925271.6582189,batch_consumer-sts-1_20250707_215432_568970.csv,True,False,False,1751925379.8232613,614898.0443477631
287248,1751924764.92545,1751925271.685259,batch_consumer-sts-1_20250707_215432_568970.csv,True,False,False,1751925379.8232613,614897.8111743927
287258,1751924764.925814,1751925271.7121296,batch_consumer-sts-1_20250707_215432_568970.csv,True,False,False,1751925379.8232613,614897.447347641
287268,1751924764.9260485,1751925271.738495,batch_consumer-sts-1_20250707_215432_568970.csv,True,False,False,1751925379.8232613,614897.2127437592
287278,1751924764.9263003,1751925271.766065,batch_consumer-sts-1_20250707_215432_568970.csv,True,False,False,1751925379.8232613,614896.9609737396
287288,1751924764.9265378,1751925271.7935045,batch_consumer-sts-1_20250707_215432_568970.csv,True,False,False,1751925379.8232613,614896.7235088348
287298,1751924764.9267712,1751925271.8194644,batch_consumer-sts-1_20250707_215432_568970.csv,True,False,False,1751925379.8232613,614896.4900970459
287308,1751924764.927003,1751925271.8468237,batch_consumer-sts-1_20250707_215432_568970.csv,True,False,False,1751925379.8232613,614896.258354187
287318,1751924764.927242,1751925271.8737216,batch_consumer-sts-1_20250707_215432_568970.csv,True,False,False,1751925379.8232613,614896.0192203522
287328,1751924764.9274812,1751925271.900301,batch_consumer-sts-1_20250707_215432_568970.csv,True,False,False,1751925379.8232613,614895.7800865173
287338,1751924764.9277153,1751925271.92968,batch_consumer-sts-1_20250707_215432_568970.csv,True,False,False,1751925379.8232613,614895.5459594727
287348,1751924764.9279995,1751925271.956334,batch_consumer-sts-1_20250707_215432_568970.csv,True,False,False,1751925379.8232613,614895.2617645264
287358,1751924764.9283435,1751925271.984291,batch_consumer-sts-1_20250707_215432_568970.csv,True,False,False,1751925379.8232613,614894.9177265167
287368,1751924764.9286687,1751925272.0104506,batch_consumer-sts-1_20250707_215432_568970.csv,True,False,False,1751925379.8232613,614894.5925235748
287378,1751924764.928996,1751925272.036847,batch_consumer-sts-1_20250707_215432_568970.csv,True,False,False,1751925379.8232613,614894.2651748657
287388,1751924764.92933,1751925272.0635576,batch_consumer-sts-1_20250707_215432_568970.csv,True,False,False,1751925379.8232613,614893.9311504364
287398,1751924764.92968,1751925272.090554,batch_consumer-sts-1_20250707_215432_568970.csv,True,False,False,1751925379.8232613,614893.5811519623
287408,1751924764.9300122,1751925272.1164885,batch_consumer-sts-1_20250707_215432_568970.csv,True,False,False,1751925379.8232613,614893.2490348816
287418,1751924764.9303715,1751925272.1430848,batch_consumer-sts-1_20250707_215432_568970.csv,True,False,False,1751925379.8232613,614892.8897380829
287428,1751924764.9307156,1751925272.1724465,batch_consumer-sts-1_20250707_215432_568970.csv,True,False,False,1751925379.8232613,614892.5457000732
287438,1751924764.931065,1751925272.199011,batch_consumer-sts-1_20250707_215432_568970.csv,True,False,False,1751925379.8232613,614892.1961784363
287448,1751924764.931413,1751925272.2263386,batch_consumer-sts-1_20250707_215432_568970.csv,True,False,False,1751925379.8232613,614891.8483257294
287458,1751924764.9317603,1751925272.252817,batch_consumer-sts-1_20250707_215432_568970.csv,True,False,False,1751925379.8232613,614891.5009498596
287468,1751924764.932118,1751925272.407902,batch_consumer-sts-1_20250707_215432_568970.csv,True,False,False,1751925379.8232613,614891.143321991
287478,1751924764.9324634,1751925272.434711,batch_consumer-sts-1_20250707_215432_568970.csv,True,False,False,1751925379.8232613,614890.7978534698
287488,1751924764.932816,1751925272.461573,batch_consumer-sts-1_20250707_215432_568970.csv,True,False,False,1751925379.8232613,614890.4452323914
287498,1751924764.9330878,1751925272.4879858,batch_consumer-sts-1_20250707_215432_568970.csv,True,False,False,1751925379.8232613,614890.1734352112
287508,1751924764.9333582,1751925272.5136702,batch_consumer-sts-1_20250707_215432_568970.csv,True,False,False,1751925379.8232613,614889.9030685425
287518,1751924764.933633,1751925272.5402567,batch_consumer-sts-1_20250707_215432_568970.csv,True,False,False,1751925379.8232613,614889.6281719208
287528,1751924764.933897,1751925272.7358804,batch_consumer-sts-1_20250707_215452_232609.csv,True,False,False,1751925379.8232613,614889.3642425537
287538,1751924764.9342074,1751925272.7630825,batch_consumer-sts-1_20250707_215452_232609.csv,True,False,False,1751925379.8232613,614889.0538215637
287548,1751924764.9345126,1751925272.8575594,batch_consumer-sts-1_20250707_215452_232609.csv,True,False,False,1751925379.8232613,614888.7486457825
287558,1751924764.9347568,1751925272.8845353,batch_consumer-sts-1_20250707_215452_232609.csv,True,False,False,1751925379.8232613,614888.5045051575
287568,1751924764.9349885,1751925272.9107766,batch_consumer-sts-1_20250707_215452_232609.csv,True,False,False,1751925379.8232613,614888.2727622986
287578,1751924764.9362075,1751925272.937168,batch_consumer-sts-1_20250707_215452_232609.csv,True,False,False,1751925379.8232613,614887.0537281036
287588,1751924764.9371674,1751925272.9645505,batch_consumer-sts-1_20250707_215452_232609.csv,True,False,False,1751925379.8232613,614886.0938549042
287598,1751924764.9373963,1751925272.991521,batch_consumer-sts-1_20250707_215452_232609.csv,True,False,False,1751925379.8232613,614885.8649730682
287608,1751924764.937625,1751925273.0174618,batch_consumer-sts-1_20250707_215452_232609.csv,True,False,False,1751925379.8232613,614885.6363296509
287618,1751924764.9378576,1751925273.0442138,batch_consumer-sts-1_20250707_215452_232609.csv,True,False,False,1751925379.8232613,614885.4036331177
287628,1751924764.938095,1751925273.0715573,batch_consumer-sts-1_20250707_215452_232609.csv,True,False,False,1751925379.8232613,614885.1661682129
287638,1751924764.9383333,1751925273.0987034,batch_consumer-sts-1_20250707_215452_232609.csv,True,False,False,1751925379.8232613,614884.9279880524
287648,1751924764.9385726,1751925273.125592,batch_consumer-sts-1_20250707_215452_232609.csv,True,False,False,1751925379.8232613,614884.688615799
287658,1751924764.9388037,1751925273.1526325,batch_consumer-sts-1_20250707_215452_232609.csv,True,False,False,1751925379.8232613,614884.4575881958
287668,1751924764.9390397,1751925273.179824,batch_consumer-sts-1_20250707_215452_232609.csv,True,False,False,1751925379.8232613,614884.2215538025
287678,1751924764.9392729,1751925273.2054644,batch_consumer-sts-1_20250707_215452_232609.csv,True,False,False,1751925379.8232613,614883.9883804321
300018,1751924765.313181,1751925273.232642,batch_consumer-sts-1_20250707_215452_232609.csv,True,False,False,1751925379.8232613,614510.0803375244
300028,1751924765.313418,1751925273.259555,batch_consumer-sts-1_20250707_215452_232609.csv,True,False,False,1751925379.8232613,614509.8433494568
300038,1751924765.3136702,1751925273.2865777,batch_consumer-sts-1_20250707_215452_232609.csv,True,False,False,1751925379.8232613,614509.5911026001
300048,1751924765.3139107,1751925273.313076,batch_consumer-sts-1_20250707_215452_232609.csv,True,False,False,1751925379.8232613,614509.3505382538
300058,1751924765.3141425,1751925273.3407743,batch_consumer-sts-1_20250707_215452_232609.csv,True,False,False,1751925379.8232613,614509.1187953949
300068,1751924765.3143892,1751925273.3700335,batch_consumer-sts-1_20250707_215452_232609.csv,True,False,False,1751925379.8232613,614508.8720321655
300078,1751924765.314838,1751925273.397051,batch_consumer-sts-1_20250707_215452_232609.csv,True,False,False,1751925379.8232613,614508.4233283997
300088,1751924765.3152547,1751925273.4229443,batch_consumer-sts-1_20250707_215452_232609.csv,True,False,False,1751925379.8232613,614508.0065727234
300098,1751924765.315851,1751925273.4497137,batch_consumer-sts-1_20250707_215452_232609.csv,True,False,False,1751925379.8232613,614507.410287857
300108,1751924765.3162668,1751925273.476182,batch_consumer-sts-1_20250707_215452_232609.csv,True,False,False,1751925379.8232613,614506.9944858551
300118,1751924765.3164911,1751925273.5026522,batch_consumer-sts-1_20250707_215452_232609.csv,True,False,False,1751925379.8232613,614506.7701339722
300128,1751924765.3167248,1751925273.5289185,batch_consumer-sts-1_20250707_215452_232609.csv,True,False,False,1751925379.8232613,614506.5364837646
300138,1751924765.3169556,1751925273.5555906,batch_consumer-sts-1_20250707_215452_232609.csv,True,False,False,1751925379.8232613,614506.3056945801
300148,1751924765.317191,1751925273.5819569,batch_consumer-sts-1_20250707_215452_232609.csv,True,False,False,1751925379.8232613,614506.0703754425
300158,1751924765.3174243,1751925273.6086571,batch_consumer-sts-1_20250707_215452_232609.csv,True,False,False,1751925379.8232613,614505.8369636536
300168,1751924765.3176558,1751925273.6351404,batch_consumer-sts-1_20250707_215452_232609.csv,True,False,False,1751925379.8232613,614505.6054592133
300178,1751924765.3178823,1751925273.6618278,batch_consumer-sts-1_20250707_215452_232609.csv,True,False,False,1751925379.8232613,614505.3789615631
300188,1751924765.318105,1751925273.6874535,batch_consumer-sts-1_20250707_215452_232609.csv,True,False,False,1751925379.8232613,614505.1562786102
300198,1751924765.318344,1751925273.7147284,batch_consumer-sts-1_20250707_215452_232609.csv,True,False,False,1751925379.8232613,614504.9171447754
300208,1751924765.3187711,1751925273.7416444,batch_consumer-sts-1_20250707_215452_232609.csv,True,False,False,1751925379.8232613,614504.4901371002
300218,1751924765.319554,1751925273.7688448,batch_consumer-sts-1_20250707_215452_232609.csv,True,False,False,1751925379.8232613,614503.7071704865
300228,1751924765.3199685,1751925273.7960415,batch_consumer-sts-1_20250707_215452_232609.csv,True,False,False,1751925379.8232613,614503.292798996
300238,1751924765.3202562,1751925273.8223553,batch_consumer-sts-1_20250707_215452_232609.csv,True,False,False,1751925379.8232613,614503.005027771
300248,1751924765.320502,1751925273.8482883,batch_consumer-sts-1_20250707_215452_232609.csv,True,False,False,1751925379.8232613,614502.759218216
300258,1751924765.320744,1751925274.87323,batch_consumer-sts-1_20250707_215452_232609.csv,True,False,False,1751925379.8232613,614502.5172233582
300268,1751924765.3209786,1751925274.9001436,batch_consumer-sts-1_20250707_215452_232609.csv,True,False,False,1751925379.8232613,614502.2826194763
300278,1751924765.321216,1751925274.926934,batch_consumer-sts-1_20250707_215452_232609.csv,True,False,False,1751925379.8232613,614502.0451545715
300288,1751924765.3214474,1751925274.9539185,batch_consumer-sts-1_20250707_215452_232609.csv,True,False,False,1751925379.8232613,614501.8138885498
300298,1751924765.3216655,1751925274.9811792,batch_consumer-sts-1_20250707_215452_232609.csv,True,False,False,1751925379.8232613,614501.5957355499
300308,1751924765.3218558,1751925275.008508,batch_consumer-sts-1_20250707_215452_232609.csv,True,False,False,1751925379.8232613,614501.4054775238
300318,1751924765.3220563,1751925275.0358062,batch_consumer-sts-1_20250707_215452_232609.csv,True,False,False,1751925379.8232613,614501.2049674988
300328,1751924765.3223057,1751925275.0632172,batch_consumer-sts-1_20250707_215452_232609.csv,True,False,False,1751925379.8232613,614500.955581665
300338,1751924765.3225396,1751925275.0901692,batch_consumer-sts-1_20250707_215452_232609.csv,True,False,False,1751925379.8232613,614500.7216930389
300348,1751924765.322777,1751925275.1174636,batch_consumer-sts-1_20250707_215452_232609.csv,True,False,False,1751925379.8232613,614500.4842281342
300358,1751924765.3230145,1751925275.144271,batch_consumer-sts-1_20250707_215452_232609.csv,True,False,False,1751925379.8232613,614500.2467632294
300368,1751924765.3232555,1751925275.1720936,batch_consumer-sts-1_20250707_215452_232609.csv,True,False,False,1751925379.8232613,614500.0057220459
300378,1751924765.3234906,1751925275.1999524,batch_consumer-sts-1_20250707_215452_232609.csv,True,False,False,1751925379.8232613,614499.7706413269
300388,1751924765.3237307,1751925275.2270212,batch_consumer-sts-1_20250707_215452_232609.csv,True,False,False,1751925379.8232613,614499.5305538177
300398,1751924765.3239872,1751925275.25425,batch_consumer-sts-1_20250707_215452_232609.csv,True,False,False,1751925379.8232613,614499.2740154266
300408,1751924765.3242288,1751925275.280922,batch_consumer-sts-1_20250707_215452_232609.csv,True,False,False,1751925379.8232613,614499.032497406
300418,1751924765.324465,1751925275.3079467,batch_consumer-sts-1_20250707_215452_232609.csv,True,False,False,1751925379.8232613,614498.7962245941
300428,1751924765.3247066,1751925275.3348682,batch_consumer-sts-1_20250707_215452_232609.csv,True,False,False,1751925379.8232613,614498.5547065735
300438,1751924765.325147,1751925275.637534,batch_consumer-sts-1_20250707_215452_232609.csv,True,False,False,1751925379.8232613,614498.1143474579
300448,1751924765.3255768,1751925275.6665764,batch_consumer-sts-1_20250707_215452_232609.csv,True,False,False,1751925379.8232613,614497.6844787598
300458,1751924765.3266022,1751925275.693602,batch_consumer-sts-1_20250707_215452_232609.csv,True,False,False,1751925379.8232613,614496.659040451
300468,1751924765.326835,1751925275.720371,batch_consumer-sts-1_20250707_215452_232609.csv,True,False,False,1751925379.8232613,614496.4263439178
300478,1751924765.327065,1751925275.7475936,batch_consumer-sts-1_20250707_215452_232609.csv,True,False,False,1751925379.8232613,614496.196269989
300488,1751924765.3272898,1751925275.77466,batch_consumer-sts-1_20250707_215452_232609.csv,True,False,False,1751925379.8232613,614495.9714412689
300498,1751924765.327524,1751925275.800357,batch_consumer-sts-1_20250707_215452_232609.csv,True,False,False,1751925379.8232613,614495.7373142242
300508,1751924765.3277566,1751925275.8272212,batch_consumer-sts-1_20250707_215452_232609.csv,True,False,False,1751925379.8232613,614495.504617691
300518,1751924765.3279877,1751925275.8565943,batch_consumer-sts-1_20250707_215452_232609.csv,True,False,False,1751925379.8232613,614495.2735900879
300528,1751924765.3282163,1751925275.8832033,batch_consumer-sts-1_20250707_215452_232609.csv,True,False,False,1751925379.8232613,614495.0449466705
300538,1751924765.3284423,1751925275.9104202,batch_consumer-sts-1_20250707_215452_232609.csv,True,False,False,1751925379.8232613,614494.8189258575
300548,1751924765.3286705,1751925275.9370973,batch_consumer-sts-1_20250707_215452_232609.csv,True,False,False,1751925379.8232613,614494.5907592773
300558,1751924765.328902,1751925275.9660962,batch_consumer-sts-1_20250707_215452_232609.csv,True,False,False,1751925379.8232613,614494.359254837
300568,1751924765.3291354,1751925275.9935277,batch_consumer-sts-1_20250707_215452_232609.csv,True,False,False,1751925379.8232613,614494.1258430481
300578,1751924765.3293624,1751925276.021155,batch_consumer-sts-1_20250707_215452_232609.csv,True,False,False,1751925379.8232613,614493.8988685608
300588,1751924765.3295903,1751925276.048375,batch_consumer-sts-1_20250707_215452_232609.csv,True,False,False,1751925379.8232613,614493.6709403992
300598,1751924765.329826,1751925276.075802,batch_consumer-sts-1_20250707_215452_232609.csv,True,False,False,1751925379.8232613,614493.4351444244
300608,1751924765.330063,1751925276.1030934,batch_consumer-sts-1_20250707_215452_232609.csv,True,False,False,1751925379.8232613,614493.1981563568
300618,1751924765.3303025,1751925276.130453,batch_consumer-sts-1_20250707_215452_232609.csv,True,False,False,1751925379.8232613,614492.9587841034
300628,1751924765.3305335,1751925276.157304,batch_consumer-sts-1_20250707_215452_232609.csv,True,False,False,1751925379.8232613,614492.7277565002
300638,1751924765.3307676,1751925276.1839962,batch_consumer-sts-1_20250707_215452_232609.csv,True,False,False,1751925379.8232613,614492.4936294556
300648,1751924765.331001,1751925276.2110815,batch_consumer-sts-1_20250707_215452_232609.csv,True,False,False,1751925379.8232613,614492.2602176666
300658,1751924765.3312435,1751925276.241006,batch_consumer-sts-1_20250707_215452_232609.csv,True,False,False,1751925379.8232613,614492.0177459717
300668,1751924765.3314705,1751925276.268473,batch_consumer-sts-1_20250707_215452_232609.csv,True,False,False,1751925379.8232613,614491.7907714844
300678,1751924765.3317106,1751925276.295724,batch_consumer-sts-1_20250707_215452_232609.csv,True,False,False,1751925379.8232613,614491.5506839752
300688,1751924765.3319452,1751925276.3220265,batch_consumer-sts-1_20250707_215452_232609.csv,True,False,False,1751925379.8232613,614491.3160800934
300698,1751924765.332183,1751925276.3495157,batch_consumer-sts-1_20250707_215452_232609.csv,True,False,False,1751925379.8232613,614491.07837677
300708,1751924765.33242,1751925276.3766935,batch_consumer-sts-1_20250707_215452_232609.csv,True,False,False,1751925379.8232613,614490.8411502838
300718,1751924765.3326557,1751925276.4036648,batch_consumer-sts-1_20250707_215452_232609.csv,True,False,False,1751925379.8232613,614490.6055927277
300728,1751924765.3328905,1751925276.42937,batch_consumer-sts-1_20250707_215452_232609.csv,True,False,False,1751925379.8232613,614490.3707504272
300738,1751924765.3331254,1751925276.4563737,batch_consumer-sts-1_20250707_215452_232609.csv,True,False,False,1751925379.8232613,614490.1359081268
300748,1751924765.3333616,1751925276.483457,batch_consumer-sts-1_20250707_215452_232609.csv,True,False,False,1751925379.8232613,614489.8996353149
300758,1751924765.3336053,1751925276.5108526,batch_consumer-sts-1_20250707_215452_232609.csv,True,False,False,1751925379.8232613,614489.6559715271
300768,1751924765.3338606,1751925276.538036,batch_consumer-sts-1_20250707_215452_232609.csv,True,False,False,1751925379.8232613,614489.4006252289
300778,1751924765.3341026,1751925276.566645,batch_consumer-sts-1_20250707_215452_232609.csv,True,False,False,1751925379.8232613,614489.1586303711
300788,1751924765.3343656,1751925276.5936844,batch_consumer-sts-1_20250707_215452_232609.csv,True,False,False,1751925379.8232613,614488.8956546783
300798,1751924765.334613,1751925276.6205354,batch_consumer-sts-1_20250707_215452_232609.csv,True,False,False,1751925379.8232613,614488.6481761932
300808,1751924765.3348515,1751925276.6482985,batch_consumer-sts-1_20250707_215452_232609.csv,True,False,False,1751925379.8232613,614488.4097576141
300818,1751924765.3350832,1751925276.6752317,batch_consumer-sts-1_20250707_215452_232609.csv,True,False,False,1751925379.8232613,614488.1780147552
300828,1751924765.3353238,1751925276.7021005,batch_consumer-sts-1_20250707_215452_232609.csv,True,False,False,1751925379.8232613,614487.9374504089
300838,1751924765.3355725,1751925276.7285511,batch_consumer-sts-1_20250707_215452_232609.csv,True,False,False,1751925379.8232613,614487.6887798309
300848,1751924765.3358104,1751925276.7553058,batch_consumer-sts-1_20250707_215452_232609.csv,True,False,False,1751925379.8232613,614487.450838089
300858,1751924765.336053,1751925276.7829127,batch_consumer-sts-1_20250707_215452_232609.csv,True,False,False,1751925379.8232613,614487.208366394
300868,1751924765.3362968,1751925276.8098955,batch_consumer-sts-1_20250707_215452_232609.csv,True,False,False,1751925379.8232613,614486.9644641876
300878,1751924765.3365426,1751925276.8370967,batch_consumer-sts-1_20250707_215452_232609.csv,True,False,False,1751925379.8232613,614486.7186546326
300888,1751924765.3367796,1751925276.8640487,batch_consumer-sts-1_20250707_215452_232609.csv,True,False,False,1751925379.8232613,614486.4816665649
300898,1751924765.3370187,1751925276.8909342,batch_consumer-sts-1_20250707_215452_232609.csv,True,False,False,1751925379.8232613,614486.2425327301
300908,1751924765.3372564,1751925276.9179082,batch_consumer-sts-1_20250707_215452_232609.csv,True,False,False,1751925379.8232613,614486.0048294067
300918,1751924765.337507,1751925276.944569,batch_consumer-sts-1_20250707_215452_232609.csv,True,False,False,1751925379.8232613,614485.7542514801
300928,1751924765.3377547,1751925276.9713876,batch_consumer-sts-1_20250707_215452_232609.csv,True,False,False,1751925379.8232613,614485.5065345764
300938,1751924765.337994,1751925276.998135,batch_consumer-sts-1_20250707_215452_232609.csv,True,False,False,1751925379.8232613,614485.267162323
300948,1751924765.3382394,1751925277.0253613,batch_consumer-sts-1_20250707_215452_232609.csv,True,False,False,1751925379.8232613,614485.0218296051
300958,1751924765.3384838,1751925277.0523622,batch_consumer-sts-1_20250707_215452_232609.csv,True,False,False,1751925379.8232613,614484.7774505615
300968,1751924765.3387237,1751925277.079435,batch_consumer-sts-1_20250707_215452_232609.csv,True,False,False,1751925379.8232613,614484.537601471
300978,1751924765.3389666,1751925277.1066985,batch_consumer-sts-1_20250707_215452_232609.csv,True,False,False,1751925379.8232613,614484.2946529388
300988,1751924765.3392067,1751925277.133944,batch_consumer-sts-1_20250707_215452_232609.csv,True,False,False,1751925379.8232613,614484.0545654297
300998,1751924765.3394456,1751925277.1615152,batch_consumer-sts-1_20250707_215452_232609.csv,True,False,False,1751925379.8232613,614483.8156700134
301008,1751924765.3396842,1751925277.1886334,batch_consumer-sts-1_20250707_215452_232609.csv,True,False,False,1751925379.8232613,614483.5770130157
301018,1751924765.3399246,1751925277.215413,batch_consumer-sts-1_20250707_215452_232609.csv,True,False,False,1751925379.8232613,614483.336687088
301028,1751924765.3401678,1751925277.2423503,batch_consumer-sts-1_20250707_215452_232609.csv,True,False,False,1751925379.8232613,614483.0935001373
301038,1751924765.3404045,1751925277.2692437,batch_consumer-sts-1_20250707_215452_232609.csv,True,False,False,1751925379.8232613,614482.8567504883
301048,1751924765.3406425,1751925277.2963943,batch_consumer-sts-1_20250707_215452_232609.csv,True,False,False,1751925379.8232613,614482.6188087463
301058,1751924765.340881,1751925277.3235688,batch_consumer-sts-1_20250707_215452_232609.csv,True,False,False,1751925379.8232613,614482.3801517487
301068,1751924765.3411374,1751925277.3512278,batch_consumer-sts-1_20250707_215452_232609.csv,True,False,False,1751925379.8232613,614482.1238517761
301078,1751924765.3413792,1751925277.378443,batch_consumer-sts-1_20250707_215452_232609.csv,True,False,False,1751925379.8232613,614481.8820953369
301088,1751924765.341618,1751925277.4470437,batch_consumer-sts-1_20250707_215452_232609.csv,True,False,False,1751925379.8232613,614481.6431999207
301098,1751924765.3418505,1751925277.4749346,batch_consumer-sts-1_20250707_215452_232609.csv,True,False,False,1751925379.8232613,614481.410741806
301108,1751924765.3420851,1751925277.502541,batch_consumer-sts-1_20250707_215452_232609.csv,True,False,False,1751925379.8232613,614481.1761379242
301118,1751924765.342348,1751925277.52991,batch_consumer-sts-1_20250707_215452_232609.csv,True,False,False,1751925379.8232613,614480.9131622314
301128,1751924765.3425891,1751925277.5570056,batch_consumer-sts-1_20250707_215452_232609.csv,True,False,False,1751925379.8232613,614480.672121048
301138,1751924765.342826,1751925277.912022,batch_consumer-sts-1_20250707_215452_232609.csv,True,False,False,1751925379.8232613,614480.4353713989
301148,1751924765.343068,1751925277.9419856,batch_consumer-sts-1_20250707_215452_232609.csv,True,False,False,1751925379.8232613,614480.1933765411
301158,1751924765.3435316,1751925277.9690542,batch_consumer-sts-1_20250707_215452_232609.csv,True,False,False,1751925379.8232613,614479.7296524048
301168,1751924765.3437796,1751925277.9958708,batch_consumer-sts-1_20250707_215452_232609.csv,True,False,False,1751925379.8232613,614479.4816970825
301178,1751924765.34402,1751925278.0228002,batch_consumer-sts-1_20250707_215452_232609.csv,True,False,False,1751925379.8232613,614479.2413711548
301188,1751924765.344261,1751925278.050165,batch_consumer-sts-1_20250707_215452_232609.csv,True,False,False,1751925379.8232613,614479.0003299713
301198,1751924765.3445096,1751925278.077702,batch_consumer-sts-1_20250707_215452_232609.csv,True,False,False,1751925379.8232613,614478.7516593933
301208,1751924765.3447618,1751925278.1049795,batch_consumer-sts-1_20250707_215452_232609.csv,True,False,False,1751925379.8232613,614478.4994125366
301218,1751924765.3450012,1751925278.144239,batch_consumer-sts-1_20250707_215452_232609.csv,True,False,False,1751925379.8232613,614478.2600402832
301228,1751924765.3452556,1751925278.177905,batch_consumer-sts-1_20250707_215452_232609.csv,True,False,False,1751925379.8232613,614478.0056476593
301238,1751924765.345454,1751925278.2049065,batch_consumer-sts-1_20250707_215452_232609.csv,True,False,False,1751925379.8232613,614477.8072834015
301248,1751924765.3456545,1751925278.232628,batch_consumer-sts-1_20250707_215452_232609.csv,True,False,False,1751925379.8232613,614477.6067733765
301258,1751924765.3458495,1751925278.260426,batch_consumer-sts-1_20250707_215452_232609.csv,True,False,False,1751925379.8232613,614477.4117469788
301268,1751924765.346048,1751925278.2888062,batch_consumer-sts-1_20250707_215452_232609.csv,True,False,False,1751925379.8232613,614477.2131443024
301278,1751924765.3462908,1751925278.315978,batch_consumer-sts-1_20250707_215452_232609.csv,True,False,False,1751925379.8232613,614476.9704341888
301288,1751924765.346526,1751925278.3430746,batch_consumer-sts-1_20250707_215452_232609.csv,True,False,False,1751925379.8232613,614476.7353534698
301298,1751924765.3467622,1751925278.370129,batch_consumer-sts-1_20250707_215452_232609.csv,True,False,False,1751925379.8232613,614476.499080658
301308,1751924765.3469985,1751925278.3969896,batch_consumer-sts-1_20250707_215452_232609.csv,True,False,False,1751925379.8232613,614476.2628078461
301318,1751924765.347235,1751925278.424049,batch_consumer-sts-1_20250707_215452_232609.csv,True,False,False,1751925379.8232613,614476.0262966156
301328,1751924765.347479,1751925278.451007,batch_consumer-sts-1_20250707_215452_232609.csv,True,False,False,1751925379.8232613,614475.7821559906
301338,1751924765.3476732,1751925278.4783623,batch_consumer-sts-1_20250707_215452_232609.csv,True,False,False,1751925379.8232613,614475.5880832672
301348,1751924765.3478868,1751925278.5062528,batch_consumer-sts-1_20250707_215452_232609.csv,True,False,False,1751925379.8232613,614475.3744602203
301358,1751924765.3481383,1751925278.5339108,batch_consumer-sts-1_20250707_215452_232609.csv,True,False,False,1751925379.8232613,614475.1229286194
301368,1751924765.3483744,1751925278.5612526,batch_consumer-sts-1_20250707_215452_232609.csv,True,False,False,1751925379.8232613,614474.8868942261
301378,1751924765.3486102,1751925278.5885596,batch_consumer-sts-1_20250707_215452_232609.csv,True,False,False,1751925379.8232613,614474.6510982513
301388,1751924765.3488462,1751925278.6154993,batch_consumer-sts-1_20250707_215452_232609.csv,True,False,False,1751925379.8232613,614474.415063858
301398,1751924765.3490825,1751925278.6450377,batch_consumer-sts-1_20250707_215452_232609.csv,True,False,False,1751925379.8232613,614474.1787910461
301408,1751924765.3493135,1751925278.6721356,batch_consumer-sts-1_20250707_215452_232609.csv,True,False,False,1751925379.8232613,614473.947763443
301418,1751924765.3495462,1751925278.6991386,batch_consumer-sts-1_20250707_215452_232609.csv,True,False,False,1751925379.8232613,614473.7150669098
301428,1751924765.349785,1751925278.7258987,batch_consumer-sts-1_20250707_215452_232609.csv,True,False,False,1751925379.8232613,614473.4761714935
301438,1751924765.3500235,1751925278.7527928,batch_consumer-sts-1_20250707_215452_232609.csv,True,False,False,1751925379.8232613,614473.2377529144
301448,1751924765.350268,1751925278.779487,batch_consumer-sts-1_20250707_215452_232609.csv,True,False,False,1751925379.8232613,614472.9933738708
301458,1751924765.3505058,1751925278.806625,batch_consumer-sts-1_20250707_215452_232609.csv,True,False,False,1751925379.8232613,614472.7554321289
301468,1751924765.3507433,1751925278.8335586,batch_consumer-sts-1_20250707_215452_232609.csv,True,False,False,1751925379.8232613,614472.5179672241
301478,1751924765.3509877,1751925278.8626444,batch_consumer-sts-1_20250707_215452_232609.csv,True,False,False,1751925379.8232613,614472.2735881805
301488,1751924765.3512197,1751925278.8902073,batch_consumer-sts-1_20250707_215452_232609.csv,True,False,False,1751925379.8232613,614472.0416069031
301498,1751924765.351454,1751925278.9173815,batch_consumer-sts-1_20250707_215452_232609.csv,True,False,False,1751925379.8232613,614471.8072414398
301508,1751924765.3516865,1751925278.9445217,batch_consumer-sts-1_20250707_215452_232609.csv,True,False,False,1751925379.8232613,614471.5747833252
301518,1751924765.3519237,1751925278.9717047,batch_consumer-sts-1_20250707_215452_232609.csv,True,False,False,1751925379.8232613,614471.337556839
301528,1751924765.3521616,1751925278.9979,batch_consumer-sts-1_20250707_215452_232609.csv,True,False,False,1751925379.8232613,614471.099615097
301538,1751924765.3523986,1751925279.0250757,batch_consumer-sts-1_20250707_215452_232609.csv,True,False,False,1751925379.8232613,614470.8626270294
301548,1751924765.352625,1751925279.052407,batch_consumer-sts-1_20250707_215452_232609.csv,True,False,False,1751925379.8232613,614470.6363677979
301558,1751924765.352858,1751925279.0796509,batch_consumer-sts-1_20250707_215452_232609.csv,True,False,False,1751925379.8232613,614470.4031944275
301568,1751924765.3530946,1751925279.105826,batch_consumer-sts-1_20250707_215452_232609.csv,True,False,False,1751925379.8232613,614470.166683197
302128,1751924765.4728076,1751925279.1323178,batch_consumer-sts-1_20250707_215452_232609.csv,True,False,False,1751925379.8232613,614350.4536151886
302138,1751924765.4730709,1751925279.1595347,batch_consumer-sts-1_20250707_215452_232609.csv,True,False,False,1751925379.8232613,614350.1904010773
302148,1751924765.4733038,1751925279.1869018,batch_consumer-sts-1_20250707_215452_232609.csv,True,False,False,1751925379.8232613,614349.9574661255
302158,1751924765.4735548,1751925279.2142618,batch_consumer-sts-1_20250707_215452_232609.csv,True,False,False,1751925379.8232613,614349.7064113617
302168,1751924765.4737806,1751925279.2416146,batch_consumer-sts-1_20250707_215452_232609.csv,True,False,False,1751925379.8232613,614349.4806289673
302178,1751924765.474008,1751925279.2679784,batch_consumer-sts-1_20250707_215452_232609.csv,True,False,False,1751925379.8232613,614349.2531776428
302188,1751924765.474248,1751925279.2954586,batch_consumer-sts-1_20250707_215452_232609.csv,True,False,False,1751925379.8232613,614349.0133285522
302198,1751924765.4744773,1751925279.3222976,batch_consumer-sts-1_20250707_215452_232609.csv,True,False,False,1751925379.8232613,614348.7839698792
302208,1751924765.4747102,1751925280.3507953,batch_consumer-sts-1_20250707_215452_232609.csv,True,False,False,1751925379.8232613,614348.5510349274
302218,1751924765.4749467,1751925280.3783147,batch_consumer-sts-1_20250707_215452_232609.csv,True,False,False,1751925379.8232613,614348.3145236969
302228,1751924765.4751773,1751925280.4061866,batch_consumer-sts-1_20250707_215452_232609.csv,True,False,False,1751925379.8232613,614348.0839729309
302238,1751924765.4754112,1751925280.4332912,batch_consumer-sts-1_20250707_215452_232609.csv,True,False,False,1751925379.8232613,614347.8500843048
302248,1751924765.4756455,1751925280.460363,batch_consumer-sts-1_20250707_215452_232609.csv,True,False,False,1751925379.8232613,614347.6157188416
302258,1751924765.475883,1751925280.5264027,batch_consumer-sts-1_20250707_215452_232609.csv,True,False,False,1751925379.8232613,614347.3782539368
302268,1751924765.4761114,1751925280.5537028,batch_consumer-sts-1_20250707_215452_232609.csv,True,False,False,1751925379.8232613,614347.149848938
302278,1751924765.4763415,1751925280.5801754,batch_consumer-sts-1_20250707_215452_232609.csv,True,False,False,1751925379.8232613,614346.9197750092
302288,1751924765.4765782,1751925280.607905,batch_consumer-sts-1_20250707_215452_232609.csv,True,False,False,1751925379.8232613,614346.6830253601
302298,1751924765.4768157,1751925280.6356876,batch_consumer-sts-1_20250707_215452_232609.csv,True,False,False,1751925379.8232613,614346.4455604553
302308,1751924765.4770494,1751925280.6619637,batch_consumer-sts-1_20250707_215452_232609.csv,True,False,False,1751925379.8232613,614346.2119102478
302318,1751924765.4772935,1751925280.6893125,batch_consumer-sts-1_20250707_215452_232609.csv,True,False,False,1751925379.8232613,614345.9677696228
302328,1751924765.4775229,1751925280.7158046,batch_consumer-sts-1_20250707_215452_232609.csv,True,False,False,1751925379.8232613,614345.7384109497
302338,1751924765.477754,1751925280.7425878,batch_consumer-sts-1_20250707_215452_232609.csv,True,False,False,1751925379.8232613,614345.507144928
302348,1751924765.4779856,1751925280.7693143,batch_consumer-sts-1_20250707_215452_232609.csv,True,False,False,1751925379.8232613,614345.2756404877
302358,1751924765.4782307,1751925280.7964787,batch_consumer-sts-1_20250707_215452_232609.csv,True,False,False,1751925379.8232613,614345.0305461884
302368,1751924765.4784565,1751925280.8229043,batch_consumer-sts-1_20250707_215452_232609.csv,True,False,False,1751925379.8232613,614344.804763794
302378,1751924765.4786882,1751925281.032106,batch_consumer-sts-1_20250707_215452_232609.csv,True,False,False,1751925379.8232613,614344.5730209351
302388,1751924765.4789162,1751925281.0589163,batch_consumer-sts-1_20250707_215452_232609.csv,True,False,False,1751925379.8232613,614344.3450927734
302398,1751924765.4791548,1751925281.0858314,batch_consumer-sts-1_20250707_215452_232609.csv,True,False,False,1751925379.8232613,614344.1064357758
302408,1751924765.4794185,1751925281.112031,batch_consumer-sts-1_20250707_215452_232609.csv,True,False,False,1751925379.8232613,614343.8427448273
302418,1751924765.479622,1751925281.138554,batch_consumer-sts-1_20250707_215452_232609.csv,True,False,False,1751925379.8232613,614343.6393737793
302428,1751924765.4798152,1751925281.165215,batch_consumer-sts-1_20250707_215452_232609.csv,True,False,False,1751925379.8232613,614343.4460163116
302438,1751924765.4800372,1751925281.1916902,batch_consumer-sts-1_20250707_215452_232609.csv,True,False,False,1751925379.8232613,614343.2240486145
302448,1751924765.4802644,1751925281.217695,batch_consumer-sts-1_20250707_215452_232609.csv,True,False,False,1751925379.8232613,614342.9968357086
302458,1751924765.48048,1751925281.2449143,batch_consumer-sts-1_20250707_215452_232609.csv,True,False,False,1751925379.8232613,614342.7813053131
302468,1751924765.4806936,1751925281.2703943,batch_consumer-sts-1_20250707_215452_232609.csv,True,False,False,1751925379.8232613,614342.5676822662
302478,1751924765.4809103,1751925281.2971745,batch_consumer-sts-1_20250707_215452_232609.csv,True,False,False,1751925379.8232613,614342.3509597778
302488,1751924765.4811254,1751925281.3238947,batch_consumer-sts-1_20250707_215452_232609.csv,True,False,False,1751925379.8232613,614342.1359062195
302498,1751924765.481377,1751925281.3510573,batch_consumer-sts-1_20250707_215452_232609.csv,True,False,False,1751925379.8232613,614341.8843746185
302508,1751924765.4816062,1751925281.3776712,batch_consumer-sts-1_20250707_215452_232609.csv,True,False,False,1751925379.8232613,614341.6550159454
302518,1751924765.4818368,1751925281.404185,batch_consumer-sts-1_20250707_215452_232609.csv,True,False,False,1751925379.8232613,614341.4244651794
302528,1751924765.482068,1751925281.4307663,batch_consumer-sts-1_20250707_215452_232609.csv,True,False,False,1751925379.8232613,614341.1931991577
302538,1751924765.4823146,1751925281.457447,batch_consumer-sts-1_20250707_215452_232609.csv,True,False,False,1751925379.8232613,614340.9466743469
302548,1751924765.4825408,1751925281.484163,batch_consumer-sts-1_20250707_215452_232609.csv,True,False,False,1751925379.8232613,614340.7204151154
302558,1751924765.48278,1751925281.5102968,batch_consumer-sts-1_20250707_215452_232609.csv,True,False,False,1751925379.8232613,614340.4812812805
302568,1751924765.4830108,1751925281.5368235,batch_consumer-sts-1_20250707_215452_232609.csv,True,False,False,1751925379.8232613,614340.250492096
302578,1751924765.4832487,1751925281.5624945,batch_consumer-sts-1_20250707_215452_232609.csv,True,False,False,1751925379.8232613,614340.012550354
302588,1751924765.4835703,1751925281.5895135,batch_consumer-sts-1_20250707_215452_232609.csv,True,False,False,1751925379.8232613,614339.6909236908
302598,1751924765.4838502,1751925281.6156526,batch_consumer-sts-1_20250707_215452_232609.csv,True,False,False,1751925379.8232613,614339.4110202789
302608,1751924765.4842663,1751925281.6427753,batch_consumer-sts-1_20250707_215452_232609.csv,True,False,False,1751925379.8232613,614338.9949798584
302618,1751924765.4846864,1751925281.669603,batch_consumer-sts-1_20250707_215452_232609.csv,True,False,False,1751925379.8232613,614338.574886322
302628,1751924765.485102,1751925281.6966095,batch_consumer-sts-1_20250707_215452_232609.csv,True,False,False,1751925379.8232613,614338.1593227386
302638,1751924765.4855256,1751925281.722288,batch_consumer-sts-1_20250707_215452_232609.csv,True,False,False,1751925379.8232613,614337.7356529236
302648,1751924765.4859462,1751925281.7489593,batch_consumer-sts-1_20250707_215452_232609.csv,True,False,False,1751925379.8232613,614337.31508255
302658,1751924765.486391,1751925281.7762516,batch_consumer-sts-1_20250707_215452_232609.csv,True,False,False,1751925379.8232613,614336.8701934814
302668,1751924765.4868083,1751925281.8025348,batch_consumer-sts-1_20250707_215452_232609.csv,True,False,False,1751925379.8232613,614336.452960968
302678,1751924765.487229,1751925281.8286283,batch_consumer-sts-1_20250707_215452_232609.csv,True,False,False,1751925379.8232613,614336.0321521759
302688,1751924765.4876535,1751925281.8550928,batch_consumer-sts-1_20250707_215452_232609.csv,True,False,False,1751925379.8232613,614335.6077671051
302698,1751924765.4880767,1751925281.881268,batch_consumer-sts-1_20250707_215452_232609.csv,True,False,False,1751925379.8232613,614335.1845741272
302708,1751924765.4885051,1751925281.9073436,batch_consumer-sts-1_20250707_215452_232609.csv,True,False,False,1751925379.8232613,614334.7561359406
302718,1751924765.4895935,1751925281.9335332,batch_consumer-sts-1_20250707_215452_232609.csv,True,False,False,1751925379.8232613,614333.667755127
302728,1751924765.4913986,1751925281.9599605,batch_consumer-sts-1_20250707_215452_232609.csv,True,False,False,1751925379.8232613,614331.8626880646
302738,1751924765.4921744,1751925281.9866197,batch_consumer-sts-1_20250707_215452_232609.csv,True,False,False,1751925379.8232613,614331.0868740082
302748,1751924765.493008,1751925282.012459,batch_consumer-sts-1_20250707_215452_232609.csv,True,False,False,1751925379.8232613,614330.2533626556
302758,1751924765.4934237,1751925282.0389102,batch_consumer-sts-1_20250707_215452_232609.csv,True,False,False,1751925379.8232613,614329.8375606537
302768,1751924765.4938192,1751925282.065559,batch_consumer-sts-1_20250707_215452_232609.csv,True,False,False,1751925379.8232613,614329.442024231
302778,1751924765.494237,1751925282.0985794,batch_consumer-sts-1_20250707_215452_232609.csv,True,False,False,1751925379.8232613,614329.0243148804
302788,1751924765.4946363,1751925282.1248803,batch_consumer-sts-1_20250707_215452_232609.csv,True,False,False,1751925379.8232613,614328.6249637604
302798,1751924765.4950628,1751925282.1513438,batch_consumer-sts-1_20250707_215452_232609.csv,True,False,False,1751925379.8232613,614328.1984329224
302808,1751924765.495721,1751925282.178757,batch_consumer-sts-1_20250707_215452_232609.csv,True,False,False,1751925379.8232613,614327.5401592255
302818,1751924765.4963248,1751925282.2046585,batch_consumer-sts-1_20250707_215452_232609.csv,True,False,False,1751925379.8232613,614326.9364833832
302828,1751924765.496743,1751925282.2307513,batch_consumer-sts-1_20250707_215452_232609.csv,True,False,False,1751925379.8232613,614326.5182971954
302838,1751924765.4971602,1751925282.2577713,batch_consumer-sts-1_20250707_215452_232609.csv,True,False,False,1751925379.8232613,614326.101064682
302848,1751924765.4975617,1751925282.2842226,batch_consumer-sts-1_20250707_215452_232609.csv,True,False,False,1751925379.8232613,614325.6995677948
302858,1751924765.497969,1751925282.309945,batch_consumer-sts-1_20250707_215452_232609.csv,True,False,False,1751925379.8232613,614325.2923488617
302868,1751924765.498376,1751925282.3366652,batch_consumer-sts-1_20250707_215452_232609.csv,True,False,False,1751925379.8232613,614324.8853683472
302878,1751924765.4987974,1751925282.363116,batch_consumer-sts-1_20250707_215452_232609.csv,True,False,False,1751925379.8232613,614324.4638442993
302888,1751924765.499205,1751925282.3894668,batch_consumer-sts-1_20250707_215452_232609.csv,True,False,False,1751925379.8232613,614324.056148529
302898,1751924765.499617,1751925282.415451,batch_consumer-sts-1_20250707_215452_232609.csv,True,False,False,1751925379.8232613,614323.6441612244
302908,1751924765.500028,1751925282.441844,batch_consumer-sts-1_20250707_215452_232609.csv,True,False,False,1751925379.8232613,614323.2333660126
302918,1751924765.500443,1751925282.4689536,batch_consumer-sts-1_20250707_215452_232609.csv,True,False,False,1751925379.8232613,614322.8182792664
302928,1751924765.5008504,1751925282.4911451,batch_consumer-sts-1_20250707_215452_232609.csv,True,False,False,1751925379.8232613,614322.4108219147
302938,1751924765.501223,1751925282.555375,batch_consumer-sts-1_20250707_215452_232609.csv,True,False,False,1751925379.8232613,614322.0381736755
302948,1751924765.501457,1751925282.5825546,batch_consumer-sts-1_20250707_215452_232609.csv,True,False,False,1751925379.8232613,614321.8042850494
302958,1751924765.5017006,1751925282.6099126,batch_consumer-sts-1_20250707_215452_232609.csv,True,False,False,1751925379.8232613,614321.5606212616
302968,1751924765.5019383,1751925282.6368833,batch_consumer-sts-1_20250707_215452_232609.csv,True,False,False,1751925379.8232613,614321.3229179382
302978,1751924765.5022006,1751925282.6637597,batch_consumer-sts-1_20250707_215452_232609.csv,True,False,False,1751925379.8232613,614321.0606575012
302988,1751924765.5024438,1751925282.6908014,batch_consumer-sts-1_20250707_215452_232609.csv,True,False,False,1751925379.8232613,614320.8174705505
302998,1751924765.5026765,1751925282.7170088,batch_consumer-sts-1_20250707_215452_232609.csv,True,False,False,1751925379.8232613,614320.5847740173
303008,1751924765.50311,1751925283.1899714,batch_consumer-sts-1_20250707_215452_232609.csv,True,False,False,1751925379.8232613,614320.1513290405
303018,1751924765.503719,1751925283.215942,batch_consumer-sts-1_20250707_215452_232609.csv,True,False,False,1751925379.8232613,614319.5421695709
303028,1751924765.5039515,1751925283.2424655,batch_consumer-sts-1_20250707_215452_232609.csv,True,False,False,1751925379.8232613,614319.3097114563
303038,1751924765.5041854,1751925283.2691584,batch_consumer-sts-1_20250707_215452_232609.csv,True,False,False,1751925379.8232613,614319.0758228302
303048,1751924765.5044117,1751925283.295858,batch_consumer-sts-1_20250707_215452_232609.csv,True,False,False,1751925379.8232613,614318.8495635986
303058,1751924765.5046394,1751925283.3215284,batch_consumer-sts-1_20250707_215452_232609.csv,True,False,False,1751925379.8232613,614318.6218738556
303068,1751924765.5048652,1751925283.3484683,batch_consumer-sts-1_20250707_215452_232609.csv,True,False,False,1751925379.8232613,614318.3960914612
303078,1751924765.505099,1751925283.3752549,batch_consumer-sts-1_20250707_215452_232609.csv,True,False,False,1751925379.8232613,614318.1622028351
303088,1751924765.5053203,1751925283.401772,batch_consumer-sts-1_20250707_215452_232609.csv,True,False,False,1751925379.8232613,614317.9409503937
303098,1751924765.5055485,1751925283.4277291,batch_consumer-sts-1_20250707_215452_232609.csv,True,False,False,1751925379.8232613,614317.7127838135
303108,1751924765.505783,1751925283.4545307,batch_consumer-sts-1_20250707_215452_232609.csv,True,False,False,1751925379.8232613,614317.4781799316
303118,1751924765.5060086,1751925283.4812858,batch_consumer-sts-1_20250707_215452_232609.csv,True,False,False,1751925379.8232613,614317.2526359558
303128,1751924765.506447,1751925283.507964,batch_consumer-sts-1_20250707_215452_232609.csv,True,False,False,1751925379.8232613,614316.8141841888
303138,1751924765.5068574,1751925283.534451,batch_consumer-sts-1_20250707_215452_232609.csv,True,False,False,1751925379.8232613,614316.4038658142
303148,1751924765.507265,1751925283.5613892,batch_consumer-sts-1_20250707_215452_232609.csv,True,False,False,1751925379.8232613,614315.996170044
303158,1751924765.5074856,1751925283.5882225,batch_consumer-sts-1_20250707_215452_232609.csv,True,False,False,1751925379.8232613,614315.7756328583
303168,1751924765.5076785,1751925283.61449,batch_consumer-sts-1_20250707_215452_232609.csv,True,False,False,1751925379.8232613,614315.5827522278
303178,1751924765.507866,1751925283.6411178,batch_consumer-sts-1_20250707_215452_232609.csv,True,False,False,1751925379.8232613,614315.3953552246
303188,1751924765.5080824,1751925283.670618,batch_consumer-sts-1_20250707_215452_232609.csv,True,False,False,1751925379.8232613,614315.1788711548
303198,1751924765.508256,1751925283.6973164,batch_consumer-sts-1_20250707_215452_232609.csv,True,False,False,1751925379.8232613,614315.0053024292
303208,1751924765.5084288,1751925283.724164,batch_consumer-sts-1_20250707_215452_232609.csv,True,False,False,1751925379.8232613,614314.8324489594
303218,1751924765.5086057,1751925283.7509708,batch_consumer-sts-1_20250707_215452_232609.csv,True,False,False,1751925379.8232613,614314.6555423737
303228,1751924765.5087783,1751925283.777989,batch_consumer-sts-1_20250707_215452_232609.csv,True,False,False,1751925379.8232613,614314.4829273224
303238,1751924765.5089576,1751925283.8091884,batch_consumer-sts-1_20250707_215452_232609.csv,True,False,False,1751925379.8232613,614314.3036365509
303248,1751924765.5091443,1751925283.8354545,batch_consumer-sts-1_20250707_215452_232609.csv,True,False,False,1751925379.8232613,614314.1169548035
303258,1751924765.5093246,1751925283.8623295,batch_consumer-sts-1_20250707_215452_232609.csv,True,False,False,1751925379.8232613,614313.9367103577
303268,1751924765.509498,1751925283.8890994,batch_consumer-sts-1_20250707_215452_232609.csv,True,False,False,1751925379.8232613,614313.7633800507
303278,1751924765.5096786,1751925283.9150996,batch_consumer-sts-1_20250707_215452_232609.csv,True,False,False,1751925379.8232613,614313.5826587677
303288,1751924765.5098617,1751925283.9418137,batch_consumer-sts-1_20250707_215452_232609.csv,True,False,False,1751925379.8232613,614313.399553299
303298,1751924765.5100377,1751925283.9675505,batch_consumer-sts-1_20250707_215452_232609.csv,True,False,False,1751925379.8232613,614313.2236003876
303308,1751924765.5106192,1751925283.9941018,batch_consumer-sts-1_20250707_215452_232609.csv,True,False,False,1751925379.8232613,614312.6420974731
303318,1751924765.5108514,1751925284.0199957,batch_consumer-sts-1_20250707_215452_232609.csv,True,False,False,1751925379.8232613,614312.4098777771
303328,1751924765.5110805,1751925284.0467148,batch_consumer-sts-1_20250707_215452_232609.csv,True,False,False,1751925379.8232613,614312.1807575226
303338,1751924765.511307,1751925284.0740404,batch_consumer-sts-1_20250707_215452_232609.csv,True,False,False,1751925379.8232613,614311.9542598724
303348,1751924765.5115454,1751925284.1008215,batch_consumer-sts-1_20250707_215452_232609.csv,True,False,False,1751925379.8232613,614311.7158412933
303358,1751924765.51172,1751925284.12701,batch_consumer-sts-1_20250707_215452_232609.csv,True,False,False,1751925379.8232613,614311.5413188934
303368,1751924765.5118952,1751925284.154112,batch_consumer-sts-1_20250707_215452_232609.csv,True,False,False,1751925379.8232613,614311.3660812378
303378,1751924765.512071,1751925284.1809163,batch_consumer-sts-1_20250707_215452_232609.csv,True,False,False,1751925379.8232613,614311.190366745
303388,1751924765.5122652,1751925284.2073038,batch_consumer-sts-1_20250707_215452_232609.csv,True,False,False,1751925379.8232613,614310.996055603
303398,1751924765.5124545,1751925284.2340448,batch_consumer-sts-1_20250707_215452_232609.csv,True,False,False,1751925379.8232613,614310.8067512512
303408,1751924765.5126567,1751925284.2610433,batch_consumer-sts-1_20250707_215452_232609.csv,True,False,False,1751925379.8232613,614310.6045722961
318938,1751924765.913531,1751925284.2879145,batch_consumer-sts-1_20250707_215452_232609.csv,True,False,False,1751925379.8232613,613909.7301959991
318948,1751924765.9137702,1751925284.3139007,batch_consumer-sts-1_20250707_215452_232609.csv,True,False,False,1751925379.8232613,613909.4910621643
318958,1751924765.9140017,1751925284.3395605,batch_consumer-sts-1_20250707_215452_232609.csv,True,False,False,1751925379.8232613,613909.259557724
318968,1751924765.9142346,1751925284.3664656,batch_consumer-sts-1_20250707_215452_232609.csv,True,False,False,1751925379.8232613,613909.0266227722
318978,1751924765.9144678,1751925284.3930097,batch_consumer-sts-1_20250707_215452_232609.csv,True,False,False,1751925379.8232613,613908.7934494019
318988,1751924765.9147007,1751925284.4190538,batch_consumer-sts-1_20250707_215452_232609.csv,True,False,False,1751925379.8232613,613908.5605144501
318998,1751924765.9149263,1751925284.4457483,batch_consumer-sts-1_20250707_215452_232609.csv,True,False,False,1751925379.8232613,613908.3349704742
319008,1751924765.915154,1751925284.4712827,batch_consumer-sts-1_20250707_215452_232609.csv,True,False,False,1751925379.8232613,613908.1072807312
319018,1751924765.9153953,1751925284.4978344,batch_consumer-sts-1_20250707_215452_232609.csv,True,False,False,1751925379.8232613,613907.8660011292
319028,1751924765.9156334,1751925284.5239024,batch_consumer-sts-1_20250707_215452_232609.csv,True,False,False,1751925379.8232613,613907.6278209686
319038,1751924765.91587,1751925284.550459,batch_consumer-sts-1_20250707_215452_232609.csv,True,False,False,1751925379.8232613,613907.3913097382
319048,1751924765.916092,1751925284.5770676,batch_consumer-sts-1_20250707_215452_232609.csv,True,False,False,1751925379.8232613,613907.169342041
319058,1751924765.9163258,1751925284.6033003,batch_consumer-sts-1_20250707_215452_232609.csv,True,False,False,1751925379.8232613,613906.9354534149
319068,1751924765.9165614,1751925284.6292048,batch_consumer-sts-1_20250707_215452_232609.csv,True,False,False,1751925379.8232613,613906.6998958588
319078,1751924765.9173388,1751925284.6560683,batch_consumer-sts-1_20250707_215452_232609.csv,True,False,False,1751925379.8232613,613905.9224128723
319088,1751924765.9175775,1751925284.6825745,batch_consumer-sts-1_20250707_215452_232609.csv,True,False,False,1751925379.8232613,613905.6837558746
319098,1751924765.918391,1751925284.7084675,batch_consumer-sts-1_20250707_215452_232609.csv,True,False,False,1751925379.8232613,613904.8702716827
319108,1751924765.91878,1751925284.7356057,batch_consumer-sts-1_20250707_215452_232609.csv,True,False,False,1751925379.8232613,613904.4811725616
319118,1751924765.9190133,1751925284.7625675,batch_consumer-sts-1_20250707_215452_232609.csv,True,False,False,1751925379.8232613,613904.2479991913
319128,1751924765.9192464,1751925285.7906916,batch_consumer-sts-1_20250707_215452_232609.csv,True,False,False,1751925379.8232613,613904.0148258209
319138,1751924765.919476,1751925285.8808212,batch_consumer-sts-1_20250707_215452_232609.csv,True,False,False,1751925379.8232613,613903.7852287292
319148,1751924765.9197109,1751925285.907227,batch_consumer-sts-1_20250707_215452_232609.csv,True,False,False,1751925379.8232613,613903.5503864288
319158,1751924765.9199407,1751925285.9336157,batch_consumer-sts-1_20250707_215452_232609.csv,True,False,False,1751925379.8232613,613903.3205509186
319168,1751924765.9201703,1751925285.960436,batch_consumer-sts-1_20250707_215452_232609.csv,True,False,False,1751925379.8232613,613903.0909538269
319178,1751924765.920396,1751925285.987809,batch_consumer-sts-1_20250707_215452_232609.csv,True,False,False,1751925379.8232613,613902.8651714325
319188,1751924765.920633,1751925286.0140176,batch_consumer-sts-1_20250707_215452_232609.csv,True,False,False,1751925379.8232613,613902.6281833649
319198,1751924765.9208562,1751925286.0409715,batch_consumer-sts-1_20250707_215452_232609.csv,True,False,False,1751925379.8232613,613902.4050235748
319208,1751924765.9210804,1751925286.067737,batch_consumer-sts-1_20250707_215452_232609.csv,True,False,False,1751925379.8232613,613902.1809101105
319218,1751924765.9213114,1751925286.0945003,batch_consumer-sts-1_20250707_215452_232609.csv,True,False,False,1751925379.8232613,613901.9498825073
319228,1751924765.9216638,1751925286.1203868,batch_consumer-sts-1_20250707_215452_232609.csv,True,False,False,1751925379.8232613,613901.5974998474
319238,1751924765.921913,1751925286.1472082,batch_consumer-sts-1_20250707_215452_232609.csv,True,False,False,1751925379.8232613,613901.3483524323
319248,1751924765.9223473,1751925286.1735137,batch_consumer-sts-1_20250707_215452_232609.csv,True,False,False,1751925379.8232613,613900.9139537811
319258,1751924765.922577,1751925286.1998954,batch_consumer-sts-1_20250707_215452_232609.csv,True,False,False,1751925379.8232613,613900.6843566895
319268,1751924765.9228067,1751925286.225731,batch_consumer-sts-1_20250707_215452_232609.csv,True,False,False,1751925379.8232613,613900.4545211792
319278,1751924765.923038,1751925286.2560945,batch_consumer-sts-1_20250707_215452_232609.csv,True,False,False,1751925379.8232613,613900.2232551575
319288,1751924765.9232907,1751925286.2880511,batch_consumer-sts-1_20250707_215452_232609.csv,True,False,False,1751925379.8232613,613899.9705314636
319298,1751924765.9235213,1751925286.3183012,batch_consumer-sts-1_20250707_215452_232609.csv,True,False,False,1751925379.8232613,613899.7399806976
319308,1751924765.923748,1751925286.3419015,batch_consumer-sts-1_20250707_215452_232609.csv,True,False,False,1751925379.8232613,613899.5132446289
319318,1751924765.923977,1751925286.368928,batch_consumer-sts-1_20250707_215452_232609.csv,True,False,False,1751925379.8232613,613899.284362793
319328,1751924765.9242089,1751925286.3960702,batch_consumer-sts-1_20250707_215452_232609.csv,True,False,False,1751925379.8232613,613899.0523815155
319338,1751924765.924445,1751925286.4223237,batch_consumer-sts-1_20250707_215452_232609.csv,True,False,False,1751925379.8232613,613898.8163471222
319348,1751924765.9246795,1751925286.449641,batch_consumer-sts-1_20250707_215452_232609.csv,True,False,False,1751925379.8232613,613898.5817432404
319358,1751924765.9249084,1751925286.4762418,batch_consumer-sts-1_20250707_215452_232609.csv,True,False,False,1751925379.8232613,613898.3528614044
319368,1751924765.925145,1751925286.5032065,batch_consumer-sts-1_20250707_215452_232609.csv,True,False,False,1751925379.8232613,613898.116350174
319378,1751924765.925376,1751925286.529714,batch_consumer-sts-1_20250707_215452_232609.csv,True,False,False,1751925379.8232613,613897.8853225708
319388,1751924765.925608,1751925286.556456,batch_consumer-sts-1_20250707_215452_232609.csv,True,False,False,1751925379.8232613,613897.6533412933
319398,1751924765.9258358,1751925286.5832274,batch_consumer-sts-1_20250707_215452_232609.csv,True,False,False,1751925379.8232613,613897.4254131317
319408,1751924765.9260674,1751925286.6093135,batch_consumer-sts-1_20250707_215452_232609.csv,True,False,False,1751925379.8232613,613897.1939086914
319418,1751924765.9263067,1751925286.6370118,batch_consumer-sts-1_20250707_215452_232609.csv,True,False,False,1751925379.8232613,613896.954536438
319428,1751924765.9265382,1751925286.6642413,batch_consumer-sts-1_20250707_215452_232609.csv,True,False,False,1751925379.8232613,613896.7230319977
319438,1751924765.9267728,1751925286.6908777,batch_consumer-sts-1_20250707_215452_232609.csv,True,False,False,1751925379.8232613,613896.4884281158
319448,1751924765.9270031,1751925286.7170691,batch_consumer-sts-1_20250707_215452_232609.csv,True,False,False,1751925379.8232613,613896.2581157684
319458,1751924765.9272463,1751925286.7433443,batch_consumer-sts-1_20250707_215452_232609.csv,True,False,False,1751925379.8232613,613896.0149288177
319468,1751924765.927469,1751925286.7695544,batch_consumer-sts-1_20250707_215452_232609.csv,True,False,False,1751925379.8232613,613895.7922458649
319478,1751924765.927661,1751925286.795906,batch_consumer-sts-1_20250707_215452_232609.csv,True,False,False,1751925379.8232613,613895.6003189087
319488,1751924765.9278662,1751925286.8209376,batch_consumer-sts-1_20250707_215452_232609.csv,True,False,False,1751925379.8232613,613895.3950405121
319498,1751924765.9280522,1751925286.8473794,batch_consumer-sts-1_20250707_215452_232609.csv,True,False,False,1751925379.8232613,613895.2090740204
319508,1751924765.9282348,1751925286.8739724,batch_consumer-sts-1_20250707_215452_232609.csv,True,False,False,1751925379.8232613,613895.0264453888
319518,1751924765.928442,1751925286.9022312,batch_consumer-sts-1_20250707_215452_232609.csv,True,False,False,1751925379.8232613,613894.8192596436
319528,1751924765.9286375,1751925286.9283612,batch_consumer-sts-1_20250707_215452_232609.csv,True,False,False,1751925379.8232613,613894.6237564087
319538,1751924765.9289048,1751925286.954798,batch_consumer-sts-1_20250707_215452_232609.csv,True,False,False,1751925379.8232613,613894.3564891815
319548,1751924765.929143,1751925286.981289,batch_consumer-sts-1_20250707_215452_232609.csv,True,False,False,1751925379.8232613,613894.118309021
319558,1751924765.929381,1751925287.0094447,batch_consumer-sts-1_20250707_215452_232609.csv,True,False,False,1751925379.8232613,613893.880367279
319568,1751924765.9296198,1751925287.036219,batch_consumer-sts-1_20250707_215452_232609.csv,True,False,False,1751925379.8232613,613893.6414718628
319578,1751924765.9298573,1751925287.064556,batch_consumer-sts-1_20250707_215452_232609.csv,True,False,False,1751925379.8232613,613893.404006958
319588,1751924765.9300964,1751925287.0910964,batch_consumer-sts-1_20250707_215452_232609.csv,True,False,False,1751925379.8232613,613893.1648731232
319598,1751924765.9303372,1751925287.116697,batch_consumer-sts-1_20250707_215452_232609.csv,True,False,False,1751925379.8232613,613892.9240703583
319608,1751924765.9305763,1751925287.1426156,batch_consumer-sts-1_20250707_215452_232609.csv,True,False,False,1751925379.8232613,613892.6849365234
319618,1751924765.9308107,1751925287.1685147,batch_consumer-sts-1_20250707_215452_232609.csv,True,False,False,1751925379.8232613,613892.4505710602
319628,1751924765.9310453,1751925287.1946974,batch_consumer-sts-1_20250707_215452_232609.csv,True,False,False,1751925379.8232613,613892.2159671783
319638,1751924765.9312856,1751925287.2309928,batch_consumer-sts-1_20250707_215452_232609.csv,True,False,False,1751925379.8232613,613891.9756412506
319648,1751924765.9315276,1751925287.257551,batch_consumer-sts-1_20250707_215452_232609.csv,True,False,False,1751925379.8232613,613891.7336463928
319658,1751924765.931762,1751925287.2837932,batch_consumer-sts-1_20250707_215452_232609.csv,True,False,False,1751925379.8232613,613891.4992809296
319668,1751924765.9319944,1751925287.30976,batch_consumer-sts-1_20250707_215452_232609.csv,True,False,False,1751925379.8232613,613891.2668228149
319678,1751924765.9322302,1751925287.335904,batch_consumer-sts-1_20250707_215452_232609.csv,True,False,False,1751925379.8232613,613891.0310268402
319688,1751924765.9324882,1751925287.361764,batch_consumer-sts-1_20250707_215452_232609.csv,True,False,False,1751925379.8232613,613890.7730579376
319698,1751924765.9327188,1751925287.388285,batch_consumer-sts-1_20250707_215452_232609.csv,True,False,False,1751925379.8232613,613890.5425071716
319708,1751924765.9329495,1751925287.414222,batch_consumer-sts-1_20250707_215452_232609.csv,True,False,False,1751925379.8232613,613890.3117179871
319718,1751924765.9331765,1751925287.440907,batch_consumer-sts-1_20250707_215452_232609.csv,True,False,False,1751925379.8232613,613890.0847434998
319728,1751924765.9334157,1751925287.4725685,batch_consumer-sts-1_20250707_215452_232609.csv,True,False,False,1751925379.8232613,613889.8456096649
319738,1751924765.9336493,1751925287.4993365,batch_consumer-sts-1_20250707_215452_232609.csv,True,False,False,1751925379.8232613,613889.6119594574
319748,1751924765.9338863,1751925287.5257933,batch_consumer-sts-1_20250707_215452_232609.csv,True,False,False,1751925379.8232613,613889.3749713898
319758,1751924765.9341328,1751925287.553167,batch_consumer-sts-1_20250707_215452_232609.csv,True,False,False,1751925379.8232613,613889.128446579
319768,1751924765.934382,1751925287.5795064,batch_consumer-sts-1_20250707_215452_232609.csv,True,False,False,1751925379.8232613,613888.8792991638
319778,1751924765.934617,1751925287.605609,batch_consumer-sts-1_20250707_215452_232609.csv,True,False,False,1751925379.8232613,613888.6442184448
319788,1751924765.934842,1751925287.694543,batch_consumer-sts-1_20250707_215452_232609.csv,True,False,False,1751925379.8232613,613888.4191513062
319798,1751924765.935077,1751925287.7204204,batch_consumer-sts-1_20250707_215452_232609.csv,True,False,False,1751925379.8232613,613888.1843090057
319808,1751924765.9353142,1751925287.7470338,batch_consumer-sts-1_20250707_215452_232609.csv,True,False,False,1751925379.8232613,613887.9470825195
319818,1751924765.935551,1751925287.7735286,batch_consumer-sts-1_20250707_215452_232609.csv,True,False,False,1751925379.8232613,613887.7103328705
319828,1751924765.9357824,1751925287.8003693,batch_consumer-sts-1_20250707_215452_232609.csv,True,False,False,1751925379.8232613,613887.4788284302
319838,1751924765.9360373,1751925287.8264248,batch_consumer-sts-1_20250707_215452_232609.csv,True,False,False,1751925379.8232613,613887.2239589691
319848,1751924765.9362752,1751925287.852931,batch_consumer-sts-1_20250707_215452_232609.csv,True,False,False,1751925379.8232613,613886.9860172272
319858,1751924765.9365008,1751925287.8798895,batch_consumer-sts-1_20250707_215452_232609.csv,True,False,False,1751925379.8232613,613886.7604732513
319868,1751924765.93673,1751925287.9051578,batch_consumer-sts-1_20250707_215452_232609.csv,True,False,False,1751925379.8232613,613886.5313529968
319878,1751924765.9369626,1751925287.9314775,batch_consumer-sts-1_20250707_215452_232609.csv,True,False,False,1751925379.8232613,613886.2986564636
319888,1751924765.937462,1751925287.957673,batch_consumer-sts-1_20250707_215452_232609.csv,True,False,False,1751925379.8232613,613885.7991695404
319898,1751924765.937698,1751925287.984024,batch_consumer-sts-1_20250707_215452_232609.csv,True,False,False,1751925379.8232613,613885.5633735657
319908,1751924765.9379418,1751925288.010572,batch_consumer-sts-1_20250707_215452_232609.csv,True,False,False,1751925379.8232613,613885.3194713593
319918,1751924765.938192,1751925288.0372689,batch_consumer-sts-1_20250707_215452_232609.csv,True,False,False,1751925379.8232613,613885.0693702698
319928,1751924765.9384336,1751925288.0642378,batch_consumer-sts-1_20250707_215452_232609.csv,True,False,False,1751925379.8232613,613884.8276138306
319938,1751924765.9386606,1751925288.0908525,batch_consumer-sts-1_20250707_215452_232609.csv,True,False,False,1751925379.8232613,613884.6006393433
319948,1751924765.9388947,1751925288.1159594,batch_consumer-sts-1_20250707_215452_232609.csv,True,False,False,1751925379.8232613,613884.3665122986
319958,1751924765.9391284,1751925288.1428473,batch_consumer-sts-1_20250707_215452_232609.csv,True,False,False,1751925379.8232613,613884.1328620911
319968,1751924765.9395554,1751925288.191692,batch_consumer-sts-1_20250707_215452_232609.csv,True,False,False,1751925379.8232613,613883.7058544159
319978,1751924765.9398894,1751925288.6361058,batch_consumer-sts-1_20250707_215452_232609.csv,True,False,False,1751925379.8232613,613883.3718299866
319988,1751924765.9400806,1751925288.6630044,batch_consumer-sts-1_20250707_215452_232609.csv,True,False,False,1751925379.8232613,613883.1806182861
319998,1751924765.9402747,1751925288.6895337,batch_consumer-sts-1_20250707_215452_232609.csv,True,False,False,1751925379.8232613,613882.9865455627
320008,1751924765.9404657,1751925288.7155197,batch_consumer-sts-1_20250707_215452_232609.csv,True,False,False,1751925379.8232613,613882.7955722809
320018,1751924765.940655,1751925288.752383,batch_consumer-sts-1_20250707_215452_232609.csv,True,False,False,1751925379.8232613,613882.6062679291
320028,1751924765.9408438,1751925288.7835374,batch_consumer-sts-1_20250707_215452_232609.csv,True,False,False,1751925379.8232613,613882.4174404144
320038,1751924765.94103,1751925288.8103735,batch_consumer-sts-1_20250707_215452_232609.csv,True,False,False,1751925379.8232613,613882.2312355042
320048,1751924765.941218,1751925288.8373628,batch_consumer-sts-1_20250707_215452_232609.csv,True,False,False,1751925379.8232613,613882.0433616638
320058,1751924765.941404,1751925288.8639429,batch_consumer-sts-1_20250707_215452_232609.csv,True,False,False,1751925379.8232613,613881.8571567535
320068,1751924765.9415977,1751925288.891605,batch_consumer-sts-1_20250707_215452_232609.csv,True,False,False,1751925379.8232613,613881.6635608673
320078,1751924765.9418128,1751925288.9178944,batch_consumer-sts-1_20250707_215452_232609.csv,True,False,False,1751925379.8232613,613881.448507309
320088,1751924765.9422345,1751925288.947158,batch_consumer-sts-1_20250707_215452_232609.csv,True,False,False,1751925379.8232613,613881.0267448425
320098,1751924765.9424615,1751925288.9736965,batch_consumer-sts-1_20250707_215452_232609.csv,True,False,False,1751925379.8232613,613880.7997703552
320108,1751924765.9426856,1751925288.9994223,batch_consumer-sts-1_20250707_215452_232609.csv,True,False,False,1751925379.8232613,613880.5756568909
320118,1751924765.9429114,1751925289.025738,batch_consumer-sts-1_20250707_215452_232609.csv,True,False,False,1751925379.8232613,613880.3498744965
320128,1751924765.9431322,1751925289.052836,batch_consumer-sts-1_20250707_215452_232609.csv,True,False,False,1751925379.8232613,613880.1290988922
320138,1751924765.943355,1751925289.0788407,batch_consumer-sts-1_20250707_215452_232609.csv,True,False,False,1751925379.8232613,613879.9061775208
320148,1751924765.943582,1751925289.1059666,batch_consumer-sts-1_20250707_215452_232609.csv,True,False,False,1751925379.8232613,613879.6792030334
320158,1751924765.94381,1751925289.1329794,batch_consumer-sts-1_20250707_215452_232609.csv,True,False,False,1751925379.8232613,613879.4512748718
320168,1751924765.9440696,1751925289.1599555,batch_consumer-sts-1_20250707_215452_232609.csv,True,False,False,1751925379.8232613,613879.1916370392
320178,1751924765.944497,1751925289.1868844,batch_consumer-sts-1_20250707_215452_232609.csv,True,False,False,1751925379.8232613,613878.7641525269
320188,1751924765.944913,1751925289.2135077,batch_consumer-sts-1_20250707_215452_232609.csv,True,False,False,1751925379.8232613,613878.3483505249
320198,1751924765.9453323,1751925289.2403889,batch_consumer-sts-1_20250707_215452_232609.csv,True,False,False,1751925379.8232613,613877.9289722443
320208,1751924765.9457695,1751925289.2673323,batch_consumer-sts-1_20250707_215452_232609.csv,True,False,False,1751925379.8232613,613877.4917125702
320218,1751924765.9461954,1751925289.29378,batch_consumer-sts-1_20250707_215452_232609.csv,True,False,False,1751925379.8232613,613877.0658969879
320228,1751924765.9466088,1751925289.3197696,batch_consumer-sts-1_20250707_215452_232609.csv,True,False,False,1751925379.8232613,613876.6524791718
320238,1751924765.9470274,1751925289.3465283,batch_consumer-sts-1_20250707_215452_232609.csv,True,False,False,1751925379.8232613,613876.2338161469
320248,1751924765.9474475,1751925289.3728626,batch_consumer-sts-1_20250707_215452_232609.csv,True,False,False,1751925379.8232613,613875.8137226105
320258,1751924765.9478629,1751925289.399672,batch_consumer-sts-1_20250707_215452_232609.csv,True,False,False,1751925379.8232613,613875.3983974457
320268,1751924765.9482768,1751925289.4255986,batch_consumer-sts-1_20250707_215452_232609.csv,True,False,False,1751925379.8232613,613874.9845027924
320278,1751924765.948696,1751925289.4592755,batch_consumer-sts-1_20250707_215452_232609.csv,True,False,False,1751925379.8232613,613874.5653629303
320288,1751924765.9491153,1751925289.4885645,batch_consumer-sts-1_20250707_215452_232609.csv,True,False,False,1751925379.8232613,613874.1459846497
320298,1751924765.9495404,1751925289.5147257,batch_consumer-sts-1_20250707_215452_232609.csv,True,False,False,1751925379.8232613,613873.7208843231
320308,1751924765.9499476,1751925289.5432234,batch_consumer-sts-1_20250707_215452_232609.csv,True,False,False,1751925379.8232613,613873.31366539
320318,1751924765.9503906,1751925289.569812,batch_consumer-sts-1_20250707_215452_232609.csv,True,False,False,1751925379.8232613,613872.87068367
320328,1751924765.950825,1751925289.5965862,batch_consumer-sts-1_20250707_215452_232609.csv,True,False,False,1751925379.8232613,613872.4362850189
320338,1751924765.9512374,1751925289.6226993,batch_consumer-sts-1_20250707_215452_232609.csv,True,False,False,1751925379.8232613,613872.0238208771
320348,1751924765.9516528,1751925289.648648,batch_consumer-sts-1_20250707_215452_232609.csv,True,False,False,1751925379.8232613,613871.6084957123
320358,1751924765.951952,1751925289.675686,batch_consumer-sts-1_20250707_215452_232609.csv,True,False,False,1751925379.8232613,613871.3092803955
320368,1751924765.952191,1751925289.7025733,batch_consumer-sts-1_20250707_215452_232609.csv,True,False,False,1751925379.8232613,613871.0701465607
320378,1751924765.9524195,1751925289.7291682,batch_consumer-sts-1_20250707_215452_232609.csv,True,False,False,1751925379.8232613,613870.8417415619
320388,1751924765.9526546,1751925289.7559133,batch_consumer-sts-1_20250707_215452_232609.csv,True,False,False,1751925379.8232613,613870.6066608429
320398,1751924765.9529054,1751925289.782866,batch_consumer-sts-1_20250707_215452_232609.csv,True,False,False,1751925379.8232613,613870.3558444977
320408,1751924765.9531026,1751925289.8094108,batch_consumer-sts-1_20250707_215452_232609.csv,True,False,False,1751925379.8232613,613870.1586723328
320418,1751924765.9534795,1751925289.837174,batch_consumer-sts-1_20250707_215452_232609.csv,True,False,False,1751925379.8232613,613869.7817325592
321438,1751924765.993699,1751925289.8687055,batch_consumer-sts-1_20250707_215452_232609.csv,True,False,False,1751925379.8232613,613829.5621871948
321448,1751924765.9940598,1751925289.8948493,batch_consumer-sts-1_20250707_215452_232609.csv,True,False,False,1751925379.8232613,613829.2014598846
321458,1751924765.9944708,1751925289.921837,batch_consumer-sts-1_20250707_215452_232609.csv,True,False,False,1751925379.8232613,613828.7904262543
321468,1751924765.9949045,1751925289.94829,batch_consumer-sts-1_20250707_215452_232609.csv,True,False,False,1751925379.8232613,613828.3567428589
321478,1751924765.995334,1751925289.9753318,batch_consumer-sts-1_20250707_215452_232609.csv,True,False,False,1751925379.8232613,613827.9273509979
321488,1751924765.9956992,1751925290.0020337,batch_consumer-sts-1_20250707_215452_232609.csv,True,False,False,1751925379.8232613,613827.5620937347
321498,1751924765.996067,1751925290.0287588,batch_consumer-sts-1_20250707_215452_232609.csv,True,False,False,1751925379.8232613,613827.1942138672
321508,1751924765.9964964,1751925290.0563138,batch_consumer-sts-1_20250707_215452_232609.csv,True,False,False,1751925379.8232613,613826.7648220062
321518,1751924765.9969194,1751925290.0831895,batch_consumer-sts-1_20250707_215452_232609.csv,True,False,False,1751925379.8232613,613826.3418674469
321528,1751924765.9973416,1751925290.1096272,batch_consumer-sts-1_20250707_215452_232609.csv,True,False,False,1751925379.8232613,613825.9196281433
321538,1751924765.9977725,1751925291.1471272,batch_consumer-sts-1_20250707_215452_232609.csv,True,False,False,1751925379.8232613,613825.4888057709
321548,1751924765.998184,1751925291.1744697,batch_consumer-sts-1_20250707_215452_232609.csv,True,False,False,1751925379.8232613,613825.0772953033
321558,1751924765.9988396,1751925291.2013884,batch_consumer-sts-1_20250707_215452_232609.csv,True,False,False,1751925379.8232613,613824.4216442108
321568,1751924765.999902,1751925291.22827,batch_consumer-sts-1_20250707_215452_232609.csv,True,False,False,1751925379.8232613,613823.3592510223
321578,1751924766.0003233,1751925291.2557712,batch_consumer-sts-1_20250707_215452_232609.csv,True,False,False,1751925379.8232613,613822.9379653931
321588,1751924766.0007403,1751925291.2828343,batch_consumer-sts-1_20250707_215452_232609.csv,True,False,False,1751925379.8232613,613822.5209712982
321598,1751924766.0011442,1751925291.3087249,batch_consumer-sts-1_20250707_215452_232609.csv,True,False,False,1751925379.8232613,613822.1170902252
321608,1751924766.0015547,1751925291.335358,batch_consumer-sts-1_20250707_215452_232609.csv,True,False,False,1751925379.8232613,613821.706533432
321618,1751924766.0019033,1751925291.3624496,batch_consumer-sts-1_20250707_215452_232609.csv,True,False,False,1751925379.8232613,613821.3579654694
321628,1751924766.0021372,1751925291.3909922,batch_consumer-sts-1_20250707_215452_232609.csv,True,False,False,1751925379.8232613,613821.1240768433
321638,1751924766.0023906,1751925291.4175932,batch_consumer-sts-1_20250707_215452_232609.csv,True,False,False,1751925379.8232613,613820.8706378937
321648,1751924766.002629,1751925291.4498675,batch_consumer-sts-1_20250707_215452_232609.csv,True,False,False,1751925379.8232613,613820.6322193146
321658,1751924766.0028691,1751925291.4768782,batch_consumer-sts-1_20250707_215452_232609.csv,True,False,False,1751925379.8232613,613820.3921318054
321668,1751924766.0031078,1751925291.5040991,batch_consumer-sts-1_20250707_215452_232609.csv,True,False,False,1751925379.8232613,613820.1534748077
321678,1751924766.0033443,1751925291.5339367,batch_consumer-sts-1_20250707_215452_232609.csv,True,False,False,1751925379.8232613,613819.9169635773
321688,1751924766.0035727,1751925291.5605595,batch_consumer-sts-1_20250707_215452_232609.csv,True,False,False,1751925379.8232613,613819.6885585785
321698,1751924766.003811,1751925291.5873806,batch_consumer-sts-1_20250707_215452_232609.csv,True,False,False,1751925379.8232613,613819.450378418
321708,1751924766.0040371,1751925291.6139429,batch_consumer-sts-1_20250707_215452_232609.csv,True,False,False,1751925379.8232613,613819.2241191864
321718,1751924766.004268,1751925291.6406994,batch_consumer-sts-1_20250707_215452_232609.csv,True,False,False,1751925379.8232613,613818.9933300018
321728,1751924766.0045094,1751925291.6664534,batch_consumer-sts-1_20250707_215452_232609.csv,True,False,False,1751925379.8232613,613818.7518119812
321738,1751924766.00474,1751925291.6930785,batch_consumer-sts-1_20250707_215452_232609.csv,True,False,False,1751925379.8232613,613818.5212612152
321748,1751924766.004977,1751925291.719208,batch_consumer-sts-1_20250707_215452_232609.csv,True,False,False,1751925379.8232613,613818.2842731476
321758,1751924766.0052187,1751925291.7457983,batch_consumer-sts-1_20250707_215452_232609.csv,True,False,False,1751925379.8232613,613818.0425167084
321768,1751924766.0054488,1751925291.7726884,batch_consumer-sts-1_20250707_215452_232609.csv,True,False,False,1751925379.8232613,613817.8124427795
321778,1751924766.0056896,1751925291.799822,batch_consumer-sts-1_20250707_215452_232609.csv,True,False,False,1751925379.8232613,613817.5716400146
321788,1751924766.0059218,1751925291.8260255,batch_consumer-sts-1_20250707_215452_232609.csv,True,False,False,1751925379.8232613,613817.3394203186
321798,1751924766.0061665,1751925291.8538058,batch_consumer-sts-1_20250707_215452_232609.csv,True,False,False,1751925379.8232613,613817.0948028564
321808,1751924766.0063958,1751925291.875749,batch_consumer-sts-1_20250707_215452_232609.csv,True,False,False,1751925379.8232613,613816.8654441833
321818,1751924766.006635,1751925291.9022532,batch_consumer-sts-1_20250707_215452_232609.csv,True,False,False,1751925379.8232613,613816.6263103485
321828,1751924766.006873,1751925291.9290707,batch_consumer-sts-1_20250707_215452_232609.csv,True,False,False,1751925379.8232613,613816.3883686066
321838,1751924766.0071146,1751925291.9559991,batch_consumer-sts-1_20250707_215452_232609.csv,True,False,False,1751925379.8232613,613816.1466121674
321848,1751924766.007352,1751925291.982782,batch_consumer-sts-1_20250707_215452_232609.csv,True,False,False,1751925379.8232613,613815.9091472626
321858,1751924766.0075874,1751925292.0121946,batch_consumer-sts-1_20250707_215452_232609.csv,True,False,False,1751925379.8232613,613815.673828125
321868,1751924766.007814,1751925292.0386374,batch_consumer-sts-1_20250707_215452_232609.csv,True,False,False,1751925379.8232613,613815.4473304749
321878,1751924766.0080464,1751925292.0657048,batch_consumer-sts-1_20250707_215452_232609.csv,True,False,False,1751925379.8232613,613815.2148723602
321888,1751924766.0082874,1751925292.0914376,batch_consumer-sts-1_20250707_215452_232609.csv,True,False,False,1751925379.8232613,613814.9738311768
321898,1751924766.0085323,1751925292.1175876,batch_consumer-sts-1_20250707_215452_232609.csv,True,False,False,1751925379.8232613,613814.728975296
321908,1751924766.008787,1751925292.1441634,batch_consumer-sts-1_20250707_215452_232609.csv,True,False,False,1751925379.8232613,613814.4743442535
321918,1751924766.008977,1751925292.174526,batch_consumer-sts-1_20250707_215452_232609.csv,True,False,False,1751925379.8232613,613814.284324646
321928,1751924766.009164,1751925292.2045245,batch_consumer-sts-1_20250707_215452_232609.csv,True,False,False,1751925379.8232613,613814.0971660614
321938,1751924766.0093548,1751925292.5161154,batch_consumer-sts-1_20250707_215511_028072.csv,True,False,False,1751925379.8232613,613813.9064311981
321948,1751924766.009536,1751925292.5459971,batch_consumer-sts-1_20250707_215511_028072.csv,True,False,False,1751925379.8232613,613813.725233078
321958,1751924766.00973,1751925292.5725615,batch_consumer-sts-1_20250707_215511_028072.csv,True,False,False,1751925379.8232613,613813.5311603546
321968,1751924766.0099208,1751925292.5994878,batch_consumer-sts-1_20250707_215511_028072.csv,True,False,False,1751925379.8232613,613813.3404254913
321978,1751924766.010103,1751925292.6275213,batch_consumer-sts-1_20250707_215511_028072.csv,True,False,False,1751925379.8232613,613813.1582736969
321988,1751924766.0103607,1751925292.6543715,batch_consumer-sts-1_20250707_215511_028072.csv,True,False,False,1751925379.8232613,613812.9005432129
321998,1751924766.0106008,1751925292.6806006,batch_consumer-sts-1_20250707_215511_028072.csv,True,False,False,1751925379.8232613,613812.6604557037
322008,1751924766.0108345,1751925292.7072418,batch_consumer-sts-1_20250707_215511_028072.csv,True,False,False,1751925379.8232613,613812.4268054962
322018,1751924766.011067,1751925292.7338803,batch_consumer-sts-1_20250707_215511_028072.csv,True,False,False,1751925379.8232613,613812.1943473816
322028,1751924766.0113027,1751925292.8432205,batch_consumer-sts-1_20250707_215511_028072.csv,True,False,False,1751925379.8232613,613811.9585514069
322038,1751924766.0115466,1751925292.8697245,batch_consumer-sts-1_20250707_215511_028072.csv,True,False,False,1751925379.8232613,613811.7146492004
322048,1751924766.0117848,1751925292.8963108,batch_consumer-sts-1_20250707_215511_028072.csv,True,False,False,1751925379.8232613,613811.4764690399
322058,1751924766.0120258,1751925292.9222376,batch_consumer-sts-1_20250707_215511_028072.csv,True,False,False,1751925379.8232613,613811.2354278564
322068,1751924766.0122542,1751925292.9488978,batch_consumer-sts-1_20250707_215511_028072.csv,True,False,False,1751925379.8232613,613811.0070228577
322078,1751924766.0124953,1751925292.9755523,batch_consumer-sts-1_20250707_215511_028072.csv,True,False,False,1751925379.8232613,613810.7659816742
322088,1751924766.0127332,1751925293.003225,batch_consumer-sts-1_20250707_215511_028072.csv,True,False,False,1751925379.8232613,613810.5280399323
322098,1751924766.0129702,1751925293.0292945,batch_consumer-sts-1_20250707_215511_028072.csv,True,False,False,1751925379.8232613,613810.2910518646
322108,1751924766.0132096,1751925293.058923,batch_consumer-sts-1_20250707_215511_028072.csv,True,False,False,1751925379.8232613,613810.0516796112
322118,1751924766.013451,1751925293.0856898,batch_consumer-sts-1_20250707_215511_028072.csv,True,False,False,1751925379.8232613,613809.8101615906
322128,1751924766.0136852,1751925293.1127608,batch_consumer-sts-1_20250707_215511_028072.csv,True,False,False,1751925379.8232613,613809.5760345459
322138,1751924766.013921,1751925293.1411262,batch_consumer-sts-1_20250707_215511_028072.csv,True,False,False,1751925379.8232613,613809.3402385712
322148,1751924766.014176,1751925293.1680062,batch_consumer-sts-1_20250707_215511_028072.csv,True,False,False,1751925379.8232613,613809.0853691101
322158,1751924766.0144167,1751925293.1953986,batch_consumer-sts-1_20250707_215511_028072.csv,True,False,False,1751925379.8232613,613808.8445663452
322168,1751924766.0146472,1751925293.2220187,batch_consumer-sts-1_20250707_215511_028072.csv,True,False,False,1751925379.8232613,613808.6140155792
322178,1751924766.0148818,1751925293.249559,batch_consumer-sts-1_20250707_215511_028072.csv,True,False,False,1751925379.8232613,613808.3794116974
322188,1751924766.015108,1751925293.315525,batch_consumer-sts-1_20250707_215511_028072.csv,True,False,False,1751925379.8232613,613808.1531524658
322198,1751924766.015347,1751925293.3421292,batch_consumer-sts-1_20250707_215511_028072.csv,True,False,False,1751925379.8232613,613807.9142570496
322208,1751924766.0155811,1751925293.36916,batch_consumer-sts-1_20250707_215511_028072.csv,True,False,False,1751925379.8232613,613807.6801300049
322218,1751924766.0158231,1751925293.3965957,batch_consumer-sts-1_20250707_215511_028072.csv,True,False,False,1751925379.8232613,613807.4381351471
322228,1751924766.016329,1751925293.4230876,batch_consumer-sts-1_20250707_215511_028072.csv,True,False,False,1751925379.8232613,613806.9322109222
322238,1751924766.016572,1751925293.45013,batch_consumer-sts-1_20250707_215511_028072.csv,True,False,False,1751925379.8232613,613806.6892623901
322248,1751924766.016816,1751925293.4773586,batch_consumer-sts-1_20250707_215511_028072.csv,True,False,False,1751925379.8232613,613806.4453601837
322258,1751924766.0170572,1751925293.5039694,batch_consumer-sts-1_20250707_215511_028072.csv,True,False,False,1751925379.8232613,613806.2040805817
322268,1751924766.0172982,1751925294.085894,batch_consumer-sts-1_20250707_215511_028072.csv,True,False,False,1751925379.8232613,613805.9630393982
322278,1751924766.0175354,1751925294.1123466,batch_consumer-sts-1_20250707_215511_028072.csv,True,False,False,1751925379.8232613,613805.725812912
322288,1751924766.0177824,1751925294.1390724,batch_consumer-sts-1_20250707_215511_028072.csv,True,False,False,1751925379.8232613,613805.478811264
322298,1751924766.0180254,1751925294.1712236,batch_consumer-sts-1_20250707_215511_028072.csv,True,False,False,1751925379.8232613,613805.2358627319
322308,1751924766.0182743,1751925294.1988668,batch_consumer-sts-1_20250707_215511_028072.csv,True,False,False,1751925379.8232613,613804.9869537354
322318,1751924766.0186644,1751925294.2258923,batch_consumer-sts-1_20250707_215511_028072.csv,True,False,False,1751925379.8232613,613804.5969009399
322328,1751924766.019036,1751925294.2526474,batch_consumer-sts-1_20250707_215511_028072.csv,True,False,False,1751925379.8232613,613804.2252063751
322338,1751924766.0194058,1751925294.2787468,batch_consumer-sts-1_20250707_215511_028072.csv,True,False,False,1751925379.8232613,613803.8554191589
322348,1751924766.0197706,1751925294.3047936,batch_consumer-sts-1_20250707_215511_028072.csv,True,False,False,1751925379.8232613,613803.4906387329
322358,1751924766.0200052,1751925294.3322666,batch_consumer-sts-1_20250707_215511_028072.csv,True,False,False,1751925379.8232613,613803.2560348511
322368,1751924766.0202308,1751925294.3593166,batch_consumer-sts-1_20250707_215511_028072.csv,True,False,False,1751925379.8232613,613803.0304908752
322378,1751924766.0204642,1751925294.386117,batch_consumer-sts-1_20250707_215511_028072.csv,True,False,False,1751925379.8232613,613802.7970790863
322388,1751924766.0206935,1751925294.4128892,batch_consumer-sts-1_20250707_215511_028072.csv,True,False,False,1751925379.8232613,613802.5677204132
322398,1751924766.0209236,1751925294.4395752,batch_consumer-sts-1_20250707_215511_028072.csv,True,False,False,1751925379.8232613,613802.3376464844
322408,1751924766.0211542,1751925294.4726686,batch_consumer-sts-1_20250707_215511_028072.csv,True,False,False,1751925379.8232613,613802.1070957184
322418,1751924766.0213883,1751925294.4987338,batch_consumer-sts-1_20250707_215511_028072.csv,True,False,False,1751925379.8232613,613801.8729686737
322428,1751924766.021625,1751925294.5256069,batch_consumer-sts-1_20250707_215511_028072.csv,True,False,False,1751925379.8232613,613801.6362190247
322438,1751924766.0218568,1751925294.5518262,batch_consumer-sts-1_20250707_215511_028072.csv,True,False,False,1751925379.8232613,613801.4044761658
322448,1751924766.0220883,1751925294.579038,batch_consumer-sts-1_20250707_215511_028072.csv,True,False,False,1751925379.8232613,613801.1729717255
322458,1751924766.0223374,1751925294.606238,batch_consumer-sts-1_20250707_215511_028072.csv,True,False,False,1751925379.8232613,613800.9238243103
322468,1751924766.0225718,1751925294.6333237,batch_consumer-sts-1_20250707_215511_028072.csv,True,False,False,1751925379.8232613,613800.689458847
322478,1751924766.0228105,1751925294.6602726,batch_consumer-sts-1_20250707_215511_028072.csv,True,False,False,1751925379.8232613,613800.4508018494
322488,1751924766.0230412,1751925294.6868098,batch_consumer-sts-1_20250707_215511_028072.csv,True,False,False,1751925379.8232613,613800.2200126648
322498,1751924766.0232794,1751925294.7128518,batch_consumer-sts-1_20250707_215511_028072.csv,True,False,False,1751925379.8232613,613799.9818325043
322508,1751924766.0235102,1751925294.7391112,batch_consumer-sts-1_20250707_215511_028072.csv,True,False,False,1751925379.8232613,613799.7510433197
322518,1751924766.0237455,1751925294.7657752,batch_consumer-sts-1_20250707_215511_028072.csv,True,False,False,1751925379.8232613,613799.5157241821
322528,1751924766.0239737,1751925294.7924042,batch_consumer-sts-1_20250707_215511_028072.csv,True,False,False,1751925379.8232613,613799.2875576019
322538,1751924766.0242083,1751925294.8185723,batch_consumer-sts-1_20250707_215511_028072.csv,True,False,False,1751925379.8232613,613799.0529537201
322548,1751924766.0244482,1751925294.8455813,batch_consumer-sts-1_20250707_215511_028072.csv,True,False,False,1751925379.8232613,613798.8131046295
322558,1751924766.0246844,1751925294.8721452,batch_consumer-sts-1_20250707_215511_028072.csv,True,False,False,1751925379.8232613,613798.5768318176
322568,1751924766.024923,1751925294.8989024,batch_consumer-sts-1_20250707_215511_028072.csv,True,False,False,1751925379.8232613,613798.33817482
322578,1751924766.025154,1751925294.925372,batch_consumer-sts-1_20250707_215511_028072.csv,True,False,False,1751925379.8232613,613798.1071472168
322588,1751924766.0253794,1751925294.952228,batch_consumer-sts-1_20250707_215511_028072.csv,True,False,False,1751925379.8232613,613797.8818416595
322598,1751924766.0255704,1751925294.979462,batch_consumer-sts-1_20250707_215511_028072.csv,True,False,False,1751925379.8232613,613797.6908683777
322608,1751924766.0257587,1751925295.0059032,batch_consumer-sts-1_20250707_215511_028072.csv,True,False,False,1751925379.8232613,613797.5025177002
322618,1751924766.0259497,1751925295.0326262,batch_consumer-sts-1_20250707_215511_028072.csv,True,False,False,1751925379.8232613,613797.3115444183
322628,1751924766.0261335,1751925295.0594423,batch_consumer-sts-1_20250707_215511_028072.csv,True,False,False,1751925379.8232613,613797.1277236938
322638,1751924766.0263948,1751925295.0889046,batch_consumer-sts-1_20250707_215511_028072.csv,True,False,False,1751925379.8232613,613796.8664169312
322648,1751924766.0266292,1751925295.1153877,batch_consumer-sts-1_20250707_215511_028072.csv,True,False,False,1751925379.8232613,613796.6320514679
322658,1751924766.0268917,1751925295.1419077,batch_consumer-sts-1_20250707_215511_028072.csv,True,False,False,1751925379.8232613,613796.3695526123
322668,1751924766.0272992,1751925295.168416,batch_consumer-sts-1_20250707_215511_028072.csv,True,False,False,1751925379.8232613,613795.9620952606
322678,1751924766.0277128,1751925295.195476,batch_consumer-sts-1_20250707_215511_028072.csv,True,False,False,1751925379.8232613,613795.5484390259
322688,1751924766.0281253,1751925295.2215338,batch_consumer-sts-1_20250707_215511_028072.csv,True,False,False,1751925379.8232613,613795.135974884
322698,1751924766.028539,1751925295.248423,batch_consumer-sts-1_20250707_215511_028072.csv,True,False,False,1751925379.8232613,613794.7223186493
322708,1751924766.0289624,1751925295.2753594,batch_consumer-sts-1_20250707_215511_028072.csv,True,False,False,1751925379.8232613,613794.2988872528
322718,1751924766.0293837,1751925295.302169,batch_consumer-sts-1_20250707_215511_028072.csv,True,False,False,1751925379.8232613,613793.8776016235
322728,1751924766.0298057,1751925295.3288884,batch_consumer-sts-1_20250707_215511_028072.csv,True,False,False,1751925379.8232613,613793.4556007385
322738,1751924766.030217,1751925296.358436,batch_consumer-sts-1_20250707_215511_028072.csv,True,False,False,1751925379.8232613,613793.0443286896
322748,1751924766.0306296,1751925296.3853345,batch_consumer-sts-1_20250707_215511_028072.csv,True,False,False,1751925379.8232613,613792.6316261292
322758,1751924766.0310397,1751925296.411897,batch_consumer-sts-1_20250707_215511_028072.csv,True,False,False,1751925379.8232613,613792.2215461731
322768,1751924766.0314636,1751925296.437908,batch_consumer-sts-1_20250707_215511_028072.csv,True,False,False,1751925379.8232613,613791.7976379395
322778,1751924766.031882,1751925296.4651847,batch_consumer-sts-1_20250707_215511_028072.csv,True,False,False,1751925379.8232613,613791.3792133331
322788,1751924766.032299,1751925296.4920564,batch_consumer-sts-1_20250707_215511_028072.csv,True,False,False,1751925379.8232613,613790.9622192383
322798,1751924766.0327256,1751925296.5188794,batch_consumer-sts-1_20250707_215511_028072.csv,True,False,False,1751925379.8232613,613790.5356884003
322808,1751924766.033132,1751925296.545575,batch_consumer-sts-1_20250707_215511_028072.csv,True,False,False,1751925379.8232613,613790.1291847229
322818,1751924766.0335414,1751925296.5728784,batch_consumer-sts-1_20250707_215511_028072.csv,True,False,False,1751925379.8232613,613789.7198200226
326368,1751924766.1549094,1751925296.5993347,batch_consumer-sts-1_20250707_215511_028072.csv,True,False,False,1751925379.8232613,613668.3518886566
326378,1751924766.1551497,1751925296.6256683,batch_consumer-sts-1_20250707_215511_028072.csv,True,False,False,1751925379.8232613,613668.1115627289
326388,1751924766.1553817,1751925296.653147,batch_consumer-sts-1_20250707_215511_028072.csv,True,False,False,1751925379.8232613,613667.8795814514
326398,1751924766.155615,1751925296.6761253,batch_consumer-sts-1_20250707_215511_028072.csv,True,False,False,1751925379.8232613,613667.6461696625
326408,1751924766.155806,1751925296.703462,batch_consumer-sts-1_20250707_215511_028072.csv,True,False,False,1751925379.8232613,613667.4551963806
326418,1751924766.1559963,1751925296.7302785,batch_consumer-sts-1_20250707_215511_028072.csv,True,False,False,1751925379.8232613,613667.2649383545
326428,1751924766.1561906,1751925296.757013,batch_consumer-sts-1_20250707_215511_028072.csv,True,False,False,1751925379.8232613,613667.0706272125
326438,1751924766.156387,1751925296.783975,batch_consumer-sts-1_20250707_215511_028072.csv,True,False,False,1751925379.8232613,613666.8741703033
326448,1751924766.1565747,1751925296.810345,batch_consumer-sts-1_20250707_215511_028072.csv,True,False,False,1751925379.8232613,613666.6865348816
326458,1751924766.1567922,1751925296.8371189,batch_consumer-sts-1_20250707_215511_028072.csv,True,False,False,1751925379.8232613,613666.4690971375
326468,1751924766.1570427,1751925296.864626,batch_consumer-sts-1_20250707_215511_028072.csv,True,False,False,1751925379.8232613,613666.2185192108
326478,1751924766.1572795,1751925296.8912568,batch_consumer-sts-1_20250707_215511_028072.csv,True,False,False,1751925379.8232613,613665.9817695618
326488,1751924766.1575246,1751925296.9175122,batch_consumer-sts-1_20250707_215511_028072.csv,True,False,False,1751925379.8232613,613665.7366752625
326498,1751924766.1577644,1751925296.944454,batch_consumer-sts-1_20250707_215511_028072.csv,True,False,False,1751925379.8232613,613665.4968261719
326508,1751924766.158003,1751925296.971578,batch_consumer-sts-1_20250707_215511_028072.csv,True,False,False,1751925379.8232613,613665.2581691742
326518,1751924766.1582503,1751925296.9987197,batch_consumer-sts-1_20250707_215511_028072.csv,True,False,False,1751925379.8232613,613665.0109291077
326528,1751924766.1584823,1751925297.0257494,batch_consumer-sts-1_20250707_215511_028072.csv,True,False,False,1751925379.8232613,613664.7789478302
326538,1751924766.1587176,1751925297.0523784,batch_consumer-sts-1_20250707_215511_028072.csv,True,False,False,1751925379.8232613,613664.5436286926
326548,1751924766.159151,1751925297.079418,batch_consumer-sts-1_20250707_215511_028072.csv,True,False,False,1751925379.8232613,613664.1101837158
326558,1751924766.159384,1751925297.1070385,batch_consumer-sts-1_20250707_215511_028072.csv,True,False,False,1751925379.8232613,613663.877248764
326568,1751924766.1596076,1751925297.1340978,batch_consumer-sts-1_20250707_215511_028072.csv,True,False,False,1751925379.8232613,613663.6536121368
326578,1751924766.159831,1751925297.1611035,batch_consumer-sts-1_20250707_215511_028072.csv,True,False,False,1751925379.8232613,613663.4302139282
326588,1751924766.1600597,1751925297.1876695,batch_consumer-sts-1_20250707_215511_028072.csv,True,False,False,1751925379.8232613,613663.2015705109
326598,1751924766.1602848,1751925297.214151,batch_consumer-sts-1_20250707_215511_028072.csv,True,False,False,1751925379.8232613,613662.9765033722
326608,1751924766.1605096,1751925297.2407317,batch_consumer-sts-1_20250707_215511_028072.csv,True,False,False,1751925379.8232613,613662.7516746521
326618,1751924766.1607327,1751925297.2675674,batch_consumer-sts-1_20250707_215511_028072.csv,True,False,False,1751925379.8232613,613662.5285148621
326628,1751924766.1609614,1751925297.2943077,batch_consumer-sts-1_20250707_215511_028072.csv,True,False,False,1751925379.8232613,613662.2998714447
326638,1751924766.1611934,1751925297.3207738,batch_consumer-sts-1_20250707_215511_028072.csv,True,False,False,1751925379.8232613,613662.0678901672
326648,1751924766.161434,1751925297.3466074,batch_consumer-sts-1_20250707_215511_028072.csv,True,False,False,1751925379.8232613,613661.8273258209
326658,1751924766.1616757,1751925297.3734689,batch_consumer-sts-1_20250707_215511_028072.csv,True,False,False,1751925379.8232613,613661.5855693817
326668,1751924766.1619072,1751925297.400185,batch_consumer-sts-1_20250707_215511_028072.csv,True,False,False,1751925379.8232613,613661.3540649414
326678,1751924766.1621437,1751925297.4279177,batch_consumer-sts-1_20250707_215511_028072.csv,True,False,False,1751925379.8232613,613661.1175537109
326688,1751924766.1625469,1751925297.454744,batch_consumer-sts-1_20250707_215511_028072.csv,True,False,False,1751925379.8232613,613660.7143878937
326698,1751924766.1627736,1751925297.4818306,batch_consumer-sts-1_20250707_215511_028072.csv,True,False,False,1751925379.8232613,613660.487651825
326708,1751924766.1642528,1751925297.5092912,batch_consumer-sts-1_20250707_215511_028072.csv,True,False,False,1751925379.8232613,613659.0085029602
326718,1751924766.1644886,1751925297.5363688,batch_consumer-sts-1_20250707_215511_028072.csv,True,False,False,1751925379.8232613,613658.7727069855
326728,1751924766.1647162,1751925297.5636482,batch_consumer-sts-1_20250707_215511_028072.csv,True,False,False,1751925379.8232613,613658.5450172424
326738,1751924766.16494,1751925297.5909877,batch_consumer-sts-1_20250707_215511_028072.csv,True,False,False,1751925379.8232613,613658.3211421967
326748,1751924766.1651728,1751925297.6172752,batch_consumer-sts-1_20250707_215511_028072.csv,True,False,False,1751925379.8232613,613658.0884456635
326758,1751924766.1653976,1751925297.6467943,batch_consumer-sts-1_20250707_215511_028072.csv,True,False,False,1751925379.8232613,613657.8636169434
326768,1751924766.1656258,1751925297.6742609,batch_consumer-sts-1_20250707_215511_028072.csv,True,False,False,1751925379.8232613,613657.6354503632
326778,1751924766.1658545,1751925297.7014818,batch_consumer-sts-1_20250707_215511_028072.csv,True,False,False,1751925379.8232613,613657.4068069458
326788,1751924766.1660805,1751925297.7291973,batch_consumer-sts-1_20250707_215511_028072.csv,True,False,False,1751925379.8232613,613657.1807861328
326798,1751924766.1663277,1751925297.7567718,batch_consumer-sts-1_20250707_215511_028072.csv,True,False,False,1751925379.8232613,613656.9335460663
326808,1751924766.166553,1751925297.784091,batch_consumer-sts-1_20250707_215511_028072.csv,True,False,False,1751925379.8232613,613656.708240509
326818,1751924766.1667812,1751925297.8107731,batch_consumer-sts-1_20250707_215511_028072.csv,True,False,False,1751925379.8232613,613656.4800739288
326828,1751924766.1670177,1751925297.8389182,batch_consumer-sts-1_20250707_215511_028072.csv,True,False,False,1751925379.8232613,613656.2435626984
326838,1751924766.1672518,1751925297.8657298,batch_consumer-sts-1_20250707_215511_028072.csv,True,False,False,1751925379.8232613,613656.0094356537
326848,1751924766.1674886,1751925297.9253788,batch_consumer-sts-1_20250707_215511_028072.csv,True,False,False,1751925379.8232613,613655.7726860046
326858,1751924766.1677313,1751925297.952421,batch_consumer-sts-1_20250707_215511_028072.csv,True,False,False,1751925379.8232613,613655.5299758911
326868,1751924766.1679585,1751925297.979156,batch_consumer-sts-1_20250707_215511_028072.csv,True,False,False,1751925379.8232613,613655.3027629852
326878,1751924766.168154,1751925298.005773,batch_consumer-sts-1_20250707_215511_028072.csv,True,False,False,1751925379.8232613,613655.1072597504
326888,1751924766.1683595,1751925298.037377,batch_consumer-sts-1_20250707_215511_028072.csv,True,False,False,1751925379.8232613,613654.9017429352
326898,1751924766.168536,1751925298.064034,batch_consumer-sts-1_20250707_215511_028072.csv,True,False,False,1751925379.8232613,613654.7253131866
326908,1751924766.1687477,1751925298.0905287,batch_consumer-sts-1_20250707_215511_028072.csv,True,False,False,1751925379.8232613,613654.5135974884
326918,1751924766.168941,1751925298.1172786,batch_consumer-sts-1_20250707_215511_028072.csv,True,False,False,1751925379.8232613,613654.3202400208
326928,1751924766.169133,1751925298.1437912,batch_consumer-sts-1_20250707_215511_028072.csv,True,False,False,1751925379.8232613,613654.1283130646
326938,1751924766.1693316,1751925298.1710153,batch_consumer-sts-1_20250707_215511_028072.csv,True,False,False,1751925379.8232613,613653.9297103882
326948,1751924766.169525,1751925298.1979,batch_consumer-sts-1_20250707_215511_028072.csv,True,False,False,1751925379.8232613,613653.7363529205
326958,1751924766.1697245,1751925298.2272153,batch_consumer-sts-1_20250707_215511_028072.csv,True,False,False,1751925379.8232613,613653.5367965698
326968,1751924766.1699924,1751925298.2542536,batch_consumer-sts-1_20250707_215511_028072.csv,True,False,False,1751925379.8232613,613653.2688140869
326978,1751924766.1702344,1751925298.2810156,batch_consumer-sts-1_20250707_215511_028072.csv,True,False,False,1751925379.8232613,613653.0268192291
326988,1751924766.170476,1751925298.307835,batch_consumer-sts-1_20250707_215511_028072.csv,True,False,False,1751925379.8232613,613652.7853012085
326998,1751924766.170705,1751925298.3359487,batch_consumer-sts-1_20250707_215511_028072.csv,True,False,False,1751925379.8232613,613652.556180954
327008,1751924766.1709323,1751925298.3627305,batch_consumer-sts-1_20250707_215511_028072.csv,True,False,False,1751925379.8232613,613652.3289680481
327018,1751924766.1711674,1751925298.4370763,batch_consumer-sts-1_20250707_215511_028072.csv,True,False,False,1751925379.8232613,613652.0938873291
327028,1751924766.1714034,1751925298.4642391,batch_consumer-sts-1_20250707_215511_028072.csv,True,False,False,1751925379.8232613,613651.8578529358
327038,1751924766.1716335,1751925298.9400697,batch_consumer-sts-1_20250707_215511_028072.csv,True,False,False,1751925379.8232613,613651.627779007
327048,1751924766.171868,1751925298.9673605,batch_consumer-sts-1_20250707_215511_028072.csv,True,False,False,1751925379.8232613,613651.3931751251
327058,1751924766.1720994,1751925298.9944954,batch_consumer-sts-1_20250707_215511_028072.csv,True,False,False,1751925379.8232613,613651.1619091034
327068,1751924766.1723344,1751925299.0208218,batch_consumer-sts-1_20250707_215511_028072.csv,True,False,False,1751925379.8232613,613650.9268283844
327078,1751924766.1725705,1751925299.0483277,batch_consumer-sts-1_20250707_215511_028072.csv,True,False,False,1751925379.8232613,613650.6907939911
327088,1751924766.1733975,1751925299.0794008,batch_consumer-sts-1_20250707_215511_028072.csv,True,False,False,1751925379.8232613,613649.8637199402
327098,1751924766.173906,1751925299.1069474,batch_consumer-sts-1_20250707_215511_028072.csv,True,False,False,1751925379.8232613,613649.355173111
327108,1751924766.1744423,1751925299.1345253,batch_consumer-sts-1_20250707_215511_028072.csv,True,False,False,1751925379.8232613,613648.8189697266
327118,1751924766.1749568,1751925299.16159,batch_consumer-sts-1_20250707_215511_028072.csv,True,False,False,1751925379.8232613,613648.3044624329
327128,1751924766.175351,1751925299.1897006,batch_consumer-sts-1_20250707_215511_028072.csv,True,False,False,1751925379.8232613,613647.9103565216
327138,1751924766.1755872,1751925299.2158062,batch_consumer-sts-1_20250707_215511_028072.csv,True,False,False,1751925379.8232613,613647.6740837097
327148,1751924766.17582,1751925299.241545,batch_consumer-sts-1_20250707_215511_028072.csv,True,False,False,1751925379.8232613,613647.4411487579
327158,1751924766.176051,1751925299.2687378,batch_consumer-sts-1_20250707_215511_028072.csv,True,False,False,1751925379.8232613,613647.2103595734
327168,1751924766.176278,1751925299.2955942,batch_consumer-sts-1_20250707_215511_028072.csv,True,False,False,1751925379.8232613,613646.9831466675
327178,1751924766.176511,1751925299.3242512,batch_consumer-sts-1_20250707_215511_028072.csv,True,False,False,1751925379.8232613,613646.7502117157
327188,1751924766.1767504,1751925299.3512013,batch_consumer-sts-1_20250707_215511_028072.csv,True,False,False,1751925379.8232613,613646.5108394623
327198,1751924766.1769865,1751925299.3779085,batch_consumer-sts-1_20250707_215511_028072.csv,True,False,False,1751925379.8232613,613646.274805069
327208,1751924766.17722,1751925299.4055457,batch_consumer-sts-1_20250707_215511_028072.csv,True,False,False,1751925379.8232613,613646.0411548615
327218,1751924766.1774478,1751925299.4356923,batch_consumer-sts-1_20250707_215511_028072.csv,True,False,False,1751925379.8232613,613645.8134651184
327228,1751924766.1776838,1751925299.4624405,batch_consumer-sts-1_20250707_215511_028072.csv,True,False,False,1751925379.8232613,613645.5774307251
327238,1751924766.1779208,1751925299.4891486,batch_consumer-sts-1_20250707_215511_028072.csv,True,False,False,1751925379.8232613,613645.3404426575
327248,1751924766.1781647,1751925299.516326,batch_consumer-sts-1_20250707_215511_028072.csv,True,False,False,1751925379.8232613,613645.096540451
327258,1751924766.178402,1751925299.5435903,batch_consumer-sts-1_20250707_215511_028072.csv,True,False,False,1751925379.8232613,613644.8593139648
327268,1751924766.17864,1751925299.570306,batch_consumer-sts-1_20250707_215511_028072.csv,True,False,False,1751925379.8232613,613644.6213722229
327278,1751924766.1788735,1751925299.596809,batch_consumer-sts-1_20250707_215511_028072.csv,True,False,False,1751925379.8232613,613644.3877220154
327288,1751924766.1791043,1751925299.6228878,batch_consumer-sts-1_20250707_215511_028072.csv,True,False,False,1751925379.8232613,613644.1569328308
327298,1751924766.1793375,1751925299.6500208,batch_consumer-sts-1_20250707_215511_028072.csv,True,False,False,1751925379.8232613,613643.9237594604
327308,1751924766.1807806,1751925299.676615,batch_consumer-sts-1_20250707_215511_028072.csv,True,False,False,1751925379.8232613,613642.4806118011
327318,1751924766.1810255,1751925299.703236,batch_consumer-sts-1_20250707_215511_028072.csv,True,False,False,1751925379.8232613,613642.2357559204
327328,1751924766.1812563,1751925299.7295897,batch_consumer-sts-1_20250707_215511_028072.csv,True,False,False,1751925379.8232613,613642.0049667358
327338,1751924766.1814797,1751925299.756207,batch_consumer-sts-1_20250707_215511_028072.csv,True,False,False,1751925379.8232613,613641.7815685272
327348,1751924766.1816728,1751925299.782971,batch_consumer-sts-1_20250707_215511_028072.csv,True,False,False,1751925379.8232613,613641.5884494781
327358,1751924766.1818664,1751925299.8094792,batch_consumer-sts-1_20250707_215511_028072.csv,True,False,False,1751925379.8232613,613641.3948535919
327368,1751924766.1820517,1751925299.8369217,batch_consumer-sts-1_20250707_215511_028072.csv,True,False,False,1751925379.8232613,613641.209602356
327378,1751924766.1823294,1751925299.863525,batch_consumer-sts-1_20250707_215511_028072.csv,True,False,False,1751925379.8232613,613640.9318447113
327388,1751924766.1825614,1751925299.8903437,batch_consumer-sts-1_20250707_215511_028072.csv,True,False,False,1751925379.8232613,613640.6998634338
327398,1751924766.182796,1751925299.916735,batch_consumer-sts-1_20250707_215511_028072.csv,True,False,False,1751925379.8232613,613640.465259552
327408,1751924766.1851273,1751925299.9433742,batch_consumer-sts-1_20250707_215511_028072.csv,True,False,False,1751925379.8232613,613638.1340026855
327418,1751924766.185362,1751925299.970323,batch_consumer-sts-1_20250707_215511_028072.csv,True,False,False,1751925379.8232613,613637.8991603851
327428,1751924766.185589,1751925299.9968832,batch_consumer-sts-1_20250707_215511_028072.csv,True,False,False,1751925379.8232613,613637.6721858978
327438,1751924766.1858263,1751925300.023328,batch_consumer-sts-1_20250707_215511_028072.csv,True,False,False,1751925379.8232613,613637.4349594116
327448,1751924766.1860569,1751925300.0505278,batch_consumer-sts-1_20250707_215511_028072.csv,True,False,False,1751925379.8232613,613637.2044086456
327458,1751924766.1863132,1751925300.0773358,batch_consumer-sts-1_20250707_215511_028072.csv,True,False,False,1751925379.8232613,613636.9481086731
327468,1751924766.1865442,1751925300.104666,batch_consumer-sts-1_20250707_215511_028072.csv,True,False,False,1751925379.8232613,613636.71708107
327478,1751924766.1867783,1751925300.1335654,batch_consumer-sts-1_20250707_215511_028072.csv,True,False,False,1751925379.8232613,613636.4829540253
327488,1751924766.187013,1751925300.1610882,batch_consumer-sts-1_20250707_215511_028072.csv,True,False,False,1751925379.8232613,613636.2483501434
327498,1751924766.1872392,1751925300.188026,batch_consumer-sts-1_20250707_215511_028072.csv,True,False,False,1751925379.8232613,613636.0220909119
327508,1751924766.187474,1751925300.2144866,batch_consumer-sts-1_20250707_215511_028072.csv,True,False,False,1751925379.8232613,613635.7872486115
327518,1751924766.187705,1751925300.2435553,batch_consumer-sts-1_20250707_215511_028072.csv,True,False,False,1751925379.8232613,613635.5562210083
327528,1751924766.1879408,1751925300.2704844,batch_consumer-sts-1_20250707_215511_028072.csv,True,False,False,1751925379.8232613,613635.3204250336
327538,1751924766.1881754,1751925300.2974489,batch_consumer-sts-1_20250707_215511_028072.csv,True,False,False,1751925379.8232613,613635.0858211517
327548,1751924766.1884155,1751925300.3269062,batch_consumer-sts-1_20250707_215511_028072.csv,True,False,False,1751925379.8232613,613634.8457336426
327558,1751924766.1886437,1751925300.3538427,batch_consumer-sts-1_20250707_215511_028072.csv,True,False,False,1751925379.8232613,613634.6175670624
327568,1751924766.1888812,1751925300.3810058,batch_consumer-sts-1_20250707_215511_028072.csv,True,False,False,1751925379.8232613,613634.3801021576
327578,1751924766.189114,1751925300.408241,batch_consumer-sts-1_20250707_215511_028072.csv,True,False,False,1751925379.8232613,613634.1471672058
327588,1751924766.18935,1751925300.4348896,batch_consumer-sts-1_20250707_215511_028072.csv,True,False,False,1751925379.8232613,613633.9113712311
327598,1751924766.189591,1751925300.4618795,batch_consumer-sts-1_20250707_215511_028072.csv,True,False,False,1751925379.8232613,613633.6703300476
327608,1751924766.1898224,1751925300.4889207,batch_consumer-sts-1_20250707_215511_028072.csv,True,False,False,1751925379.8232613,613633.4388256073
327618,1751924766.1900544,1751925300.5142288,batch_consumer-sts-1_20250707_215511_028072.csv,True,False,False,1751925379.8232613,613633.2068443298
327628,1751924766.1903,1751925300.541166,batch_consumer-sts-1_20250707_215511_028072.csv,True,False,False,1751925379.8232613,613632.9612731934
327638,1751924766.190534,1751925300.567989,batch_consumer-sts-1_20250707_215511_028072.csv,True,False,False,1751925379.8232613,613632.7271461487
327648,1751924766.1907768,1751925300.594985,batch_consumer-sts-1_20250707_215511_028072.csv,True,False,False,1751925379.8232613,613632.4844360352
327658,1751924766.1910124,1751925300.6211889,batch_consumer-sts-1_20250707_215511_028072.csv,True,False,False,1751925379.8232613,613632.248878479
327668,1751924766.1912477,1751925300.647972,batch_consumer-sts-1_20250707_215511_028072.csv,True,False,False,1751925379.8232613,613632.0135593414
327678,1751924766.1914804,1751925301.6756754,batch_consumer-sts-1_20250707_215511_028072.csv,True,False,False,1751925379.8232613,613631.7808628082
327688,1751924766.191718,1751925301.7028863,batch_consumer-sts-1_20250707_215511_028072.csv,True,False,False,1751925379.8232613,613631.5431594849
327698,1751924766.1919627,1751925301.728513,batch_consumer-sts-1_20250707_215511_028072.csv,True,False,False,1751925379.8232613,613631.2985420227
327708,1751924766.1922095,1751925301.7553563,batch_consumer-sts-1_20250707_215511_028072.csv,True,False,False,1751925379.8232613,613631.0517787933
327718,1751924766.1924472,1751925301.7825162,batch_consumer-sts-1_20250707_215511_028072.csv,True,False,False,1751925379.8232613,613630.81407547
327728,1751924766.192685,1751925301.8089137,batch_consumer-sts-1_20250707_215511_028072.csv,True,False,False,1751925379.8232613,613630.5763721466
327738,1751924766.1929226,1751925301.835941,batch_consumer-sts-1_20250707_215511_028072.csv,True,False,False,1751925379.8232613,613630.3386688232
327748,1751924766.1931517,1751925301.8628178,batch_consumer-sts-1_20250707_215511_028072.csv,True,False,False,1751925379.8232613,613630.1095485687
327758,1751924766.1933818,1751925301.8882334,batch_consumer-sts-1_20250707_215511_028072.csv,True,False,False,1751925379.8232613,613629.8794746399
327768,1751924766.1936202,1751925301.914933,batch_consumer-sts-1_20250707_215511_028072.csv,True,False,False,1751925379.8232613,613629.6410560608
327778,1751924766.1938174,1751925301.9419334,batch_consumer-sts-1_20250707_215511_028072.csv,True,False,False,1751925379.8232613,613629.4438838959
327788,1751924766.1940384,1751925301.9693584,batch_consumer-sts-1_20250707_215511_028072.csv,True,False,False,1751925379.8232613,613629.222869873
327798,1751924766.1942875,1751925301.9962158,batch_consumer-sts-1_20250707_215511_028072.csv,True,False,False,1751925379.8232613,613628.9737224579
327808,1751924766.1945202,1751925302.022432,batch_consumer-sts-1_20250707_215511_028072.csv,True,False,False,1751925379.8232613,613628.7410259247
327818,1751924766.1947536,1751925302.0493543,batch_consumer-sts-1_20250707_215511_028072.csv,True,False,False,1751925379.8232613,613628.5076141357
345658,1751924766.6759288,1751925302.0761044,batch_consumer-sts-1_20250707_215511_028072.csv,True,False,False,1751925379.8232613,613147.3324298859
345668,1751924766.6761627,1751925302.1029332,batch_consumer-sts-1_20250707_215511_028072.csv,True,False,False,1751925379.8232613,613147.0985412598
345678,1751924766.6765618,1751925302.1294518,batch_consumer-sts-1_20250707_215511_028072.csv,True,False,False,1751925379.8232613,613146.6994285583
345688,1751924766.6767952,1751925302.159418,batch_consumer-sts-1_20250707_215511_028072.csv,True,False,False,1751925379.8232613,613146.4660167694
345698,1751924766.6773336,1751925302.188832,batch_consumer-sts-1_20250707_215511_028072.csv,True,False,False,1751925379.8232613,613145.9276676178
345708,1751924766.6775634,1751925302.2154076,batch_consumer-sts-1_20250707_215511_028072.csv,True,False,False,1751925379.8232613,613145.6978321075
345718,1751924766.677788,1751925302.242143,batch_consumer-sts-1_20250707_215511_028072.csv,True,False,False,1751925379.8232613,613145.473241806
345728,1751924766.6780193,1751925302.269065,batch_consumer-sts-1_20250707_215511_028072.csv,True,False,False,1751925379.8232613,613145.2419757843
345738,1751924766.6782572,1751925302.295921,batch_consumer-sts-1_20250707_215511_028072.csv,True,False,False,1751925379.8232613,613145.0040340424
345748,1751924766.678489,1751925302.3219926,batch_consumer-sts-1_20250707_215511_028072.csv,True,False,False,1751925379.8232613,613144.7722911835
345758,1751924766.6787193,1751925302.3489733,batch_consumer-sts-1_20250707_215511_028072.csv,True,False,False,1751925379.8232613,613144.5419788361
345768,1751924766.6789465,1751925302.3758595,batch_consumer-sts-1_20250707_215511_028072.csv,True,False,False,1751925379.8232613,613144.3147659302
345778,1751924766.6791787,1751925302.4025033,batch_consumer-sts-1_20250707_215511_028072.csv,True,False,False,1751925379.8232613,613144.0825462341
345788,1751924766.6794102,1751925302.431732,batch_consumer-sts-1_20250707_215511_028072.csv,True,False,False,1751925379.8232613,613143.8510417938
345798,1751924766.6796598,1751925302.4586656,batch_consumer-sts-1_20250707_215511_028072.csv,True,False,False,1751925379.8232613,613143.6014175415
345808,1751924766.6798902,1751925302.485517,batch_consumer-sts-1_20250707_215511_028072.csv,True,False,False,1751925379.8232613,613143.3711051941
345818,1751924766.680296,1751925302.5120804,batch_consumer-sts-1_20250707_215511_028072.csv,True,False,False,1751925379.8232613,613142.9653167725
345828,1751924766.6806777,1751925302.5390797,batch_consumer-sts-1_20250707_215511_028072.csv,True,False,False,1751925379.8232613,613142.5836086273
345838,1751924766.6809015,1751925302.5658069,batch_consumer-sts-1_20250707_215511_028072.csv,True,False,False,1751925379.8232613,613142.3597335815
345848,1751924766.68113,1751925302.5922663,batch_consumer-sts-1_20250707_215511_028072.csv,True,False,False,1751925379.8232613,613142.1313285828
345858,1751924766.6813488,1751925302.618336,batch_consumer-sts-1_20250707_215511_028072.csv,True,False,False,1751925379.8232613,613141.9124603271
345868,1751924766.681585,1751925302.645042,batch_consumer-sts-1_20250707_215511_028072.csv,True,False,False,1751925379.8232613,613141.6761875153
345878,1751924766.681814,1751925302.672474,batch_consumer-sts-1_20250707_215511_028072.csv,True,False,False,1751925379.8232613,613141.4473056793
345888,1751924766.6820428,1751925302.6992264,batch_consumer-sts-1_20250707_215511_028072.csv,True,False,False,1751925379.8232613,613141.2184238434
345898,1751924766.6822784,1751925302.7284434,batch_consumer-sts-1_20250707_215511_028072.csv,True,False,False,1751925379.8232613,613140.9828662872
345908,1751924766.682507,1751925302.7557924,batch_consumer-sts-1_20250707_215511_028072.csv,True,False,False,1751925379.8232613,613140.7542228699
345918,1751924766.6827362,1751925302.783728,batch_consumer-sts-1_20250707_215511_028072.csv,True,False,False,1751925379.8232613,613140.5251026154
345928,1751924766.6829731,1751925302.810557,batch_consumer-sts-1_20250707_215511_028072.csv,True,False,False,1751925379.8232613,613140.2881145477
345938,1751924766.6832082,1751925302.837559,batch_consumer-sts-1_20250707_215511_028072.csv,True,False,False,1751925379.8232613,613140.0530338287
345948,1751924766.6834378,1751925302.8698986,batch_consumer-sts-1_20250707_215511_028072.csv,True,False,False,1751925379.8232613,613139.8234367371
345958,1751924766.684139,1751925302.89663,batch_consumer-sts-1_20250707_215511_028072.csv,True,False,False,1751925379.8232613,613139.1222476959
345968,1751924766.6845298,1751925302.9229963,batch_consumer-sts-1_20250707_215511_028072.csv,True,False,False,1751925379.8232613,613138.7314796448
345978,1751924766.6850405,1751925302.9528658,batch_consumer-sts-1_20250707_215511_028072.csv,True,False,False,1751925379.8232613,613138.2207870483
345988,1751924766.6852753,1751925302.9784725,batch_consumer-sts-1_20250707_215511_028072.csv,True,False,False,1751925379.8232613,613137.9859447479
345998,1751924766.685503,1751925303.3793845,batch_consumer-sts-1_20250707_215511_028072.csv,True,False,False,1751925379.8232613,613137.7582550049
346008,1751924766.685737,1751925303.407518,batch_consumer-sts-1_20250707_215511_028072.csv,True,False,False,1751925379.8232613,613137.5243663788
346018,1751924766.6859667,1751925303.434174,batch_consumer-sts-1_20250707_215511_028072.csv,True,False,False,1751925379.8232613,613137.2945308685
346028,1751924766.6862104,1751925303.460873,batch_consumer-sts-1_20250707_215511_028072.csv,True,False,False,1751925379.8232613,613137.0508670807
346038,1751924766.6864378,1751925303.4875674,batch_consumer-sts-1_20250707_215511_028072.csv,True,False,False,1751925379.8232613,613136.8234157562
346048,1751924766.686669,1751925303.559615,batch_consumer-sts-1_20250707_215511_028072.csv,True,False,False,1751925379.8232613,613136.5921497345
346058,1751924766.686905,1751925303.5855515,batch_consumer-sts-1_20250707_215511_028072.csv,True,False,False,1751925379.8232613,613136.3563537598
346068,1751924766.6871376,1751925303.612354,batch_consumer-sts-1_20250707_215511_028072.csv,True,False,False,1751925379.8232613,613136.1236572266
346078,1751924766.6873765,1751925303.638731,batch_consumer-sts-1_20250707_215511_028072.csv,True,False,False,1751925379.8232613,613135.8847618103
346088,1751924766.687616,1751925303.665903,batch_consumer-sts-1_20250707_215511_028072.csv,True,False,False,1751925379.8232613,613135.6451511383
346098,1751924766.6878483,1751925303.6926196,batch_consumer-sts-1_20250707_215511_028072.csv,True,False,False,1751925379.8232613,613135.4129314423
346108,1751924766.688087,1751925303.7191873,batch_consumer-sts-1_20250707_215511_028072.csv,True,False,False,1751925379.8232613,613135.1742744446
346118,1751924766.6883197,1751925303.7462451,batch_consumer-sts-1_20250707_215511_028072.csv,True,False,False,1751925379.8232613,613134.9415779114
346128,1751924766.688526,1751925303.7726648,batch_consumer-sts-1_20250707_215511_028072.csv,True,False,False,1751925379.8232613,613134.7353458405
346138,1751924766.6887393,1751925303.799196,batch_consumer-sts-1_20250707_215511_028072.csv,True,False,False,1751925379.8232613,613134.5219612122
346148,1751924766.688934,1751925303.827059,batch_consumer-sts-1_20250707_215511_028072.csv,True,False,False,1751925379.8232613,613134.327173233
346158,1751924766.6891203,1751925303.8559022,batch_consumer-sts-1_20250707_215511_028072.csv,True,False,False,1751925379.8232613,613134.1409683228
346168,1751924766.689313,1751925303.883004,batch_consumer-sts-1_20250707_215511_028072.csv,True,False,False,1751925379.8232613,613133.9483261108
346178,1751924766.689503,1751925303.9106894,batch_consumer-sts-1_20250707_215511_028072.csv,True,False,False,1751925379.8232613,613133.7583065033
346188,1751924766.6897583,1751925303.936811,batch_consumer-sts-1_20250707_215511_028072.csv,True,False,False,1751925379.8232613,613133.5029602051
346198,1751924766.689995,1751925303.963902,batch_consumer-sts-1_20250707_215511_028072.csv,True,False,False,1751925379.8232613,613133.266210556
346208,1751924766.690229,1751925303.9941056,batch_consumer-sts-1_20250707_215511_028072.csv,True,False,False,1751925379.8232613,613133.0323219299
346218,1751924766.6904552,1751925304.0207164,batch_consumer-sts-1_20250707_215511_028072.csv,True,False,False,1751925379.8232613,613132.8060626984
346228,1751924766.6906874,1751925304.0474994,batch_consumer-sts-1_20250707_215511_028072.csv,True,False,False,1751925379.8232613,613132.5738430023
346238,1751924766.6909227,1751925304.0743122,batch_consumer-sts-1_20250707_215511_028072.csv,True,False,False,1751925379.8232613,613132.3385238647
346248,1751924766.691151,1751925304.101186,batch_consumer-sts-1_20250707_215511_028072.csv,True,False,False,1751925379.8232613,613132.1103572845
346258,1751924766.691392,1751925304.131443,batch_consumer-sts-1_20250707_215511_028072.csv,True,False,False,1751925379.8232613,613131.8693161011
346268,1751924766.691946,1751925304.1581292,batch_consumer-sts-1_20250707_215511_028072.csv,True,False,False,1751925379.8232613,613131.3152313232
346278,1751924766.6926286,1751925304.1901245,batch_consumer-sts-1_20250707_215511_028072.csv,True,False,False,1751925379.8232613,613130.6326389313
346288,1751924766.6928575,1751925304.2164595,batch_consumer-sts-1_20250707_215511_028072.csv,True,False,False,1751925379.8232613,613130.4037570953
346298,1751924766.693088,1751925304.2432206,batch_consumer-sts-1_20250707_215511_028072.csv,True,False,False,1751925379.8232613,613130.1732063293
346308,1751924766.6933122,1751925304.2744694,batch_consumer-sts-1_20250707_215511_028072.csv,True,False,False,1751925379.8232613,613129.949092865
346318,1751924766.6935377,1751925304.3012798,batch_consumer-sts-1_20250707_215511_028072.csv,True,False,False,1751925379.8232613,613129.7235488892
346328,1751924766.6937735,1751925304.328302,batch_consumer-sts-1_20250707_215511_028072.csv,True,False,False,1751925379.8232613,613129.4877529144
346338,1751924766.694005,1751925304.3554945,batch_consumer-sts-1_20250707_215511_028072.csv,True,False,False,1751925379.8232613,613129.2562484741
346348,1751924766.6942415,1751925304.3823671,batch_consumer-sts-1_20250707_215511_028072.csv,True,False,False,1751925379.8232613,613129.0197372437
346358,1751924766.694479,1751925304.4092174,batch_consumer-sts-1_20250707_215511_028072.csv,True,False,False,1751925379.8232613,613128.7822723389
346368,1751924766.6947126,1751925304.436067,batch_consumer-sts-1_20250707_215511_028072.csv,True,False,False,1751925379.8232613,613128.5486221313
346378,1751924766.694948,1751925304.4630723,batch_consumer-sts-1_20250707_215511_028072.csv,True,False,False,1751925379.8232613,613128.3133029938
346388,1751924766.6951733,1751925304.4904983,batch_consumer-sts-1_20250707_215511_028072.csv,True,False,False,1751925379.8232613,613128.0879974365
346398,1751924766.69541,1751925304.5190992,batch_consumer-sts-1_20250707_215511_028072.csv,True,False,False,1751925379.8232613,613127.8512477875
346408,1751924766.6956449,1751925304.5461435,batch_consumer-sts-1_20250707_215511_028072.csv,True,False,False,1751925379.8232613,613127.6164054871
346418,1751924766.695891,1751925304.5731769,batch_consumer-sts-1_20250707_215511_028072.csv,True,False,False,1751925379.8232613,613127.3703575134
346428,1751924766.6961267,1751925304.6002986,batch_consumer-sts-1_20250707_215511_028072.csv,True,False,False,1751925379.8232613,613127.1345615387
346438,1751924766.696363,1751925304.6273224,batch_consumer-sts-1_20250707_215511_028072.csv,True,False,False,1751925379.8232613,613126.8982887268
346448,1751924766.696592,1751925304.6543434,batch_consumer-sts-1_20250707_215511_028072.csv,True,False,False,1751925379.8232613,613126.6691684723
346458,1751924766.6974392,1751925304.6814094,batch_consumer-sts-1_20250707_215511_028072.csv,True,False,False,1751925379.8232613,613125.8220672607
346468,1751924766.697961,1751925304.7081404,batch_consumer-sts-1_20250707_215511_028072.csv,True,False,False,1751925379.8232613,613125.3001689911
346478,1751924766.698657,1751925304.7355952,batch_consumer-sts-1_20250707_215511_028072.csv,True,False,False,1751925379.8232613,613124.6042251587
346488,1751924766.698882,1751925304.7619412,batch_consumer-sts-1_20250707_215511_028072.csv,True,False,False,1751925379.8232613,613124.37915802
346498,1751924766.6997046,1751925304.789025,batch_consumer-sts-1_20250707_215511_028072.csv,True,False,False,1751925379.8232613,613123.5566139221
346508,1751924766.6999402,1751925304.81565,batch_consumer-sts-1_20250707_215511_028072.csv,True,False,False,1751925379.8232613,613123.321056366
346518,1751924766.7001684,1751925304.84265,batch_consumer-sts-1_20250707_215511_028072.csv,True,False,False,1751925379.8232613,613123.0928897858
346528,1751924766.7003944,1751925304.8696167,batch_consumer-sts-1_20250707_215511_028072.csv,True,False,False,1751925379.8232613,613122.8668689728
346538,1751924766.7007742,1751925304.8965194,batch_consumer-sts-1_20250707_215511_028072.csv,True,False,False,1751925379.8232613,613122.4870681763
346548,1751924766.7011282,1751925304.922671,batch_consumer-sts-1_20250707_215511_028072.csv,True,False,False,1751925379.8232613,613122.1330165863
346558,1751924766.7013628,1751925304.9493868,batch_consumer-sts-1_20250707_215511_028072.csv,True,False,False,1751925379.8232613,613121.8984127045
346568,1751924766.701594,1751925304.976423,batch_consumer-sts-1_20250707_215511_028072.csv,True,False,False,1751925379.8232613,613121.6671466827
346578,1751924766.701821,1751925305.0034816,batch_consumer-sts-1_20250707_215511_028072.csv,True,False,False,1751925379.8232613,613121.4401721954
346588,1751924766.7020533,1751925305.0304732,batch_consumer-sts-1_20250707_215511_028072.csv,True,False,False,1751925379.8232613,613121.2079524994
346598,1751924766.7022862,1751925305.0572357,batch_consumer-sts-1_20250707_215511_028072.csv,True,False,False,1751925379.8232613,613120.9750175476
346608,1751924766.7025146,1751925305.084461,batch_consumer-sts-1_20250707_215511_028072.csv,True,False,False,1751925379.8232613,613120.7466125488
346618,1751924766.7027383,1751925305.1113155,batch_consumer-sts-1_20250707_215511_028072.csv,True,False,False,1751925379.8232613,613120.5229759216
346628,1751924766.7029862,1751925305.1413903,batch_consumer-sts-1_20250707_215511_028072.csv,True,False,False,1751925379.8232613,613120.2750205994
346638,1751924766.7032204,1751925305.1679518,batch_consumer-sts-1_20250707_215511_028072.csv,True,False,False,1751925379.8232613,613120.0408935547
346648,1751924766.7034488,1751925305.1947136,batch_consumer-sts-1_20250707_215511_028072.csv,True,False,False,1751925379.8232613,613119.8124885559
346658,1751924766.7036462,1751925305.220604,batch_consumer-sts-1_20250707_215511_028072.csv,True,False,False,1751925379.8232613,613119.6150779724
346668,1751924766.7038417,1751925305.2483227,batch_consumer-sts-1_20250707_215511_028072.csv,True,False,False,1751925379.8232613,613119.4195747375
346678,1751924766.7041817,1751925305.2734475,batch_consumer-sts-1_20250707_215511_028072.csv,True,False,False,1751925379.8232613,613119.0795898438
346688,1751924766.7043734,1751925305.300007,batch_consumer-sts-1_20250707_215511_028072.csv,True,False,False,1751925379.8232613,613118.8879013062
346698,1751924766.7045646,1751925305.3333364,batch_consumer-sts-1_20250707_215511_028072.csv,True,False,False,1751925379.8232613,613118.6966896057
346708,1751924766.7047858,1751925305.3604293,batch_consumer-sts-1_20250707_215511_028072.csv,True,False,False,1751925379.8232613,613118.4754371643
346718,1751924766.7050316,1751925305.3876483,batch_consumer-sts-1_20250707_215511_028072.csv,True,False,False,1751925379.8232613,613118.2296276093
346728,1751924766.7052577,1751925305.4142385,batch_consumer-sts-1_20250707_215511_028072.csv,True,False,False,1751925379.8232613,613118.0036067963
346738,1751924766.7054873,1751925305.440767,batch_consumer-sts-1_20250707_215511_028072.csv,True,False,False,1751925379.8232613,613117.7740097046
346748,1751924766.7057226,1751925305.4665704,batch_consumer-sts-1_20250707_215511_028072.csv,True,False,False,1751925379.8232613,613117.538690567
346758,1751924766.7059624,1751925305.4936476,batch_consumer-sts-1_20250707_215511_028072.csv,True,False,False,1751925379.8232613,613117.2988414764
346768,1751924766.7062,1751925305.5197246,batch_consumer-sts-1_20250707_215511_028072.csv,True,False,False,1751925379.8232613,613117.0613765717
346778,1751924766.70644,1751925305.5456553,batch_consumer-sts-1_20250707_215511_028072.csv,True,False,False,1751925379.8232613,613116.8212890625
346788,1751924766.7066758,1751925305.572723,batch_consumer-sts-1_20250707_215511_028072.csv,True,False,False,1751925379.8232613,613116.5854930878
346798,1751924766.7069128,1751925305.601463,batch_consumer-sts-1_20250707_215511_028072.csv,True,False,False,1751925379.8232613,613116.3485050201
346808,1751924766.7071464,1751925305.6290207,batch_consumer-sts-1_20250707_215511_028072.csv,True,False,False,1751925379.8232613,613116.1148548126
346818,1751924766.7073867,1751925305.6589262,batch_consumer-sts-1_20250707_215511_028072.csv,True,False,False,1751925379.8232613,613115.8745288849
346828,1751924766.7076232,1751925305.6858869,batch_consumer-sts-1_20250707_215511_028072.csv,True,False,False,1751925379.8232613,613115.6380176544
346838,1751924766.7078605,1751925305.712594,batch_consumer-sts-1_20250707_215511_028072.csv,True,False,False,1751925379.8232613,613115.4007911682
346848,1751924766.7080996,1751925305.739788,batch_consumer-sts-1_20250707_215511_028072.csv,True,False,False,1751925379.8232613,613115.1616573334
346858,1751924766.708335,1751925305.7721338,batch_consumer-sts-1_20250707_215511_028072.csv,True,False,False,1751925379.8232613,613114.9263381958
346868,1751924766.7085762,1751925305.8034956,batch_consumer-sts-1_20250707_215511_028072.csv,True,False,False,1751925379.8232613,613114.6850585938
346878,1751924766.708814,1751925305.8321905,batch_consumer-sts-1_20250707_215511_028072.csv,True,False,False,1751925379.8232613,613114.4473552704
346888,1751924766.709043,1751925305.859151,batch_consumer-sts-1_20250707_215511_028072.csv,True,False,False,1751925379.8232613,613114.2182350159
346898,1751924766.709272,1751925305.885941,batch_consumer-sts-1_20250707_215511_028072.csv,True,False,False,1751925379.8232613,613113.9893531799
346908,1751924766.709513,1751925306.916487,batch_consumer-sts-1_20250707_215511_028072.csv,True,False,False,1751925379.8232613,613113.7483119965
346918,1751924766.7097492,1751925306.943622,batch_consumer-sts-1_20250707_215511_028072.csv,True,False,False,1751925379.8232613,613113.5120391846
346928,1751924766.709987,1751925306.970738,batch_consumer-sts-1_20250707_215511_028072.csv,True,False,False,1751925379.8232613,613113.2743358612
346938,1751924766.710225,1751925306.9981322,batch_consumer-sts-1_20250707_215511_028072.csv,True,False,False,1751925379.8232613,613113.0361557007
346948,1751924766.7104585,1751925307.02467,batch_consumer-sts-1_20250707_215511_028072.csv,True,False,False,1751925379.8232613,613112.8027439117
346958,1751924766.7106967,1751925307.051118,batch_consumer-sts-1_20250707_215511_028072.csv,True,False,False,1751925379.8232613,613112.5645637512
346968,1751924766.7109325,1751925307.0777018,batch_consumer-sts-1_20250707_215511_028072.csv,True,False,False,1751925379.8232613,613112.3287677765
346978,1751924766.711166,1751925307.1045694,batch_consumer-sts-1_20250707_215511_028072.csv,True,False,False,1751925379.8232613,613112.0953559875
346988,1751924766.7113922,1751925307.1314263,batch_consumer-sts-1_20250707_215511_028072.csv,True,False,False,1751925379.8232613,613111.869096756
346998,1751924766.7116282,1751925307.1588056,batch_consumer-sts-1_20250707_215511_028072.csv,True,False,False,1751925379.8232613,613111.6330623627
347008,1751924766.7118597,1751925307.1864903,batch_consumer-sts-1_20250707_215511_028072.csv,True,False,False,1751925379.8232613,613111.4015579224
347018,1751924766.7120907,1751925307.2134206,batch_consumer-sts-1_20250707_215511_028072.csv,True,False,False,1751925379.8232613,613111.1705303192
347028,1751924766.712328,1751925307.2407572,batch_consumer-sts-1_20250707_215511_028072.csv,True,False,False,1751925379.8232613,613110.933303833
347038,1751924766.712629,1751925307.2685697,batch_consumer-sts-1_20250707_215511_028072.csv,True,False,False,1751925379.8232613,613110.6321811676
347048,1751924766.7128615,1751925307.295518,batch_consumer-sts-1_20250707_215511_028072.csv,True,False,False,1751925379.8232613,613110.399723053
347058,1751924766.7131011,1751925307.3219645,batch_consumer-sts-1_20250707_215511_028072.csv,True,False,False,1751925379.8232613,613110.160112381
347068,1751924766.7133365,1751925307.353845,batch_consumer-sts-1_20250707_215511_028072.csv,True,False,False,1751925379.8232613,613109.9247932434
347078,1751924766.7135766,1751925307.3812754,batch_consumer-sts-1_20250707_215511_028072.csv,True,False,False,1751925379.8232613,613109.6847057343
347088,1751924766.713808,1751925307.4079697,batch_consumer-sts-1_20250707_215511_028072.csv,True,False,False,1751925379.8232613,613109.453201294
347098,1751924766.7140455,1751925307.4346187,batch_consumer-sts-1_20250707_215511_028072.csv,True,False,False,1751925379.8232613,613109.2157363892
347108,1751924766.7142918,1751925307.461431,batch_consumer-sts-1_20250707_215511_028072.csv,True,False,False,1751925379.8232613,613108.969449997
347118,1751924766.71453,1751925307.4880855,batch_consumer-sts-1_20250707_215511_028072.csv,True,False,False,1751925379.8232613,613108.7312698364
347128,1751924766.714762,1751925307.5142307,batch_consumer-sts-1_20250707_215511_028072.csv,True,False,False,1751925379.8232613,613108.499288559
347138,1751924766.7149982,1751925307.5409029,batch_consumer-sts-1_20250707_215511_028072.csv,True,False,False,1751925379.8232613,613108.2630157471
347148,1751924766.715232,1751925307.5678086,batch_consumer-sts-1_20250707_215511_028072.csv,True,False,False,1751925379.8232613,613108.0293655396
347158,1751924766.7154794,1751925307.594901,batch_consumer-sts-1_20250707_215511_028072.csv,True,False,False,1751925379.8232613,613107.7818870544
347168,1751924766.7157068,1751925307.6212158,batch_consumer-sts-1_20250707_215511_028072.csv,True,False,False,1751925379.8232613,613107.55443573
357998,1751924766.9973142,1751925307.6482174,batch_consumer-sts-1_20250707_215511_028072.csv,True,False,False,1751925379.8232613,612825.9470462799
358008,1751924766.9975505,1751925307.6752057,batch_consumer-sts-1_20250707_215511_028072.csv,True,False,False,1751925379.8232613,612825.710773468
358018,1751924766.9977856,1751925307.70229,batch_consumer-sts-1_20250707_215511_028072.csv,True,False,False,1751925379.8232613,612825.475692749
358028,1751924766.9980173,1751925307.7290685,batch_consumer-sts-1_20250707_215511_028072.csv,True,False,False,1751925379.8232613,612825.2439498901
358038,1751924766.9982543,1751925307.7558603,batch_consumer-sts-1_20250707_215511_028072.csv,True,False,False,1751925379.8232613,612825.0069618225
358048,1751924766.9984868,1751925307.7829962,batch_consumer-sts-1_20250707_215511_028072.csv,True,False,False,1751925379.8232613,612824.7745037079
358058,1751924766.998713,1751925307.8096435,batch_consumer-sts-1_20250707_215511_028072.csv,True,False,False,1751925379.8232613,612824.5482444763
358068,1751924766.9989443,1751925307.839522,batch_consumer-sts-1_20250707_215511_028072.csv,True,False,False,1751925379.8232613,612824.3169784546
358078,1751924766.9991724,1751925307.8668869,batch_consumer-sts-1_20250707_215511_028072.csv,True,False,False,1751925379.8232613,612824.0888118744
358088,1751924766.9997003,1751925307.8940706,batch_consumer-sts-1_20250707_215511_028072.csv,True,False,False,1751925379.8232613,612823.5609531403
358098,1751924766.9999342,1751925307.9205933,batch_consumer-sts-1_20250707_215511_028072.csv,True,False,False,1751925379.8232613,612823.3270645142
358108,1751924767.0010188,1751925307.9487343,batch_consumer-sts-1_20250707_215511_028072.csv,True,False,False,1751925379.8232613,612822.2424983978
358118,1751924767.0012498,1751925307.9756424,batch_consumer-sts-1_20250707_215511_028072.csv,True,False,False,1751925379.8232613,612822.0114707947
358128,1751924767.001475,1751925308.0026972,batch_consumer-sts-1_20250707_215511_028072.csv,True,False,False,1751925379.8232613,612821.7861652374
358138,1751924767.0017066,1751925308.0319097,batch_consumer-sts-1_20250707_215511_028072.csv,True,False,False,1751925379.8232613,612821.5546607971
358148,1751924767.001937,1751925308.058497,batch_consumer-sts-1_20250707_215511_028072.csv,True,False,False,1751925379.8232613,612821.3243484497
358158,1751924767.0022235,1751925308.087239,batch_consumer-sts-1_20250707_215511_028072.csv,True,False,False,1751925379.8232613,612821.0377693176
358168,1751924767.0024643,1751925308.2699983,batch_consumer-sts-1_20250707_215511_028072.csv,True,False,False,1751925379.8232613,612820.7969665527
358178,1751924767.0027015,1751925308.2973688,batch_consumer-sts-1_20250707_215511_028072.csv,True,False,False,1751925379.8232613,612820.5597400665
358188,1751924767.0029376,1751925308.3244016,batch_consumer-sts-1_20250707_215511_028072.csv,True,False,False,1751925379.8232613,612820.3237056732
358198,1751924767.003183,1751925308.3510394,batch_consumer-sts-1_20250707_215511_028072.csv,True,False,False,1751925379.8232613,612820.0783729553
358208,1751924767.003425,1751925308.3781226,batch_consumer-sts-1_20250707_215511_028072.csv,True,False,False,1751925379.8232613,612819.8363780975
358218,1751924767.0036662,1751925308.40465,batch_consumer-sts-1_20250707_215511_028072.csv,True,False,False,1751925379.8232613,612819.5950984955
358228,1751924767.0039003,1751925308.432305,batch_consumer-sts-1_20250707_215511_028072.csv,True,False,False,1751925379.8232613,612819.3609714508
358238,1751924767.0041442,1751925308.4624496,batch_consumer-sts-1_20250707_215511_028072.csv,True,False,False,1751925379.8232613,612819.1170692444
358248,1751924767.00467,1751925308.489361,batch_consumer-sts-1_20250707_215511_028072.csv,True,False,False,1751925379.8232613,612818.5913562775
358258,1751924767.0056634,1751925308.515512,batch_consumer-sts-1_20250707_215511_028072.csv,True,False,False,1751925379.8232613,612817.5978660583
358268,1751924767.005904,1751925308.5422215,batch_consumer-sts-1_20250707_215511_028072.csv,True,False,False,1751925379.8232613,612817.357301712
358278,1751924767.0060968,1751925308.5690744,batch_consumer-sts-1_20250707_215511_028072.csv,True,False,False,1751925379.8232613,612817.1644210815
358288,1751924767.0063424,1751925308.596408,batch_consumer-sts-1_20250707_215511_028072.csv,True,False,False,1751925379.8232613,612816.9188499451
358298,1751924767.0065727,1751925308.6230128,batch_consumer-sts-1_20250707_215511_028072.csv,True,False,False,1751925379.8232613,612816.6885375977
358308,1751924767.0068047,1751925308.740069,batch_consumer-sts-1_20250707_215511_028072.csv,True,False,False,1751925379.8232613,612816.4565563202
358318,1751924767.0070405,1751925308.76753,batch_consumer-sts-1_20250707_215511_028072.csv,True,False,False,1751925379.8232613,612816.2207603455
358328,1751924767.00727,1751925308.795048,batch_consumer-sts-1_20250707_215511_028072.csv,True,False,False,1751925379.8232613,612815.9911632538
358338,1751924767.0074947,1751925308.8213074,batch_consumer-sts-1_20250707_215511_028072.csv,True,False,False,1751925379.8232613,612815.7665729523
358348,1751924767.0077262,1751925308.848192,batch_consumer-sts-1_20250707_215511_028072.csv,True,False,False,1751925379.8232613,612815.535068512
358358,1751924767.0079556,1751925308.9334323,batch_consumer-sts-1_20250707_215511_028072.csv,True,False,False,1751925379.8232613,612815.3057098389
358368,1751924767.0081863,1751925308.9597917,batch_consumer-sts-1_20250707_215511_028072.csv,True,False,False,1751925379.8232613,612815.0749206543
358378,1751924767.0084188,1751925308.98675,batch_consumer-sts-1_20250707_215511_028072.csv,True,False,False,1751925379.8232613,612814.8424625397
358388,1751924767.0086524,1751925309.0133653,batch_consumer-sts-1_20250707_215511_028072.csv,True,False,False,1751925379.8232613,612814.6088123322
358398,1751924767.0088866,1751925309.0405078,batch_consumer-sts-1_20250707_215511_028072.csv,True,False,False,1751925379.8232613,612814.3746852875
358408,1751924767.009122,1751925309.0677557,batch_consumer-sts-1_20250707_215511_028072.csv,True,False,False,1751925379.8232613,612814.1393661499
358418,1751924767.0093591,1751925309.0950997,batch_consumer-sts-1_20250707_215511_028072.csv,True,False,False,1751925379.8232613,612813.9021396637
358428,1751924767.009599,1751925309.1215916,batch_consumer-sts-1_20250707_215511_028072.csv,True,False,False,1751925379.8232613,612813.6622905731
358438,1751924767.0098283,1751925309.1475775,batch_consumer-sts-1_20250707_215511_028072.csv,True,False,False,1751925379.8232613,612813.4329319
358448,1751924767.010064,1751925309.174405,batch_consumer-sts-1_20250707_215511_028072.csv,True,False,False,1751925379.8232613,612813.1973743439
358458,1751924767.0103128,1751925309.2013023,batch_consumer-sts-1_20250707_215511_028072.csv,True,False,False,1751925379.8232613,612812.9484653473
358468,1751924767.0105486,1751925309.2288785,batch_consumer-sts-1_20250707_215511_028072.csv,True,False,False,1751925379.8232613,612812.7126693726
358478,1751924767.0107875,1751925309.2576015,batch_consumer-sts-1_20250707_215511_028072.csv,True,False,False,1751925379.8232613,612812.4737739563
358488,1751924767.0110312,1751925309.2853208,batch_consumer-sts-1_20250707_215511_028072.csv,True,False,False,1751925379.8232613,612812.2301101685
358498,1751924767.0120437,1751925309.3119018,batch_consumer-sts-1_20250707_215511_028072.csv,True,False,False,1751925379.8232613,612811.217546463
358508,1751924767.0122707,1751925309.339107,batch_consumer-sts-1_20250707_215511_028072.csv,True,False,False,1751925379.8232613,612810.9905719757
358518,1751924767.0124955,1751925309.3676567,batch_consumer-sts-1_20250707_215511_028072.csv,True,False,False,1751925379.8232613,612810.7657432556
358528,1751924767.0127144,1751925309.3950295,batch_consumer-sts-1_20250707_215511_028072.csv,True,False,False,1751925379.8232613,612810.546875
358538,1751924767.0129392,1751925309.4213583,batch_consumer-sts-1_20250707_215511_028072.csv,True,False,False,1751925379.8232613,612810.3220462799
358548,1751924767.0131662,1751925309.4484506,batch_consumer-sts-1_20250707_215511_028072.csv,True,False,False,1751925379.8232613,612810.0950717926
358558,1751924767.013391,1751925309.477348,batch_consumer-sts-1_20250707_215511_028072.csv,True,False,False,1751925379.8232613,612809.8702430725
358568,1751924767.0136132,1751925309.50504,batch_consumer-sts-1_20250707_215511_028072.csv,True,False,False,1751925379.8232613,612809.6480369568
358578,1751924767.0138478,1751925309.531854,batch_consumer-sts-1_20250707_215511_028072.csv,True,False,False,1751925379.8232613,612809.413433075
358588,1751924767.0140774,1751925309.5586102,batch_consumer-sts-1_20250707_215511_028072.csv,True,False,False,1751925379.8232613,612809.1838359833
358598,1751924767.0143178,1751925309.585493,batch_consumer-sts-1_20250707_215511_028072.csv,True,False,False,1751925379.8232613,612808.9435100555
358608,1751924767.0145507,1751925309.611631,batch_consumer-sts-1_20250707_215511_028072.csv,True,False,False,1751925379.8232613,612808.7105751038
358618,1751924767.0147786,1751925309.6383166,batch_consumer-sts-1_20250707_215511_028072.csv,True,False,False,1751925379.8232613,612808.4826469421
358628,1751924767.015012,1751925309.6662812,batch_consumer-sts-1_20250707_215511_028072.csv,True,False,False,1751925379.8232613,612808.2492351532
358638,1751924767.0152404,1751925309.693369,batch_consumer-sts-1_20250707_215511_028072.csv,True,False,False,1751925379.8232613,612808.0208301544
358648,1751924767.0154629,1751925309.7196677,batch_consumer-sts-1_20250707_215511_028072.csv,True,False,False,1751925379.8232613,612807.7983856201
358658,1751924767.015692,1751925309.7453475,batch_consumer-sts-1_20250707_215511_028072.csv,True,False,False,1751925379.8232613,612807.5692653656
358668,1751924767.0159278,1751925309.7721095,batch_consumer-sts-1_20250707_215511_028072.csv,True,False,False,1751925379.8232613,612807.3334693909
358678,1751924767.0161552,1751925309.7990708,batch_consumer-sts-1_20250707_215511_028072.csv,True,False,False,1751925379.8232613,612807.1060180664
358688,1751924767.0163903,1751925309.826605,batch_consumer-sts-1_20250707_215511_028072.csv,True,False,False,1751925379.8232613,612806.8709373474
358698,1751924767.016631,1751925309.853753,batch_consumer-sts-1_20250707_215511_028072.csv,True,False,False,1751925379.8232613,612806.6303730011
358708,1751924767.0168593,1751925309.8806958,batch_consumer-sts-1_20250707_215511_028072.csv,True,False,False,1751925379.8232613,612806.4019680023
358718,1751924767.017093,1751925309.906571,batch_consumer-sts-1_20250707_215511_028072.csv,True,False,False,1751925379.8232613,612806.1683177948
358728,1751924767.0173595,1751925309.933607,batch_consumer-sts-1_20250707_215511_028072.csv,True,False,False,1751925379.8232613,612805.9017658234
358738,1751924767.0178406,1751925309.9610355,batch_consumer-sts-1_20250707_215511_028072.csv,True,False,False,1751925379.8232613,612805.4206371307
358748,1751924767.018339,1751925309.9881103,batch_consumer-sts-1_20250707_215511_028072.csv,True,False,False,1751925379.8232613,612804.9223423004
358758,1751924767.018571,1751925310.0162585,batch_consumer-sts-1_20250707_215511_028072.csv,True,False,False,1751925379.8232613,612804.690361023
358768,1751924767.0188005,1751925310.0419264,batch_consumer-sts-1_20250707_215511_028072.csv,True,False,False,1751925379.8232613,612804.4607639313
358778,1751924767.0193355,1751925310.0690312,batch_consumer-sts-1_20250707_215511_028072.csv,True,False,False,1751925379.8232613,612803.9257526398
358788,1751924767.019865,1751925310.0959444,batch_consumer-sts-1_20250707_215511_028072.csv,True,False,False,1751925379.8232613,612803.3962249756
358798,1751924767.0206623,1751925310.1220996,batch_consumer-sts-1_20250707_215511_028072.csv,True,False,False,1751925379.8232613,612802.5989532471
358808,1751924767.0208952,1751925310.1491933,batch_consumer-sts-1_20250707_215511_028072.csv,True,False,False,1751925379.8232613,612802.3660182953
358818,1751924767.021129,1751925310.1763363,batch_consumer-sts-1_20250707_215511_028072.csv,True,False,False,1751925379.8232613,612802.1323680878
358828,1751924767.0213614,1751925310.202973,batch_consumer-sts-1_20250707_215511_028072.csv,True,False,False,1751925379.8232613,612801.8999099731
358838,1751924767.021598,1751925310.2301297,batch_consumer-sts-1_20250707_215511_028072.csv,True,False,False,1751925379.8232613,612801.6631603241
358848,1751924767.021829,1751925310.2569911,batch_consumer-sts-1_20250707_215511_028072.csv,True,False,False,1751925379.8232613,612801.4323711395
358858,1751924767.0220623,1751925310.2857816,batch_consumer-sts-1_20250707_215511_028072.csv,True,False,False,1751925379.8232613,612801.1989593506
358868,1751924767.0223029,1751925310.3112516,batch_consumer-sts-1_20250707_215511_028072.csv,True,False,False,1751925379.8232613,612800.9583950043
358878,1751924767.022534,1751925310.3380835,batch_consumer-sts-1_20250707_215511_028072.csv,True,False,False,1751925379.8232613,612800.7273674011
358888,1751924767.0227585,1751925310.3651452,batch_consumer-sts-1_20250707_215511_028072.csv,True,False,False,1751925379.8232613,612800.5027770996
358898,1751924767.02299,1751925310.391832,batch_consumer-sts-1_20250707_215511_028072.csv,True,False,False,1751925379.8232613,612800.2712726593
358908,1751924767.0232186,1751925310.416966,batch_consumer-sts-1_20250707_215511_028072.csv,True,False,False,1751925379.8232613,612800.042629242
358918,1751924767.0234575,1751925310.4438038,batch_consumer-sts-1_20250707_215511_028072.csv,True,False,False,1751925379.8232613,612799.8037338257
358928,1751924767.0236878,1751925310.469621,batch_consumer-sts-1_20250707_215511_028072.csv,True,False,False,1751925379.8232613,612799.5734214783
358938,1751924767.023924,1751925310.4967463,batch_consumer-sts-1_20250707_215511_028072.csv,True,False,False,1751925379.8232613,612799.3371486664
358948,1751924767.024165,1751925310.5232265,batch_consumer-sts-1_20250707_215511_028072.csv,True,False,False,1751925379.8232613,612799.0963459015
358958,1751924767.0243945,1751925310.5502608,batch_consumer-sts-1_20250707_215511_028072.csv,True,False,False,1751925379.8232613,612798.8667488098
358968,1751924767.0246313,1751925310.5767262,batch_consumer-sts-1_20250707_215511_028072.csv,True,False,False,1751925379.8232613,612798.6299991608
358978,1751924767.0248694,1751925310.6032894,batch_consumer-sts-1_20250707_215511_028072.csv,True,False,False,1751925379.8232613,612798.3918190002
358988,1751924767.0251057,1751925310.648032,batch_consumer-sts-1_20250707_215511_028072.csv,True,False,False,1751925379.8232613,612798.1555461884
358998,1751924767.025343,1751925310.6753652,batch_consumer-sts-1_20250707_215511_028072.csv,True,False,False,1751925379.8232613,612797.9183197021
359008,1751924767.0255814,1751925310.7022395,batch_consumer-sts-1_20250707_215511_028072.csv,True,False,False,1751925379.8232613,612797.679901123
359018,1751924767.0258238,1751925310.728884,batch_consumer-sts-1_20250707_215511_028072.csv,True,False,False,1751925379.8232613,612797.4374294281
359028,1751924767.0260603,1751925310.756261,batch_consumer-sts-1_20250707_215511_028072.csv,True,False,False,1751925379.8232613,612797.2009181976
359038,1751924767.0263116,1751925310.7832212,batch_consumer-sts-1_20250707_215511_028072.csv,True,False,False,1751925379.8232613,612796.9496250153
359048,1751924767.0265446,1751925310.8100123,batch_consumer-sts-1_20250707_215511_028072.csv,True,False,False,1751925379.8232613,612796.7166900635
359058,1751924767.0267825,1751925310.8365088,batch_consumer-sts-1_20250707_215511_028072.csv,True,False,False,1751925379.8232613,612796.4787483215
359068,1751924767.0270214,1751925310.8646982,batch_consumer-sts-1_20250707_215511_028072.csv,True,False,False,1751925379.8232613,612796.2398529053
359078,1751924767.0272532,1751925310.8918211,batch_consumer-sts-1_20250707_215511_028072.csv,True,False,False,1751925379.8232613,612796.0081100464
359088,1751924767.0274928,1751925310.9180326,batch_consumer-sts-1_20250707_215511_028072.csv,True,False,False,1751925379.8232613,612795.7684993744
359098,1751924767.0277224,1751925310.9448838,batch_consumer-sts-1_20250707_215511_028072.csv,True,False,False,1751925379.8232613,612795.5389022827
359108,1751924767.0279634,1751925310.971598,batch_consumer-sts-1_20250707_215511_028072.csv,True,False,False,1751925379.8232613,612795.2978610992
359118,1751924767.0281963,1751925311.0000908,batch_consumer-sts-1_20250707_215511_028072.csv,True,False,False,1751925379.8232613,612795.0649261475
359128,1751924767.0284348,1751925312.2323804,batch_consumer-sts-1_20250707_215531_030355.csv,True,False,False,1751925379.8232613,612794.8265075684
359138,1751924767.0286798,1751925312.262434,batch_consumer-sts-1_20250707_215531_030355.csv,True,False,False,1751925379.8232613,612794.581413269
359148,1751924767.0289116,1751925312.2895346,batch_consumer-sts-1_20250707_215531_030355.csv,True,False,False,1751925379.8232613,612794.3496704102
359158,1751924767.0291524,1751925312.3159337,batch_consumer-sts-1_20250707_215531_030355.csv,True,False,False,1751925379.8232613,612794.1088676453
359168,1751924767.0293868,1751925312.3438492,batch_consumer-sts-1_20250707_215531_030355.csv,True,False,False,1751925379.8232613,612793.874502182
359178,1751924767.0296278,1751925312.372217,batch_consumer-sts-1_20250707_215531_030355.csv,True,False,False,1751925379.8232613,612793.6334609985
359188,1751924767.029886,1751925312.3993406,batch_consumer-sts-1_20250707_215531_030355.csv,True,False,False,1751925379.8232613,612793.3752536774
359198,1751924767.0300856,1751925312.4262493,batch_consumer-sts-1_20250707_215531_030355.csv,True,False,False,1751925379.8232613,612793.1756973267
359208,1751924767.030326,1751925312.453501,batch_consumer-sts-1_20250707_215531_030355.csv,True,False,False,1751925379.8232613,612792.9353713989
359218,1751924767.0305667,1751925312.481366,batch_consumer-sts-1_20250707_215531_030355.csv,True,False,False,1751925379.8232613,612792.694568634
359228,1751924767.0307982,1751925312.5081503,batch_consumer-sts-1_20250707_215531_030355.csv,True,False,False,1751925379.8232613,612792.4630641937
359238,1751924767.0310388,1751925312.5387645,batch_consumer-sts-1_20250707_215531_030355.csv,True,False,False,1751925379.8232613,612792.2224998474
359248,1751924767.0312755,1751925312.56649,batch_consumer-sts-1_20250707_215531_030355.csv,True,False,False,1751925379.8232613,612791.9857501984
359258,1751924767.0315146,1751925312.5938814,batch_consumer-sts-1_20250707_215531_030355.csv,True,False,False,1751925379.8232613,612791.7466163635
359268,1751924767.0317495,1751925312.6202662,batch_consumer-sts-1_20250707_215531_030355.csv,True,False,False,1751925379.8232613,612791.5117740631
359278,1751924767.0319903,1751925312.6471207,batch_consumer-sts-1_20250707_215531_030355.csv,True,False,False,1751925379.8232613,612791.2709712982
359288,1751924767.0322227,1751925312.674098,batch_consumer-sts-1_20250707_215531_030355.csv,True,False,False,1751925379.8232613,612791.0385131836
359298,1751924767.032463,1751925312.7016156,batch_consumer-sts-1_20250707_215531_030355.csv,True,False,False,1751925379.8232613,612790.7981872559
359308,1751924767.0326989,1751925312.7285633,batch_consumer-sts-1_20250707_215531_030355.csv,True,False,False,1751925379.8232613,612790.5623912811
359318,1751924767.0329392,1751925312.755761,batch_consumer-sts-1_20250707_215531_030355.csv,True,False,False,1751925379.8232613,612790.3220653534
359328,1751924767.0331757,1751925312.7830768,batch_consumer-sts-1_20250707_215531_030355.csv,True,False,False,1751925379.8232613,612790.0855541229
359338,1751924767.0334165,1751925312.8098078,batch_consumer-sts-1_20250707_215531_030355.csv,True,False,False,1751925379.8232613,612789.844751358
359348,1751924767.0336485,1751925312.8369827,batch_consumer-sts-1_20250707_215531_030355.csv,True,False,False,1751925379.8232613,612789.6127700806
359358,1751924767.033878,1751925312.862267,batch_consumer-sts-1_20250707_215531_030355.csv,True,False,False,1751925379.8232613,612789.3831729889
359368,1751924767.0341158,1751925312.8892963,batch_consumer-sts-1_20250707_215531_030355.csv,True,False,False,1751925379.8232613,612789.1454696655
359378,1751924767.034361,1751925312.9156914,batch_consumer-sts-1_20250707_215531_030355.csv,True,False,False,1751925379.8232613,612788.9003753662
359388,1751924767.0346298,1751925312.9428525,batch_consumer-sts-1_20250707_215531_030355.csv,True,False,False,1751925379.8232613,612788.631439209
359398,1751924767.0348802,1751925312.9698167,batch_consumer-sts-1_20250707_215531_030355.csv,True,False,False,1751925379.8232613,612788.3810997009
359408,1751924767.0351193,1751925312.9975522,batch_consumer-sts-1_20250707_215531_030355.csv,True,False,False,1751925379.8232613,612788.1419658661
359418,1751924767.0353513,1751925313.024181,batch_consumer-sts-1_20250707_215531_030355.csv,True,False,False,1751925379.8232613,612787.9099845886
359428,1751924767.0355885,1751925313.0508487,batch_consumer-sts-1_20250707_215531_030355.csv,True,False,False,1751925379.8232613,612787.6727581024
359438,1751924767.035839,1751925313.0781612,batch_consumer-sts-1_20250707_215531_030355.csv,True,False,False,1751925379.8232613,612787.4221801758
359448,1751924767.036074,1751925313.1051736,batch_consumer-sts-1_20250707_215531_030355.csv,True,False,False,1751925379.8232613,612787.1873378754
359458,1751924767.0363126,1751925313.1325395,batch_consumer-sts-1_20250707_215531_030355.csv,True,False,False,1751925379.8232613,612786.9486808777
359468,1751924767.0365543,1751925313.1593149,batch_consumer-sts-1_20250707_215531_030355.csv,True,False,False,1751925379.8232613,612786.7069244385
359478,1751924767.0367925,1751925313.1868572,batch_consumer-sts-1_20250707_215531_030355.csv,True,False,False,1751925379.8232613,612786.468744278
359488,1751924767.0372114,1751925313.212206,batch_consumer-sts-1_20250707_215531_030355.csv,True,False,False,1751925379.8232613,612786.0498428345
390268,1751924767.8403947,1751925313.3249416,batch_consumer-sts-1_20250707_215531_030355.csv,True,False,False,1751925379.8232613,611982.86652565
390278,1751924767.8406234,1751925313.3517132,batch_consumer-sts-1_20250707_215531_030355.csv,True,False,False,1751925379.8232613,611982.6378822327
390288,1751924767.8408492,1751925313.3796234,batch_consumer-sts-1_20250707_215531_030355.csv,True,False,False,1751925379.8232613,611982.4120998383
390298,1751924767.8410723,1751925313.4068382,batch_consumer-sts-1_20250707_215531_030355.csv,True,False,False,1751925379.8232613,611982.1889400482
390308,1751924767.8413029,1751925313.4339414,batch_consumer-sts-1_20250707_215531_030355.csv,True,False,False,1751925379.8232613,611981.9583892822
390318,1751924767.8415318,1751925313.4608328,batch_consumer-sts-1_20250707_215531_030355.csv,True,False,False,1751925379.8232613,611981.7295074463
390328,1751924767.8417578,1751925313.4879134,batch_consumer-sts-1_20250707_215531_030355.csv,True,False,False,1751925379.8232613,611981.5034866333
390338,1751924767.8420346,1751925313.514054,batch_consumer-sts-1_20250707_215531_030355.csv,True,False,False,1751925379.8232613,611981.226682663
390348,1751924767.8434844,1751925313.5408208,batch_consumer-sts-1_20250707_215531_030355.csv,True,False,False,1751925379.8232613,611979.7768592834
390358,1751924767.8437004,1751925313.5728111,batch_consumer-sts-1_20250707_215531_030355.csv,True,False,False,1751925379.8232613,611979.5608520508
390368,1751924767.8438942,1751925313.6005096,batch_consumer-sts-1_20250707_215531_030355.csv,True,False,False,1751925379.8232613,611979.367017746
390378,1751924767.8441274,1751925313.628302,batch_consumer-sts-1_20250707_215531_030355.csv,True,False,False,1751925379.8232613,611979.1338443756
390388,1751924767.8443468,1751925313.659212,batch_consumer-sts-1_20250707_215531_030355.csv,True,False,False,1751925379.8232613,611978.9144992828
390398,1751924767.8446798,1751925313.686025,batch_consumer-sts-1_20250707_215531_030355.csv,True,False,False,1751925379.8232613,611978.5814285278
390408,1751924767.84503,1751925313.7123585,batch_consumer-sts-1_20250707_215531_030355.csv,True,False,False,1751925379.8232613,611978.2311916351
390418,1751924767.8452811,1751925313.7395253,batch_consumer-sts-1_20250707_215531_030355.csv,True,False,False,1751925379.8232613,611977.9801368713
390428,1751924767.8455253,1751925313.7954357,batch_consumer-sts-1_20250707_215531_030355.csv,True,False,False,1751925379.8232613,611977.7359962463
390438,1751924767.84577,1751925313.8219683,batch_consumer-sts-1_20250707_215531_030355.csv,True,False,False,1751925379.8232613,611977.4913787842
390448,1751924767.8460093,1751925313.8490047,batch_consumer-sts-1_20250707_215531_030355.csv,True,False,False,1751925379.8232613,611977.2520065308
390458,1751924767.846265,1751925313.8757336,batch_consumer-sts-1_20250707_215531_030355.csv,True,False,False,1751925379.8232613,611976.9961833954
390468,1751924767.8465044,1751925313.9025888,batch_consumer-sts-1_20250707_215531_030355.csv,True,False,False,1751925379.8232613,611976.756811142
390478,1751924767.8467488,1751925314.2829232,batch_consumer-sts-1_20250707_215531_030355.csv,True,False,False,1751925379.8232613,611976.5124320984
390488,1751924767.8469863,1751925314.309543,batch_consumer-sts-1_20250707_215531_030355.csv,True,False,False,1751925379.8232613,611976.2749671936
390498,1751924767.8473997,1751925314.3364444,batch_consumer-sts-1_20250707_215531_030355.csv,True,False,False,1751925379.8232613,611975.8615493774
390508,1751924767.8476398,1751925314.3633592,batch_consumer-sts-1_20250707_215531_030355.csv,True,False,False,1751925379.8232613,611975.6214618683
390518,1751924767.8487344,1751925314.390087,batch_consumer-sts-1_20250707_215531_030355.csv,True,False,False,1751925379.8232613,611974.5268821716
390528,1751924767.8489573,1751925314.416401,batch_consumer-sts-1_20250707_215531_030355.csv,True,False,False,1751925379.8232613,611974.3039608002
390538,1751924767.849183,1751925314.4432044,batch_consumer-sts-1_20250707_215531_030355.csv,True,False,False,1751925379.8232613,611974.0781784058
390548,1751924767.8503373,1751925314.4697585,batch_consumer-sts-1_20250707_215531_030355.csv,True,False,False,1751925379.8232613,611972.9239940643
390558,1751924767.8505788,1751925314.4965675,batch_consumer-sts-1_20250707_215531_030355.csv,True,False,False,1751925379.8232613,611972.6824760437
390568,1751924767.8508086,1751925314.5227723,batch_consumer-sts-1_20250707_215531_030355.csv,True,False,False,1751925379.8232613,611972.4526405334
390578,1751924767.8510334,1751925314.550117,batch_consumer-sts-1_20250707_215531_030355.csv,True,False,False,1751925379.8232613,611972.2278118134
390588,1751924767.851266,1751925314.5771108,batch_consumer-sts-1_20250707_215531_030355.csv,True,False,False,1751925379.8232613,611971.9953536987
390598,1751924767.8514962,1751925314.6044357,batch_consumer-sts-1_20250707_215531_030355.csv,True,False,False,1751925379.8232613,611971.7650413513
390608,1751924767.8517015,1751925314.631917,batch_consumer-sts-1_20250707_215531_030355.csv,True,False,False,1751925379.8232613,611971.5597629547
390618,1751924767.8519225,1751925314.6588953,batch_consumer-sts-1_20250707_215531_030355.csv,True,False,False,1751925379.8232613,611971.3387489319
390628,1751924767.852134,1751925314.6860073,batch_consumer-sts-1_20250707_215531_030355.csv,True,False,False,1751925379.8232613,611971.1272716522
390638,1751924767.8523464,1751925314.7126307,batch_consumer-sts-1_20250707_215531_030355.csv,True,False,False,1751925379.8232613,611970.9148406982
390648,1751924767.852587,1751925314.7398298,batch_consumer-sts-1_20250707_215531_030355.csv,True,False,False,1751925379.8232613,611970.6742763519
390658,1751924767.8528247,1751925314.7669797,batch_consumer-sts-1_20250707_215531_030355.csv,True,False,False,1751925379.8232613,611970.4365730286
390668,1751924767.853057,1751925314.793945,batch_consumer-sts-1_20250707_215531_030355.csv,True,False,False,1751925379.8232613,611970.2043533325
390678,1751924767.853304,1751925314.8202324,batch_consumer-sts-1_20250707_215531_030355.csv,True,False,False,1751925379.8232613,611969.9573516846
390688,1751924767.8535426,1751925314.847509,batch_consumer-sts-1_20250707_215531_030355.csv,True,False,False,1751925379.8232613,611969.7186946869
390698,1751924767.8537855,1751925314.8758175,batch_consumer-sts-1_20250707_215531_030355.csv,True,False,False,1751925379.8232613,611969.4757461548
390708,1751924767.854024,1751925314.901397,batch_consumer-sts-1_20250707_215531_030355.csv,True,False,False,1751925379.8232613,611969.2373275757
390718,1751924767.8542657,1751925314.928162,batch_consumer-sts-1_20250707_215531_030355.csv,True,False,False,1751925379.8232613,611968.9955711365
390728,1751924767.854506,1751925314.9547162,batch_consumer-sts-1_20250707_215531_030355.csv,True,False,False,1751925379.8232613,611968.7552452087
390738,1751924767.85474,1751925314.9810417,batch_consumer-sts-1_20250707_215531_030355.csv,True,False,False,1751925379.8232613,611968.5213565826
390748,1751924767.8549788,1751925315.0080228,batch_consumer-sts-1_20250707_215531_030355.csv,True,False,False,1751925379.8232613,611968.2824611664
390758,1751924767.8552136,1751925315.0348446,batch_consumer-sts-1_20250707_215531_030355.csv,True,False,False,1751925379.8232613,611968.047618866
390768,1751924767.8554647,1751925315.0618358,batch_consumer-sts-1_20250707_215531_030355.csv,True,False,False,1751925379.8232613,611967.7965641022
390778,1751924767.8557088,1751925315.0891454,batch_consumer-sts-1_20250707_215531_030355.csv,True,False,False,1751925379.8232613,611967.5524234772
390788,1751924767.85596,1751925315.1157534,batch_consumer-sts-1_20250707_215531_030355.csv,True,False,False,1751925379.8232613,611967.3013687134
390798,1751924767.8562016,1751925315.1427264,batch_consumer-sts-1_20250707_215531_030355.csv,True,False,False,1751925379.8232613,611967.0596122742
390808,1751924767.8564377,1751925315.16967,batch_consumer-sts-1_20250707_215531_030355.csv,True,False,False,1751925379.8232613,611966.8235778809
390818,1751924767.856686,1751925315.19641,batch_consumer-sts-1_20250707_215531_030355.csv,True,False,False,1751925379.8232613,611966.5751457214
390828,1751924767.856928,1751925315.2229488,batch_consumer-sts-1_20250707_215531_030355.csv,True,False,False,1751925379.8232613,611966.3331508636
390838,1751924767.8571825,1751925315.2501235,batch_consumer-sts-1_20250707_215531_030355.csv,True,False,False,1751925379.8232613,611966.0787582397
390848,1751924767.8574195,1751925315.2773452,batch_consumer-sts-1_20250707_215531_030355.csv,True,False,False,1751925379.8232613,611965.8417701721
390858,1751924767.8576555,1751925315.3045404,batch_consumer-sts-1_20250707_215531_030355.csv,True,False,False,1751925379.8232613,611965.6057357788
390868,1751924767.8579016,1751925315.3314376,batch_consumer-sts-1_20250707_215531_030355.csv,True,False,False,1751925379.8232613,611965.3596878052
390878,1751924767.8581378,1751925315.358553,batch_consumer-sts-1_20250707_215531_030355.csv,True,False,False,1751925379.8232613,611965.1234149933
390888,1751924767.858385,1751925315.3856149,batch_consumer-sts-1_20250707_215531_030355.csv,True,False,False,1751925379.8232613,611964.8761749268
390898,1751924767.8586214,1751925315.412481,batch_consumer-sts-1_20250707_215531_030355.csv,True,False,False,1751925379.8232613,611964.6399021149
390908,1751924767.8588688,1751925315.439467,batch_consumer-sts-1_20250707_215531_030355.csv,True,False,False,1751925379.8232613,611964.3924236298
390918,1751924767.8591037,1751925315.4664557,batch_consumer-sts-1_20250707_215531_030355.csv,True,False,False,1751925379.8232613,611964.1575813293
390928,1751924767.8593411,1751925315.4932268,batch_consumer-sts-1_20250707_215531_030355.csv,True,False,False,1751925379.8232613,611963.9201164246
390938,1751924767.8595722,1751925315.519483,batch_consumer-sts-1_20250707_215531_030355.csv,True,False,False,1751925379.8232613,611963.6890888214
390948,1751924767.859819,1751925315.5461583,batch_consumer-sts-1_20250707_215531_030355.csv,True,False,False,1751925379.8232613,611963.442325592
390958,1751924767.86004,1751925315.5727675,batch_consumer-sts-1_20250707_215531_030355.csv,True,False,False,1751925379.8232613,611963.2213115692
390968,1751924767.8602607,1751925315.60245,batch_consumer-sts-1_20250707_215531_030355.csv,True,False,False,1751925379.8232613,611963.000535965
390978,1751924767.8604765,1751925315.6273117,batch_consumer-sts-1_20250707_215531_030355.csv,True,False,False,1751925379.8232613,611962.7847671509
390988,1751924767.8606985,1751925315.654449,batch_consumer-sts-1_20250707_215531_030355.csv,True,False,False,1751925379.8232613,611962.5627994537
390998,1751924767.860928,1751925315.6836925,batch_consumer-sts-1_20250707_215531_030355.csv,True,False,False,1751925379.8232613,611962.3332023621
391008,1751924767.8611526,1751925315.7100613,batch_consumer-sts-1_20250707_215531_030355.csv,True,False,False,1751925379.8232613,611962.1086120605
391018,1751924767.8613746,1751925315.7367425,batch_consumer-sts-1_20250707_215531_030355.csv,True,False,False,1751925379.8232613,611961.8866443634
391028,1751924767.8616042,1751925315.7632518,batch_consumer-sts-1_20250707_215531_030355.csv,True,False,False,1751925379.8232613,611961.6570472717
391038,1751924767.8618293,1751925315.7905183,batch_consumer-sts-1_20250707_215531_030355.csv,True,False,False,1751925379.8232613,611961.431980133
391048,1751924767.8620794,1751925315.8168726,batch_consumer-sts-1_20250707_215531_030355.csv,True,False,False,1751925379.8232613,611961.1818790436
391058,1751924767.8623245,1751925315.843624,batch_consumer-sts-1_20250707_215531_030355.csv,True,False,False,1751925379.8232613,611960.9367847443
391068,1751924767.862566,1751925315.870484,batch_consumer-sts-1_20250707_215531_030355.csv,True,False,False,1751925379.8232613,611960.6952667236
391078,1751924767.8628097,1751925315.897211,batch_consumer-sts-1_20250707_215531_030355.csv,True,False,False,1751925379.8232613,611960.4516029358
391088,1751924767.8631382,1751925315.923694,batch_consumer-sts-1_20250707_215531_030355.csv,True,False,False,1751925379.8232613,611960.1230621338
391098,1751924767.8635564,1751925315.9575922,batch_consumer-sts-1_20250707_215531_030355.csv,True,False,False,1751925379.8232613,611959.704875946
391108,1751924767.8639765,1751925315.985027,batch_consumer-sts-1_20250707_215531_030355.csv,True,False,False,1751925379.8232613,611959.2847824097
391118,1751924767.8644087,1751925316.0121326,batch_consumer-sts-1_20250707_215531_030355.csv,True,False,False,1751925379.8232613,611958.8525295258
391128,1751924767.8648212,1751925316.039157,batch_consumer-sts-1_20250707_215531_030355.csv,True,False,False,1751925379.8232613,611958.4400653839
391138,1751924767.865245,1751925316.06628,batch_consumer-sts-1_20250707_215531_030355.csv,True,False,False,1751925379.8232613,611958.0161571503
391148,1751924767.8656828,1751925316.0935404,batch_consumer-sts-1_20250707_215531_030355.csv,True,False,False,1751925379.8232613,611957.578420639
391158,1751924767.866115,1751925316.1198545,batch_consumer-sts-1_20250707_215531_030355.csv,True,False,False,1751925379.8232613,611957.1461677551
391168,1751924767.8665547,1751925316.1467478,batch_consumer-sts-1_20250707_215531_030355.csv,True,False,False,1751925379.8232613,611956.7065238953
391178,1751924767.86699,1751925316.1733246,batch_consumer-sts-1_20250707_215531_030355.csv,True,False,False,1751925379.8232613,611956.2711715698
391188,1751924767.8674126,1751925316.2019193,batch_consumer-sts-1_20250707_215531_030355.csv,True,False,False,1751925379.8232613,611955.8486938477
391198,1751924767.8678298,1751925316.2292032,batch_consumer-sts-1_20250707_215531_030355.csv,True,False,False,1751925379.8232613,611955.4314613342
391208,1751924767.8682528,1751925316.2557814,batch_consumer-sts-1_20250707_215531_030355.csv,True,False,False,1751925379.8232613,611955.0085067749
391218,1751924767.8686488,1751925316.2823403,batch_consumer-sts-1_20250707_215531_030355.csv,True,False,False,1751925379.8232613,611954.612493515
391228,1751924767.8690476,1751925316.4497814,batch_consumer-sts-1_20250707_215531_030355.csv,True,False,False,1751925379.8232613,611954.2136192322
391238,1751924767.8694398,1751925316.476524,batch_consumer-sts-1_20250707_215531_030355.csv,True,False,False,1751925379.8232613,611953.8214206696
391248,1751924767.870095,1751925316.5033462,batch_consumer-sts-1_20250707_215531_030355.csv,True,False,False,1751925379.8232613,611953.1662464142
391258,1751924767.8705325,1751925316.5297856,batch_consumer-sts-1_20250707_215531_030355.csv,True,False,False,1751925379.8232613,611952.7287483215
391268,1751924767.8709517,1751925316.5604565,batch_consumer-sts-1_20250707_215531_030355.csv,True,False,False,1751925379.8232613,611952.3096084595
391278,1751924767.8713694,1751925316.587458,batch_consumer-sts-1_20250707_215531_030355.csv,True,False,False,1751925379.8232613,611951.8918991089
391288,1751924767.8717988,1751925316.6143064,batch_consumer-sts-1_20250707_215531_030355.csv,True,False,False,1751925379.8232613,611951.4625072479
391298,1751924767.8722024,1751925317.6458497,batch_consumer-sts-1_20250707_215531_030355.csv,True,False,False,1751925379.8232613,611951.0588645935
391308,1751924767.8726218,1751925317.673103,batch_consumer-sts-1_20250707_215531_030355.csv,True,False,False,1751925379.8232613,611950.6394863129
391318,1751924767.873005,1751925317.6999936,batch_consumer-sts-1_20250707_215531_030355.csv,True,False,False,1751925379.8232613,611950.2563476562
391328,1751924767.873355,1751925317.7282526,batch_consumer-sts-1_20250707_215531_030355.csv,True,False,False,1751925379.8232613,611949.9063491821
391338,1751924767.8737595,1751925317.7554984,batch_consumer-sts-1_20250707_215531_030355.csv,True,False,False,1751925379.8232613,611949.5017528534
391348,1751924767.874168,1751925317.78269,batch_consumer-sts-1_20250707_215531_030355.csv,True,False,False,1751925379.8232613,611949.0933418274
391358,1751924767.874575,1751925317.808718,batch_consumer-sts-1_20250707_215531_030355.csv,True,False,False,1751925379.8232613,611948.6863613129
391368,1751924767.8749764,1751925317.8362942,batch_consumer-sts-1_20250707_215531_030355.csv,True,False,False,1751925379.8232613,611948.2848644257
391378,1751924767.8753908,1751925317.8635798,batch_consumer-sts-1_20250707_215531_030355.csv,True,False,False,1751925379.8232613,611947.8704929352
391388,1751924767.8758,1751925317.890442,batch_consumer-sts-1_20250707_215531_030355.csv,True,False,False,1751925379.8232613,611947.4613666534
391398,1751924767.876205,1751925317.9169085,batch_consumer-sts-1_20250707_215531_030355.csv,True,False,False,1751925379.8232613,611947.0562934875
391408,1751924767.8766086,1751925317.94468,batch_consumer-sts-1_20250707_215531_030355.csv,True,False,False,1751925379.8232613,611946.6526508331
391418,1751924767.8770056,1751925317.9708126,batch_consumer-sts-1_20250707_215531_030355.csv,True,False,False,1751925379.8232613,611946.2556838989
391428,1751924767.8774087,1751925317.9969168,batch_consumer-sts-1_20250707_215531_030355.csv,True,False,False,1751925379.8232613,611945.8525180817
391438,1751924767.8777704,1751925318.0232124,batch_consumer-sts-1_20250707_215531_030355.csv,True,False,False,1751925379.8232613,611945.4908370972
391448,1751924767.8781362,1751925318.049832,batch_consumer-sts-1_20250707_215531_030355.csv,True,False,False,1751925379.8232613,611945.1251029968
391458,1751924767.878512,1751925318.076346,batch_consumer-sts-1_20250707_215531_030355.csv,True,False,False,1751925379.8232613,611944.7493553162
391468,1751924767.8788557,1751925318.1033528,batch_consumer-sts-1_20250707_215531_030355.csv,True,False,False,1751925379.8232613,611944.4055557251
391478,1751924767.879189,1751925318.130338,batch_consumer-sts-1_20250707_215531_030355.csv,True,False,False,1751925379.8232613,611944.0722465515
391488,1751924767.8795514,1751925318.1570227,batch_consumer-sts-1_20250707_215531_030355.csv,True,False,False,1751925379.8232613,611943.7098503113
391498,1751924767.8799117,1751925318.184024,batch_consumer-sts-1_20250707_215531_030355.csv,True,False,False,1751925379.8232613,611943.3495998383
391508,1751924767.8802452,1751925318.2110376,batch_consumer-sts-1_20250707_215531_030355.csv,True,False,False,1751925379.8232613,611943.0160522461
397118,1751924768.0423255,1751925318.2378306,batch_consumer-sts-1_20250707_215531_030355.csv,True,False,False,1751925379.8232613,611780.9357643127
397128,1751924768.0425856,1751925318.265139,batch_consumer-sts-1_20250707_215531_030355.csv,True,False,False,1751925379.8232613,611780.675649643
397138,1751924768.0428264,1751925318.2932432,batch_consumer-sts-1_20250707_215531_030355.csv,True,False,False,1751925379.8232613,611780.434846878
397148,1751924768.043055,1751925318.319728,batch_consumer-sts-1_20250707_215531_030355.csv,True,False,False,1751925379.8232613,611780.2062034607
397158,1751924768.0433006,1751925318.3457267,batch_consumer-sts-1_20250707_215531_030355.csv,True,False,False,1751925379.8232613,611779.9606323242
397168,1751924768.043547,1751925318.4047968,batch_consumer-sts-1_20250707_215531_030355.csv,True,False,False,1751925379.8232613,611779.714345932
397178,1751924768.0454128,1751925318.431883,batch_consumer-sts-1_20250707_215531_030355.csv,True,False,False,1751925379.8232613,611777.848482132
397188,1751924768.0456476,1751925318.4585762,batch_consumer-sts-1_20250707_215531_030355.csv,True,False,False,1751925379.8232613,611777.6136398315
397198,1751924768.0458374,1751925318.4857132,batch_consumer-sts-1_20250707_215531_030355.csv,True,False,False,1751925379.8232613,611777.4238586426
397208,1751924768.046033,1751925318.833507,batch_consumer-sts-1_20250707_215531_030355.csv,True,False,False,1751925379.8232613,611777.2283554077
397218,1751924768.0462675,1751925318.8605127,batch_consumer-sts-1_20250707_215531_030355.csv,True,False,False,1751925379.8232613,611776.9937515259
397228,1751924768.0465045,1751925318.9162755,batch_consumer-sts-1_20250707_215531_030355.csv,True,False,False,1751925379.8232613,611776.7567634583
397238,1751924768.0467422,1751925318.9430797,batch_consumer-sts-1_20250707_215531_030355.csv,True,False,False,1751925379.8232613,611776.5190601349
397248,1751924768.0469737,1751925318.9699662,batch_consumer-sts-1_20250707_215531_030355.csv,True,False,False,1751925379.8232613,611776.2875556946
397258,1751924768.047215,1751925318.99674,batch_consumer-sts-1_20250707_215531_030355.csv,True,False,False,1751925379.8232613,611776.0462760925
397268,1751924768.0474474,1751925319.0232975,batch_consumer-sts-1_20250707_215531_030355.csv,True,False,False,1751925379.8232613,611775.8138179779
397278,1751924768.047804,1751925319.050069,batch_consumer-sts-1_20250707_215531_030355.csv,True,False,False,1751925379.8232613,611775.4571437836
397288,1751924768.048172,1751925319.076898,batch_consumer-sts-1_20250707_215531_030355.csv,True,False,False,1751925379.8232613,611775.089263916
397298,1751924768.0484984,1751925319.1040013,batch_consumer-sts-1_20250707_215531_030355.csv,True,False,False,1751925379.8232613,611774.7628688812
397308,1751924768.0488424,1751925319.1307836,batch_consumer-sts-1_20250707_215531_030355.csv,True,False,False,1751925379.8232613,611774.4188308716
397318,1751924768.049032,1751925319.157653,batch_consumer-sts-1_20250707_215531_030355.csv,True,False,False,1751925379.8232613,611774.2292881012
397328,1751924768.0492198,1751925319.1847367,batch_consumer-sts-1_20250707_215531_030355.csv,True,False,False,1751925379.8232613,611774.0414142609
397338,1751924768.049543,1751925319.2118263,batch_consumer-sts-1_20250707_215531_030355.csv,True,False,False,1751925379.8232613,611773.7183570862
397348,1751924768.049857,1751925319.2386055,batch_consumer-sts-1_20250707_215531_030355.csv,True,False,False,1751925379.8232613,611773.4043598175
397358,1751924768.050213,1751925319.265594,batch_consumer-sts-1_20250707_215531_030355.csv,True,False,False,1751925379.8232613,611773.0481624603
397368,1751924768.050433,1751925319.294005,batch_consumer-sts-1_20250707_215531_030355.csv,True,False,False,1751925379.8232613,611772.8283405304
397378,1751924768.0506568,1751925319.3204544,batch_consumer-sts-1_20250707_215531_030355.csv,True,False,False,1751925379.8232613,611772.6044654846
397388,1751924768.0508847,1751925319.3491106,batch_consumer-sts-1_20250707_215531_030355.csv,True,False,False,1751925379.8232613,611772.376537323
397398,1751924768.0511177,1751925319.379733,batch_consumer-sts-1_20250707_215531_030355.csv,True,False,False,1751925379.8232613,611772.1436023712
397408,1751924768.051343,1751925319.406705,batch_consumer-sts-1_20250707_215531_030355.csv,True,False,False,1751925379.8232613,611771.918296814
397418,1751924768.051556,1751925319.4336796,batch_consumer-sts-1_20250707_215531_030355.csv,True,False,False,1751925379.8232613,611771.7051506042
397428,1751924768.0517344,1751925319.4596157,batch_consumer-sts-1_20250707_215531_030355.csv,True,False,False,1751925379.8232613,611771.5268135071
397438,1751924768.0519092,1751925319.4865394,batch_consumer-sts-1_20250707_215531_030355.csv,True,False,False,1751925379.8232613,611771.3520526886
397448,1751924768.0521092,1751925319.5129015,batch_consumer-sts-1_20250707_215531_030355.csv,True,False,False,1751925379.8232613,611771.1520195007
397458,1751924768.0523057,1751925319.5396795,batch_consumer-sts-1_20250707_215531_030355.csv,True,False,False,1751925379.8232613,611770.9555625916
397468,1751924768.0524993,1751925319.568684,batch_consumer-sts-1_20250707_215531_030355.csv,True,False,False,1751925379.8232613,611770.7619667053
397478,1751924768.0526958,1751925319.5956268,batch_consumer-sts-1_20250707_215531_030355.csv,True,False,False,1751925379.8232613,611770.5655097961
397488,1751924768.052892,1751925319.622238,batch_consumer-sts-1_20250707_215531_030355.csv,True,False,False,1751925379.8232613,611770.3692913055
397498,1751924768.0530837,1751925319.649694,batch_consumer-sts-1_20250707_215531_030355.csv,True,False,False,1751925379.8232613,611770.177602768
397508,1751924768.0532858,1751925319.676484,batch_consumer-sts-1_20250707_215531_030355.csv,True,False,False,1751925379.8232613,611769.9754238129
397518,1751924768.0534797,1751925319.702963,batch_consumer-sts-1_20250707_215531_030355.csv,True,False,False,1751925379.8232613,611769.781589508
397528,1751924768.053672,1751925319.7297935,batch_consumer-sts-1_20250707_215531_030355.csv,True,False,False,1751925379.8232613,611769.5891857147
397538,1751924768.053867,1751925319.7563834,batch_consumer-sts-1_20250707_215531_030355.csv,True,False,False,1751925379.8232613,611769.394159317
397548,1751924768.0540617,1751925319.7833955,batch_consumer-sts-1_20250707_215531_030355.csv,True,False,False,1751925379.8232613,611769.1996097565
397558,1751924768.0542903,1751925319.8106391,batch_consumer-sts-1_20250707_215531_030355.csv,True,False,False,1751925379.8232613,611768.9709663391
397568,1751924768.0545204,1751925319.8379629,batch_consumer-sts-1_20250707_215531_030355.csv,True,False,False,1751925379.8232613,611768.7408924103
397578,1751924768.054754,1751925319.8664303,batch_consumer-sts-1_20250707_215531_030355.csv,True,False,False,1751925379.8232613,611768.5072422028
397588,1751924768.0549872,1751925319.8934686,batch_consumer-sts-1_20250707_215531_030355.csv,True,False,False,1751925379.8232613,611768.2740688324
397598,1751924768.0552204,1751925319.9198935,batch_consumer-sts-1_20250707_215531_030355.csv,True,False,False,1751925379.8232613,611768.040895462
397608,1751924768.055478,1751925319.9466453,batch_consumer-sts-1_20250707_215531_030355.csv,True,False,False,1751925379.8232613,611767.783164978
397618,1751924768.0556731,1751925319.9734025,batch_consumer-sts-1_20250707_215531_030355.csv,True,False,False,1751925379.8232613,611767.5881385803
397628,1751924768.055861,1751925320.0004969,batch_consumer-sts-1_20250707_215531_030355.csv,True,False,False,1751925379.8232613,611767.40026474
397638,1751924768.0560637,1751925320.0283363,batch_consumer-sts-1_20250707_215531_030355.csv,True,False,False,1751925379.8232613,611767.1976089478
397648,1751924768.0562503,1751925320.0555425,batch_consumer-sts-1_20250707_215531_030355.csv,True,False,False,1751925379.8232613,611767.0109272003
397658,1751924768.0564337,1751925320.0859573,batch_consumer-sts-1_20250707_215531_030355.csv,True,False,False,1751925379.8232613,611766.827583313
397668,1751924768.056617,1751925320.1127832,batch_consumer-sts-1_20250707_215531_030355.csv,True,False,False,1751925379.8232613,611766.6442394257
397678,1751924768.0568037,1751925320.1392636,batch_consumer-sts-1_20250707_215531_030355.csv,True,False,False,1751925379.8232613,611766.4575576782
397688,1751924768.0569882,1751925320.166412,batch_consumer-sts-1_20250707_215531_030355.csv,True,False,False,1751925379.8232613,611766.273021698
397698,1751924768.0571754,1751925320.193624,batch_consumer-sts-1_20250707_215531_030355.csv,True,False,False,1751925379.8232613,611766.0858631134
397708,1751924768.057355,1751925320.2200518,batch_consumer-sts-1_20250707_215531_030355.csv,True,False,False,1751925379.8232613,611765.9063339233
397718,1751924768.057541,1751925320.2483797,batch_consumer-sts-1_20250707_215531_030355.csv,True,False,False,1751925379.8232613,611765.7203674316
397728,1751924768.0577242,1751925320.274932,batch_consumer-sts-1_20250707_215531_030355.csv,True,False,False,1751925379.8232613,611765.5370235443
397738,1751924768.057912,1751925320.301535,batch_consumer-sts-1_20250707_215531_030355.csv,True,False,False,1751925379.8232613,611765.349149704
397748,1751924768.058092,1751925320.328236,batch_consumer-sts-1_20250707_215531_030355.csv,True,False,False,1751925379.8232613,611765.1691436768
397758,1751924768.0583313,1751925320.355101,batch_consumer-sts-1_20250707_215531_030355.csv,True,False,False,1751925379.8232613,611764.9300098419
397768,1751924768.0585608,1751925320.3818448,batch_consumer-sts-1_20250707_215531_030355.csv,True,False,False,1751925379.8232613,611764.7004127502
397778,1751924768.0587938,1751925320.4082575,batch_consumer-sts-1_20250707_215531_030355.csv,True,False,False,1751925379.8232613,611764.4674777985
397788,1751924768.059028,1751925320.4352229,batch_consumer-sts-1_20250707_215531_030355.csv,True,False,False,1751925379.8232613,611764.2333507538
397798,1751924768.05926,1751925320.462027,batch_consumer-sts-1_20250707_215531_030355.csv,True,False,False,1751925379.8232613,611764.0013694763
397808,1751924768.0594864,1751925320.4890423,batch_consumer-sts-1_20250707_215531_030355.csv,True,False,False,1751925379.8232613,611763.7748718262
397818,1751924768.0596716,1751925320.5154169,batch_consumer-sts-1_20250707_215531_030355.csv,True,False,False,1751925379.8232613,611763.5896205902
397828,1751924768.0598547,1751925320.5424168,batch_consumer-sts-1_20250707_215531_030355.csv,True,False,False,1751925379.8232613,611763.4065151215
397838,1751924768.060033,1751925320.569241,batch_consumer-sts-1_20250707_215531_030355.csv,True,False,False,1751925379.8232613,611763.2281780243
397848,1751924768.0602188,1751925320.5964806,batch_consumer-sts-1_20250707_215531_030355.csv,True,False,False,1751925379.8232613,611763.0424499512
397858,1751924768.060408,1751925320.622533,batch_consumer-sts-1_20250707_215531_030355.csv,True,False,False,1751925379.8232613,611762.8531455994
397868,1751924768.0605938,1751925320.6495662,batch_consumer-sts-1_20250707_215531_030355.csv,True,False,False,1751925379.8232613,611762.6674175262
397878,1751924768.0607755,1751925320.676623,batch_consumer-sts-1_20250707_215531_030355.csv,True,False,False,1751925379.8232613,611762.485742569
397888,1751924768.060953,1751925320.7034793,batch_consumer-sts-1_20250707_215531_030355.csv,True,False,False,1751925379.8232613,611762.3083591461
397898,1751924768.061141,1751925320.730507,batch_consumer-sts-1_20250707_215531_030355.csv,True,False,False,1751925379.8232613,611762.1202468872
397908,1751924768.0613272,1751925320.7611706,batch_consumer-sts-1_20250707_215531_030355.csv,True,False,False,1751925379.8232613,611761.9340419769
397918,1751924768.061512,1751925320.7881346,batch_consumer-sts-1_20250707_215531_030355.csv,True,False,False,1751925379.8232613,611761.7492675781
397928,1751924768.0616891,1751925320.814362,batch_consumer-sts-1_20250707_215531_030355.csv,True,False,False,1751925379.8232613,611761.5721225739
397938,1751924768.061876,1751925320.843603,batch_consumer-sts-1_20250707_215531_030355.csv,True,False,False,1751925379.8232613,611761.3852024078
397948,1751924768.0620618,1751925320.870295,batch_consumer-sts-1_20250707_215531_030355.csv,True,False,False,1751925379.8232613,611761.1994743347
397958,1751924768.062281,1751925320.8971622,batch_consumer-sts-1_20250707_215531_030355.csv,True,False,False,1751925379.8232613,611760.9803676605
397968,1751924768.062523,1751925320.924153,batch_consumer-sts-1_20250707_215531_030355.csv,True,False,False,1751925379.8232613,611760.7383728027
397978,1751924768.0627644,1751925320.9507513,batch_consumer-sts-1_20250707_215531_030355.csv,True,False,False,1751925379.8232613,611760.4968547821
397988,1751924768.0630162,1751925320.979592,batch_consumer-sts-1_20250707_215531_030355.csv,True,False,False,1751925379.8232613,611760.2450847626
397998,1751924768.0632482,1751925321.006533,batch_consumer-sts-1_20250707_215531_030355.csv,True,False,False,1751925379.8232613,611760.0131034851
398008,1751924768.0634878,1751925321.033406,batch_consumer-sts-1_20250707_215531_030355.csv,True,False,False,1751925379.8232613,611759.7734928131
398018,1751924768.063686,1751925321.061969,batch_consumer-sts-1_20250707_215531_030355.csv,True,False,False,1751925379.8232613,611759.5753669739
398028,1751924768.0638795,1751925321.090142,batch_consumer-sts-1_20250707_215531_030355.csv,True,False,False,1751925379.8232613,611759.3817710876
398038,1751924768.0640674,1751925321.116774,batch_consumer-sts-1_20250707_215531_030355.csv,True,False,False,1751925379.8232613,611759.1938972473
398048,1751924768.0642717,1751925321.1444566,batch_consumer-sts-1_20250707_215531_030355.csv,True,False,False,1751925379.8232613,611758.989572525
398058,1751924768.064607,1751925321.1707609,batch_consumer-sts-1_20250707_215531_030355.csv,True,False,False,1751925379.8232613,611758.6543560028
398068,1751924768.0647912,1751925321.1964798,batch_consumer-sts-1_20250707_215531_030355.csv,True,False,False,1751925379.8232613,611758.4700584412
398078,1751924768.0649772,1751925321.2226193,batch_consumer-sts-1_20250707_215531_030355.csv,True,False,False,1751925379.8232613,611758.2840919495
398088,1751924768.0651586,1751925321.2491455,batch_consumer-sts-1_20250707_215531_030355.csv,True,False,False,1751925379.8232613,611758.1026554108
398098,1751924768.065344,1751925321.2755828,batch_consumer-sts-1_20250707_215531_030355.csv,True,False,False,1751925379.8232613,611757.9171657562
398108,1751924768.0655246,1751925321.3020184,batch_consumer-sts-1_20250707_215531_030355.csv,True,False,False,1751925379.8232613,611757.7366828918
398118,1751924768.065704,1751925321.328702,batch_consumer-sts-1_20250707_215531_030355.csv,True,False,False,1751925379.8232613,611757.5571537018
398128,1751924768.0658858,1751925321.355261,batch_consumer-sts-1_20250707_215531_030355.csv,True,False,False,1751925379.8232613,611757.3754787445
398138,1751924768.066069,1751925321.3817725,batch_consumer-sts-1_20250707_215531_030355.csv,True,False,False,1751925379.8232613,611757.1923732758
398148,1751924768.066315,1751925321.407271,batch_consumer-sts-1_20250707_215531_030355.csv,True,False,False,1751925379.8232613,611756.9463253021
398158,1751924768.0665462,1751925321.4829452,batch_consumer-sts-1_20250707_215531_030355.csv,True,False,False,1751925379.8232613,611756.7150592804
398168,1751924768.06678,1751925321.5096538,batch_consumer-sts-1_20250707_215531_030355.csv,True,False,False,1751925379.8232613,611756.4811706543
398178,1751924768.067017,1751925321.5367064,batch_consumer-sts-1_20250707_215531_030355.csv,True,False,False,1751925379.8232613,611756.2441825867
398188,1751924768.0672455,1751925321.5644498,batch_consumer-sts-1_20250707_215531_030355.csv,True,False,False,1751925379.8232613,611756.0157775879
398198,1751924768.0674834,1751925321.5913925,batch_consumer-sts-1_20250707_215531_030355.csv,True,False,False,1751925379.8232613,611755.777835846
398208,1751924768.0676625,1751925321.6175525,batch_consumer-sts-1_20250707_215531_030355.csv,True,False,False,1751925379.8232613,611755.598783493
398218,1751924768.0678463,1751925321.644421,batch_consumer-sts-1_20250707_215531_030355.csv,True,False,False,1751925379.8232613,611755.4149627686
398228,1751924768.0680332,1751925321.6738305,batch_consumer-sts-1_20250707_215531_030355.csv,True,False,False,1751925379.8232613,611755.2280426025
398238,1751924768.0682156,1751925321.699671,batch_consumer-sts-1_20250707_215531_030355.csv,True,False,False,1751925379.8232613,611755.0456523895
398248,1751924768.0684168,1751925321.7263088,batch_consumer-sts-1_20250707_215531_030355.csv,True,False,False,1751925379.8232613,611754.8444271088
398258,1751924768.0686142,1751925321.7533944,batch_consumer-sts-1_20250707_215531_030355.csv,True,False,False,1751925379.8232613,611754.6470165253
398268,1751924768.0688136,1751925321.7803965,batch_consumer-sts-1_20250707_215531_030355.csv,True,False,False,1751925379.8232613,611754.4476985931
398278,1751924768.06901,1751925321.8070123,batch_consumer-sts-1_20250707_215531_030355.csv,True,False,False,1751925379.8232613,611754.251241684
398288,1751924768.0692034,1751925321.8344328,batch_consumer-sts-1_20250707_215531_030355.csv,True,False,False,1751925379.8232613,611754.0578842163
398298,1751924768.0693934,1751925322.862913,batch_consumer-sts-1_20250707_215531_030355.csv,True,False,False,1751925379.8232613,611753.8678646088
398308,1751924768.0695922,1751925322.88966,batch_consumer-sts-1_20250707_215531_030355.csv,True,False,False,1751925379.8232613,611753.6690235138
398318,1751924768.069788,1751925322.9159882,batch_consumer-sts-1_20250707_215531_030355.csv,True,False,False,1751925379.8232613,611753.4732818604
398328,1751924768.070028,1751925322.9429836,batch_consumer-sts-1_20250707_215531_030355.csv,True,False,False,1751925379.8232613,611753.2331943512
398338,1751924768.0702438,1751925322.9698627,batch_consumer-sts-1_20250707_215531_030355.csv,True,False,False,1751925379.8232613,611753.0174255371
398348,1751924768.0704813,1751925322.9962585,batch_consumer-sts-1_20250707_215531_030355.csv,True,False,False,1751925379.8232613,611752.7799606323
398358,1751924768.070718,1751925323.0225365,batch_consumer-sts-1_20250707_215531_030355.csv,True,False,False,1751925379.8232613,611752.5432109833
398368,1751924768.07095,1751925323.048373,batch_consumer-sts-1_20250707_215531_030355.csv,True,False,False,1751925379.8232613,611752.3112297058
398378,1751924768.071189,1751925323.0747736,batch_consumer-sts-1_20250707_215531_030355.csv,True,False,False,1751925379.8232613,611752.0723342896
398388,1751924768.0714366,1751925323.1013525,batch_consumer-sts-1_20250707_215531_030355.csv,True,False,False,1751925379.8232613,611751.8246173859
398398,1751924768.0716217,1751925323.1280627,batch_consumer-sts-1_20250707_215531_030355.csv,True,False,False,1751925379.8232613,611751.6396045685
398408,1751924768.0718064,1751925323.1551354,batch_consumer-sts-1_20250707_215531_030355.csv,True,False,False,1751925379.8232613,611751.4548301697
398418,1751924768.071989,1751925323.1819472,batch_consumer-sts-1_20250707_215531_030355.csv,True,False,False,1751925379.8232613,611751.2722015381
398428,1751924768.07217,1751925323.2083688,batch_consumer-sts-1_20250707_215531_030355.csv,True,False,False,1751925379.8232613,611751.0912418365
398438,1751924768.072355,1751925323.2351415,batch_consumer-sts-1_20250707_215531_030355.csv,True,False,False,1751925379.8232613,611750.9062290192
398448,1751924768.0725417,1751925323.2620306,batch_consumer-sts-1_20250707_215531_030355.csv,True,False,False,1751925379.8232613,611750.7195472717
398458,1751924768.0727272,1751925323.2888985,batch_consumer-sts-1_20250707_215531_030355.csv,True,False,False,1751925379.8232613,611750.5340576172
398468,1751924768.072908,1751925323.315377,batch_consumer-sts-1_20250707_215531_030355.csv,True,False,False,1751925379.8232613,611750.3533363342
398478,1751924768.0730982,1751925323.3423228,batch_consumer-sts-1_20250707_215531_030355.csv,True,False,False,1751925379.8232613,611750.1630783081
398488,1751924768.0732813,1751925323.3694024,batch_consumer-sts-1_20250707_215531_030355.csv,True,False,False,1751925379.8232613,611749.9799728394
398498,1751924768.0734642,1751925323.3966136,batch_consumer-sts-1_20250707_215531_030355.csv,True,False,False,1751925379.8232613,611749.7971057892
398508,1751924768.0736735,1751925323.42315,batch_consumer-sts-1_20250707_215531_030355.csv,True,False,False,1751925379.8232613,611749.5877742767
398518,1751924768.0738633,1751925323.4500003,batch_consumer-sts-1_20250707_215531_030355.csv,True,False,False,1751925379.8232613,611749.3979930878
398528,1751924768.074056,1751925323.5620887,batch_consumer-sts-1_20250707_215531_030355.csv,True,False,False,1751925379.8232613,611749.2053508759
398538,1751924768.0742872,1751925323.589073,batch_consumer-sts-1_20250707_215531_030355.csv,True,False,False,1751925379.8232613,611748.9740848541
398548,1751924768.0745108,1751925323.6157012,batch_consumer-sts-1_20250707_215531_030355.csv,True,False,False,1751925379.8232613,611748.7504482269
398558,1751924768.074747,1751925323.64306,batch_consumer-sts-1_20250707_215531_030355.csv,True,False,False,1751925379.8232613,611748.514175415
398568,1751924768.0749831,1751925324.1440947,batch_consumer-sts-1_20250707_215531_030355.csv,True,False,False,1751925379.8232613,611748.2781410217
398578,1751924768.0752175,1751925324.1707537,batch_consumer-sts-1_20250707_215531_030355.csv,True,False,False,1751925379.8232613,611748.0437755585
398588,1751924768.075463,1751925324.1981468,batch_consumer-sts-1_20250707_215531_030355.csv,True,False,False,1751925379.8232613,611747.798204422
398598,1751924768.075644,1751925324.2247305,batch_consumer-sts-1_20250707_215531_030355.csv,True,False,False,1751925379.8232613,611747.6172447205
398608,1751924768.0758262,1751925324.2506137,batch_consumer-sts-1_20250707_215531_030355.csv,True,False,False,1751925379.8232613,611747.435092926
398618,1751924768.0760098,1751925324.2774174,batch_consumer-sts-1_20250707_215531_030355.csv,True,False,False,1751925379.8232613,611747.2515106201
398628,1751924768.076198,1751925324.304113,batch_consumer-sts-1_20250707_215531_030355.csv,True,False,False,1751925379.8232613,611747.0631599426
398638,1751924768.0763814,1751925324.330781,batch_consumer-sts-1_20250707_215531_030355.csv,True,False,False,1751925379.8232613,611746.8798160553
398648,1751924768.0765927,1751925324.3577535,batch_consumer-sts-1_20250707_215531_030355.csv,True,False,False,1751925379.8232613,611746.6685771942
398658,1751924768.0767767,1751925324.3844025,batch_consumer-sts-1_20250707_215531_030355.csv,True,False,False,1751925379.8232613,611746.4845180511
398668,1751924768.076968,1751925324.4107032,batch_consumer-sts-1_20250707_215531_030355.csv,True,False,False,1751925379.8232613,611746.2933063507
398678,1751924768.0771558,1751925324.4373655,batch_consumer-sts-1_20250707_215531_030355.csv,True,False,False,1751925379.8232613,611746.1054325104
398688,1751924768.0773468,1751925324.4676812,batch_consumer-sts-1_20250707_215531_030355.csv,True,False,False,1751925379.8232613,611745.9144592285
398698,1751924768.077541,1751925324.4944484,batch_consumer-sts-1_20250707_215531_030355.csv,True,False,False,1751925379.8232613,611745.7201480865
398708,1751924768.0777411,1751925324.520493,batch_consumer-sts-1_20250707_215531_030355.csv,True,False,False,1751925379.8232613,611745.5201148987
398718,1751924768.0779252,1751925324.5504365,batch_consumer-sts-1_20250707_215531_030355.csv,True,False,False,1751925379.8232613,611745.3360557556
398728,1751924768.0781057,1751925324.5770967,batch_consumer-sts-1_20250707_215531_030355.csv,True,False,False,1751925379.8232613,611745.1555728912
398738,1751924768.0783324,1751925324.604678,batch_consumer-sts-1_20250707_215531_030355.csv,True,False,False,1751925379.8232613,611744.9288368225
398748,1751924768.0785933,1751925324.63158,batch_consumer-sts-1_20250707_215531_030355.csv,True,False,False,1751925379.8232613,611744.668006897
398758,1751924768.0788124,1751925324.6588323,batch_consumer-sts-1_20250707_215531_030355.csv,True,False,False,1751925379.8232613,611744.4489002228
398768,1751924768.0790272,1751925324.686449,batch_consumer-sts-1_20250707_215531_030355.csv,True,False,False,1751925379.8232613,611744.234085083
398778,1751924768.079253,1751925324.7132554,batch_consumer-sts-1_20250707_215531_030355.csv,True,False,False,1751925379.8232613,611744.0083026886
398788,1751924768.079469,1751925324.7407908,batch_consumer-sts-1_20250707_215531_030355.csv,True,False,False,1751925379.8232613,611743.7922954559
398798,1751924768.079651,1751925324.7680528,batch_consumer-sts-1_20250707_215531_030355.csv,True,False,False,1751925379.8232613,611743.6101436615
398808,1751924768.0798354,1751925324.7945428,batch_consumer-sts-1_20250707_215531_030355.csv,True,False,False,1751925379.8232613,611743.4258460999
398818,1751924768.0800557,1751925324.8208666,batch_consumer-sts-1_20250707_215531_030355.csv,True,False,False,1751925379.8232613,611743.2055473328
398828,1751924768.0803216,1751925324.8475254,batch_consumer-sts-1_20250707_215531_030355.csv,True,False,False,1751925379.8232613,611742.9397106171
398838,1751924768.0805087,1751925324.8746169,batch_consumer-sts-1_20250707_215531_030355.csv,True,False,False,1751925379.8232613,611742.7525520325
398848,1751924768.0806952,1751925324.9013853,batch_consumer-sts-1_20250707_215531_030355.csv,True,False,False,1751925379.8232613,611742.5661087036
398858,1751924768.0808787,1751925324.9283605,batch_consumer-sts-1_20250707_215531_030355.csv,True,False,False,1751925379.8232613,611742.3825263977
398868,1751924768.0810616,1751925324.9553013,batch_consumer-sts-1_20250707_215531_030355.csv,True,False,False,1751925379.8232613,611742.1996593475
398878,1751924768.0815122,1751925324.9817245,batch_consumer-sts-1_20250707_215531_030355.csv,True,False,False,1751925379.8232613,611741.749048233
398888,1751924768.081698,1751925325.0076284,batch_consumer-sts-1_20250707_215531_030355.csv,True,False,False,1751925379.8232613,611741.5633201599
398898,1751924768.0818732,1751925325.0347502,batch_consumer-sts-1_20250707_215531_030355.csv,True,False,False,1751925379.8232613,611741.3880825043
398908,1751924768.0820494,1751925325.060727,batch_consumer-sts-1_20250707_215531_030355.csv,True,False,False,1751925379.8232613,611741.2118911743
398918,1751924768.0822706,1751925325.0878265,batch_consumer-sts-1_20250707_215531_030355.csv,True,False,False,1751925379.8232613,611740.9906387329
402408,1751924768.1638649,1751925325.1141586,batch_consumer-sts-1_20250707_215531_030355.csv,True,False,False,1751925379.8232613,611659.3964099884
402418,1751924768.164386,1751925325.140829,batch_consumer-sts-1_20250707_215531_030355.csv,True,False,False,1751925379.8232613,611658.8752269745
402428,1751924768.1645758,1751925325.1665814,batch_consumer-sts-1_20250707_215531_030355.csv,True,False,False,1751925379.8232613,611658.6854457855
402438,1751924768.1650245,1751925325.1932287,batch_consumer-sts-1_20250707_215531_030355.csv,True,False,False,1751925379.8232613,611658.2367420197
402448,1751924768.1652164,1751925325.2194097,batch_consumer-sts-1_20250707_215531_030355.csv,True,False,False,1751925379.8232613,611658.0448150635
402458,1751924768.165396,1751925325.246639,batch_consumer-sts-1_20250707_215531_030355.csv,True,False,False,1751925379.8232613,611657.8652858734
402468,1751924768.1656015,1751925325.2754283,batch_consumer-sts-1_20250707_215531_030355.csv,True,False,False,1751925379.8232613,611657.6597690582
402478,1751924768.165796,1751925325.302476,batch_consumer-sts-1_20250707_215531_030355.csv,True,False,False,1751925379.8232613,611657.4652194977
402488,1751924768.166081,1751925325.329815,batch_consumer-sts-1_20250707_215531_030355.csv,True,False,False,1751925379.8232613,611657.1803092957
402498,1751924768.1665542,1751925325.3569825,batch_consumer-sts-1_20250707_215531_030355.csv,True,False,False,1751925379.8232613,611656.7070484161
402508,1751924768.1674309,1751925325.3850431,batch_consumer-sts-1_20250707_215531_030355.csv,True,False,False,1751925379.8232613,611655.8303833008
402518,1751924768.1676142,1751925325.4119823,batch_consumer-sts-1_20250707_215531_030355.csv,True,False,False,1751925379.8232613,611655.6470394135
402528,1751924768.1677976,1751925325.4388552,batch_consumer-sts-1_20250707_215531_030355.csv,True,False,False,1751925379.8232613,611655.4636955261
402538,1751924768.1679745,1751925325.4661002,batch_consumer-sts-1_20250707_215531_030355.csv,True,False,False,1751925379.8232613,611655.2867889404
402548,1751924768.1681583,1751925325.4937158,batch_consumer-sts-1_20250707_215531_030355.csv,True,False,False,1751925379.8232613,611655.102968216
402558,1751924768.1683404,1751925325.5199826,batch_consumer-sts-1_20250707_215531_030355.csv,True,False,False,1751925379.8232613,611654.9208164215
402568,1751924768.1686058,1751925325.5473194,batch_consumer-sts-1_20250707_215531_030355.csv,True,False,False,1751925379.8232613,611654.655456543
402578,1751924768.1701005,1751925325.574359,batch_consumer-sts-1_20250707_215531_030355.csv,True,False,False,1751925379.8232613,611653.1608104706
402588,1751924768.1705608,1751925325.6013887,batch_consumer-sts-1_20250707_215531_030355.csv,True,False,False,1751925379.8232613,611652.7004241943
402598,1751924768.1707847,1751925325.6281726,batch_consumer-sts-1_20250707_215531_030355.csv,True,False,False,1751925379.8232613,611652.4765491486
402608,1751924768.170993,1751925325.6561222,batch_consumer-sts-1_20250707_215531_030355.csv,True,False,False,1751925379.8232613,611652.2681713104
402618,1751924768.171183,1751925325.68266,batch_consumer-sts-1_20250707_215531_030355.csv,True,False,False,1751925379.8232613,611652.0781517029
402628,1751924768.1713915,1751925325.708223,batch_consumer-sts-1_20250707_215531_030355.csv,True,False,False,1751925379.8232613,611651.8697738647
402638,1751924768.1715698,1751925325.735014,batch_consumer-sts-1_20250707_215531_030355.csv,True,False,False,1751925379.8232613,611651.6914367676
402648,1751924768.1717756,1751925325.7621095,batch_consumer-sts-1_20250707_215531_030355.csv,True,False,False,1751925379.8232613,611651.4856815338
402658,1751924768.1719675,1751925325.7889578,batch_consumer-sts-1_20250707_215531_030355.csv,True,False,False,1751925379.8232613,611651.2937545776
402668,1751924768.1721644,1751925325.815892,batch_consumer-sts-1_20250707_215531_030355.csv,True,False,False,1751925379.8232613,611651.0968208313
402678,1751924768.1723552,1751925325.8431685,batch_consumer-sts-1_20250707_215531_030355.csv,True,False,False,1751925379.8232613,611650.906085968
402688,1751924768.1726923,1751925325.870843,batch_consumer-sts-1_20250707_215531_030355.csv,True,False,False,1751925379.8232613,611650.5689620972
402698,1751924768.172885,1751925325.89897,batch_consumer-sts-1_20250707_215531_030355.csv,True,False,False,1751925379.8232613,611650.3763198853
402708,1751924768.173077,1751925325.9260864,batch_consumer-sts-1_20250707_215531_030355.csv,True,False,False,1751925379.8232613,611650.1841545105
402718,1751924768.1734118,1751925325.9532187,batch_consumer-sts-1_20250707_215531_030355.csv,True,False,False,1751925379.8232613,611649.8494148254
402728,1751924768.1736088,1751925325.9805653,batch_consumer-sts-1_20250707_215531_030355.csv,True,False,False,1751925379.8232613,611649.6524810791
402738,1751924768.1737993,1751925326.0077405,batch_consumer-sts-1_20250707_215531_030355.csv,True,False,False,1751925379.8232613,611649.4619846344
402748,1751924768.173988,1751925326.0334196,batch_consumer-sts-1_20250707_215531_030355.csv,True,False,False,1751925379.8232613,611649.2731571198
402758,1751924768.1742032,1751925326.060218,batch_consumer-sts-1_20250707_215531_030355.csv,True,False,False,1751925379.8232613,611649.0581035614
402768,1751924768.1745677,1751925326.0871696,batch_consumer-sts-1_20250707_215531_030355.csv,True,False,False,1751925379.8232613,611648.693561554
402778,1751924768.1747506,1751925326.1134703,batch_consumer-sts-1_20250707_215531_030355.csv,True,False,False,1751925379.8232613,611648.5106945038
402788,1751924768.1750915,1751925326.1405191,batch_consumer-sts-1_20250707_215531_030355.csv,True,False,False,1751925379.8232613,611648.1697559357
402798,1751924768.1752772,1751925326.167416,batch_consumer-sts-1_20250707_215531_030355.csv,True,False,False,1751925379.8232613,611647.9840278625
402808,1751924768.1757977,1751925326.1940067,batch_consumer-sts-1_20250707_215531_030355.csv,True,False,False,1751925379.8232613,611647.4635601044
402818,1751924768.17599,1751925326.220178,batch_consumer-sts-1_20250707_215531_030355.csv,True,False,False,1751925379.8232613,611647.271156311
402828,1751924768.176182,1751925326.247276,batch_consumer-sts-1_20250707_215531_030355.csv,True,False,False,1751925379.8232613,611647.0792293549
402838,1751924768.1765175,1751925326.274688,batch_consumer-sts-1_20250707_215531_030355.csv,True,False,False,1751925379.8232613,611646.7437744141
402848,1751924768.176878,1751925326.3015523,batch_consumer-sts-1_20250707_215531_030355.csv,True,False,False,1751925379.8232613,611646.3832855225
402858,1751924768.1772373,1751925326.328623,batch_consumer-sts-1_20250707_215531_030355.csv,True,False,False,1751925379.8232613,611646.0239887238
402868,1751924768.1775565,1751925326.355857,batch_consumer-sts-1_20250707_215531_030355.csv,True,False,False,1751925379.8232613,611645.7047462463
402878,1751924768.1778812,1751925326.3828158,batch_consumer-sts-1_20250707_215531_030355.csv,True,False,False,1751925379.8232613,611645.3800201416
402888,1751924768.1782138,1751925326.409294,batch_consumer-sts-1_20250707_215531_030355.csv,True,False,False,1751925379.8232613,611645.0474262238
402898,1751924768.1786914,1751925326.4362705,batch_consumer-sts-1_20250707_215531_030355.csv,True,False,False,1751925379.8232613,611644.5698738098
402908,1751924768.179043,1751925326.4633968,batch_consumer-sts-1_20250707_215531_030355.csv,True,False,False,1751925379.8232613,611644.2182064056
402918,1751924768.1793723,1751925326.4899604,batch_consumer-sts-1_20250707_215531_030355.csv,True,False,False,1751925379.8232613,611643.8889503479
402928,1751924768.1795523,1751925326.516699,batch_consumer-sts-1_20250707_215531_030355.csv,True,False,False,1751925379.8232613,611643.7089443207
402938,1751924768.1797342,1751925326.5435245,batch_consumer-sts-1_20250707_215531_030355.csv,True,False,False,1751925379.8232613,611643.5270309448
402948,1751924768.1799166,1751925327.0436866,batch_consumer-sts-1_20250707_215531_030355.csv,True,False,False,1751925379.8232613,611643.3446407318
402958,1751924768.1800926,1751925327.0705438,batch_consumer-sts-1_20250707_215531_030355.csv,True,False,False,1751925379.8232613,611643.1686878204
402968,1751924768.180271,1751925327.097239,batch_consumer-sts-1_20250707_215531_030355.csv,True,False,False,1751925379.8232613,611642.9903507233
402978,1751924768.1804495,1751925328.125317,batch_consumer-sts-1_20250707_215531_030355.csv,True,False,False,1751925379.8232613,611642.8117752075
402988,1751924768.180627,1751925328.15232,batch_consumer-sts-1_20250707_215531_030355.csv,True,False,False,1751925379.8232613,611642.6341533661
402998,1751924768.1808062,1751925328.1789515,batch_consumer-sts-1_20250707_215531_030355.csv,True,False,False,1751925379.8232613,611642.4551010132
403008,1751924768.1809795,1751925328.2056837,batch_consumer-sts-1_20250707_215531_030355.csv,True,False,False,1751925379.8232613,611642.2817707062
403018,1751924768.181161,1751925328.232617,batch_consumer-sts-1_20250707_215531_030355.csv,True,False,False,1751925379.8232613,611642.1003341675
403028,1751924768.1813416,1751925328.2594976,batch_consumer-sts-1_20250707_215531_030355.csv,True,False,False,1751925379.8232613,611641.9196128845
403038,1751924768.1815176,1751925328.2864802,batch_consumer-sts-1_20250707_215531_030355.csv,True,False,False,1751925379.8232613,611641.7436599731
403048,1751924768.1816964,1751925328.3126233,batch_consumer-sts-1_20250707_215531_030355.csv,True,False,False,1751925379.8232613,611641.5648460388
403058,1751924768.1818802,1751925328.339626,batch_consumer-sts-1_20250707_215531_030355.csv,True,False,False,1751925379.8232613,611641.3810253143
403068,1751924768.182061,1751925328.3664606,batch_consumer-sts-1_20250707_215531_030355.csv,True,False,False,1751925379.8232613,611641.2003040314
403078,1751924768.18225,1751925328.393361,batch_consumer-sts-1_20250707_215531_030355.csv,True,False,False,1751925379.8232613,611641.0112380981
403088,1751924768.1824284,1751925328.4198284,batch_consumer-sts-1_20250707_215531_030355.csv,True,False,False,1751925379.8232613,611640.832901001
403098,1751924768.182608,1751925328.4467783,batch_consumer-sts-1_20250707_215531_030355.csv,True,False,False,1751925379.8232613,611640.6533718109
403108,1751924768.1827855,1751925328.4735632,batch_consumer-sts-1_20250707_215531_030355.csv,True,False,False,1751925379.8232613,611640.4757499695
403118,1751924768.1829677,1751925328.500775,batch_consumer-sts-1_20250707_215531_030355.csv,True,False,False,1751925379.8232613,611640.293598175
403128,1751924768.1831498,1751925328.5273335,batch_consumer-sts-1_20250707_215531_030355.csv,True,False,False,1751925379.8232613,611640.1114463806
403138,1751924768.183349,1751925328.5543504,batch_consumer-sts-1_20250707_215531_030355.csv,True,False,False,1751925379.8232613,611639.9123668671
403148,1751924768.1835434,1751925328.5812943,batch_consumer-sts-1_20250707_215531_030355.csv,True,False,False,1751925379.8232613,611639.7178173065
403158,1751924768.183733,1751925328.685723,batch_consumer-sts-1_20250707_215531_030355.csv,True,False,False,1751925379.8232613,611639.5282745361
403168,1751924768.1839244,1751925328.7128308,batch_consumer-sts-1_20250707_215531_030355.csv,True,False,False,1751925379.8232613,611639.3368244171
403178,1751924768.1841187,1751925328.8294406,batch_consumer-sts-1_20250707_215531_030355.csv,True,False,False,1751925379.8232613,611639.1425132751
403188,1751924768.1843092,1751925328.856542,batch_consumer-sts-1_20250707_215531_030355.csv,True,False,False,1751925379.8232613,611638.9520168304
403198,1751924768.1845002,1751925328.8832977,batch_consumer-sts-1_20250707_215531_030355.csv,True,False,False,1751925379.8232613,611638.7610435486
403208,1751924768.1846972,1751925328.9098945,batch_consumer-sts-1_20250707_215531_030355.csv,True,False,False,1751925379.8232613,611638.5641098022
403218,1751924768.184876,1751925328.936666,batch_consumer-sts-1_20250707_215531_030355.csv,True,False,False,1751925379.8232613,611638.3852958679
403228,1751924768.1850648,1751925328.9633744,batch_consumer-sts-1_20250707_215531_030355.csv,True,False,False,1751925379.8232613,611638.1964683533
403238,1751924768.1852458,1751925328.990173,batch_consumer-sts-1_20250707_215531_030355.csv,True,False,False,1751925379.8232613,611638.0155086517
403248,1751924768.1854272,1751925329.017039,batch_consumer-sts-1_20250707_215531_030355.csv,True,False,False,1751925379.8232613,611637.834072113
403258,1751924768.1856043,1751925329.043851,batch_consumer-sts-1_20250707_215531_030355.csv,True,False,False,1751925379.8232613,611637.6569271088
403268,1751924768.1857872,1751925329.0703015,batch_consumer-sts-1_20250707_215531_030355.csv,True,False,False,1751925379.8232613,611637.4740600586
403278,1751924768.1859744,1751925329.097182,batch_consumer-sts-1_20250707_215531_030355.csv,True,False,False,1751925379.8232613,611637.286901474
403288,1751924768.1861658,1751925329.161105,batch_consumer-sts-1_20250707_215531_030355.csv,True,False,False,1751925379.8232613,611637.095451355
403298,1751924768.1863475,1751925329.1882107,batch_consumer-sts-1_20250707_215531_030355.csv,True,False,False,1751925379.8232613,611636.9137763977
403308,1751924768.1865342,1751925329.2145607,batch_consumer-sts-1_20250707_215531_030355.csv,True,False,False,1751925379.8232613,611636.7270946503
403318,1751924768.1867175,1751925329.2452767,batch_consumer-sts-1_20250707_215531_030355.csv,True,False,False,1751925379.8232613,611636.5437507629
403328,1751924768.1869051,1751925329.2730489,batch_consumer-sts-1_20250707_215531_030355.csv,True,False,False,1751925379.8232613,611636.3561153412
403338,1751924768.18709,1751925329.3001952,batch_consumer-sts-1_20250707_215531_030355.csv,True,False,False,1751925379.8232613,611636.1713409424
403348,1751924768.187281,1751925329.327562,batch_consumer-sts-1_20250707_215531_030355.csv,True,False,False,1751925379.8232613,611635.9803676605
403358,1751924768.1874669,1751925329.3548634,batch_consumer-sts-1_20250707_215531_030355.csv,True,False,False,1751925379.8232613,611635.7944011688
403368,1751924768.1876526,1751925329.3821354,batch_consumer-sts-1_20250707_215531_030355.csv,True,False,False,1751925379.8232613,611635.6086730957
403378,1751924768.1878366,1751925329.4088483,batch_consumer-sts-1_20250707_215531_030355.csv,True,False,False,1751925379.8232613,611635.4246139526
403388,1751924768.1880193,1751925329.435755,batch_consumer-sts-1_20250707_215531_030355.csv,True,False,False,1751925379.8232613,611635.241985321
403398,1751924768.1882038,1751925329.4626236,batch_consumer-sts-1_20250707_215531_030355.csv,True,False,False,1751925379.8232613,611635.0574493408
403408,1751924768.1883924,1751925329.488574,batch_consumer-sts-1_20250707_215531_030355.csv,True,False,False,1751925379.8232613,611634.8688602448
403418,1751924768.1885767,1751925329.515032,batch_consumer-sts-1_20250707_215531_030355.csv,True,False,False,1751925379.8232613,611634.6845626831
403428,1751924768.1887653,1751925329.5415993,batch_consumer-sts-1_20250707_215531_030355.csv,True,False,False,1751925379.8232613,611634.495973587
403438,1751924768.1889548,1751925329.568057,batch_consumer-sts-1_20250707_215531_030355.csv,True,False,False,1751925379.8232613,611634.3064308167
403448,1751924768.1891358,1751925329.5951416,batch_consumer-sts-1_20250707_215531_030355.csv,True,False,False,1751925379.8232613,611634.1254711151
403458,1751924768.189324,1751925329.6214936,batch_consumer-sts-1_20250707_215531_030355.csv,True,False,False,1751925379.8232613,611633.9373588562
403468,1751924768.1895082,1751925329.6481442,batch_consumer-sts-1_20250707_215531_030355.csv,True,False,False,1751925379.8232613,611633.7530612946
403478,1751924768.1896925,1751925329.675062,batch_consumer-sts-1_20250707_215531_030355.csv,True,False,False,1751925379.8232613,611633.5687637329
403488,1751924768.1898775,1751925329.7049048,batch_consumer-sts-1_20250707_215531_030355.csv,True,False,False,1751925379.8232613,611633.3837509155
403498,1751924768.1900551,1751925329.731639,batch_consumer-sts-1_20250707_215531_030355.csv,True,False,False,1751925379.8232613,611633.2061290741
403508,1751924768.1902423,1751925329.758244,batch_consumer-sts-1_20250707_215531_030355.csv,True,False,False,1751925379.8232613,611633.0189704895
403518,1751924768.1904256,1751925329.7850602,batch_consumer-sts-1_20250707_215531_030355.csv,True,False,False,1751925379.8232613,611632.8356266022
403528,1751924768.190611,1751925329.8112009,batch_consumer-sts-1_20250707_215531_030355.csv,True,False,False,1751925379.8232613,611632.6503753662
403538,1751924768.190806,1751925329.8387802,batch_consumer-sts-1_20250707_215531_030355.csv,True,False,False,1751925379.8232613,611632.4553489685
403548,1751924768.190982,1751925329.8658395,batch_consumer-sts-1_20250707_215531_030355.csv,True,False,False,1751925379.8232613,611632.2791576385
403558,1751924768.191163,1751925329.8929918,batch_consumer-sts-1_20250707_215531_030355.csv,True,False,False,1751925379.8232613,611632.098197937
403568,1751924768.1913424,1751925329.919227,batch_consumer-sts-1_20250707_215531_030355.csv,True,False,False,1751925379.8232613,611631.9189071655
403578,1751924768.191522,1751925329.9462378,batch_consumer-sts-1_20250707_215531_030355.csv,True,False,False,1751925379.8232613,611631.7393779755
403588,1751924768.1917024,1751925329.9739015,batch_consumer-sts-1_20250707_215531_030355.csv,True,False,False,1751925379.8232613,611631.5588951111
403598,1751924768.1918907,1751925330.001088,batch_consumer-sts-1_20250707_215531_030355.csv,True,False,False,1751925379.8232613,611631.3705444336
403608,1751924768.1920776,1751925330.0334918,batch_consumer-sts-1_20250707_215531_030355.csv,True,False,False,1751925379.8232613,611631.1836242676
403618,1751924768.1924174,1751925330.0621328,batch_consumer-sts-1_20250707_215531_030355.csv,True,False,False,1751925379.8232613,611630.8438777924
403628,1751924768.192603,1751925330.0894694,batch_consumer-sts-1_20250707_215531_030355.csv,True,False,False,1751925379.8232613,611630.6581497192
403638,1751924768.192786,1751925330.1165762,batch_consumer-sts-1_20250707_215531_030355.csv,True,False,False,1751925379.8232613,611630.4752826691
403648,1751924768.192975,1751925330.1436267,batch_consumer-sts-1_20250707_215531_030355.csv,True,False,False,1751925379.8232613,611630.2862167358
403658,1751924768.193159,1751925330.170793,batch_consumer-sts-1_20250707_215531_030355.csv,True,False,False,1751925379.8232613,611630.1021575928
403668,1751924768.1933596,1751925330.1979618,batch_consumer-sts-1_20250707_215531_030355.csv,True,False,False,1751925379.8232613,611629.9016475677
403678,1751924768.193553,1751925330.2247648,batch_consumer-sts-1_20250707_215531_030355.csv,True,False,False,1751925379.8232613,611629.7082901001
403688,1751924768.1937366,1751925330.2519882,batch_consumer-sts-1_20250707_215531_030355.csv,True,False,False,1751925379.8232613,611629.5247077942
403698,1751924768.1939223,1751925330.279495,batch_consumer-sts-1_20250707_215531_030355.csv,True,False,False,1751925379.8232613,611629.3389797211
403708,1751924768.1941175,1751925330.306306,batch_consumer-sts-1_20250707_215531_030355.csv,True,False,False,1751925379.8232613,611629.1437149048
403718,1751924768.1943166,1751925330.333526,batch_consumer-sts-1_20250707_215531_030355.csv,True,False,False,1751925379.8232613,611628.9446353912
403728,1751924768.1945095,1751925330.3606584,batch_consumer-sts-1_20250707_215531_030355.csv,True,False,False,1751925379.8232613,611628.7517547607
403738,1751924768.1947007,1751925330.3868144,batch_consumer-sts-1_20250707_215531_030355.csv,True,False,False,1751925379.8232613,611628.5605430603
403748,1751924768.1948912,1751925330.413708,batch_consumer-sts-1_20250707_215531_030355.csv,True,False,False,1751925379.8232613,611628.3700466156
403758,1751924768.195088,1751925330.4394443,batch_consumer-sts-1_20250707_215531_030355.csv,True,False,False,1751925379.8232613,611628.1733512878
403768,1751924768.195282,1751925330.4663675,batch_consumer-sts-1_20250707_215531_030355.csv,True,False,False,1751925379.8232613,611627.9792785645
403778,1751924768.1954873,1751925330.4931989,batch_consumer-sts-1_20250707_215531_030355.csv,True,False,False,1751925379.8232613,611627.7740001678
403788,1751924768.1956656,1751925330.519497,batch_consumer-sts-1_20250707_215531_030355.csv,True,False,False,1751925379.8232613,611627.5956630707
403798,1751924768.1958463,1751925330.5463843,batch_consumer-sts-1_20250707_215531_030355.csv,True,False,False,1751925379.8232613,611627.4149417877
403808,1751924768.196027,1751925330.5728254,batch_consumer-sts-1_20250707_215531_030355.csv,True,False,False,1751925379.8232613,611627.2342205048
403818,1751924768.1962235,1751925330.599311,batch_consumer-sts-1_20250707_215531_030355.csv,True,False,False,1751925379.8232613,611627.0377635956
403828,1751924768.196411,1751925330.6256492,batch_consumer-sts-1_20250707_215531_030355.csv,True,False,False,1751925379.8232613,611626.8503665924
403838,1751924768.196632,1751925330.6523647,batch_consumer-sts-1_20250707_215531_030355.csv,True,False,False,1751925379.8232613,611626.6293525696
403848,1751924768.1968644,1751925330.6788957,batch_consumer-sts-1_20250707_215531_030355.csv,True,False,False,1751925379.8232613,611626.396894455
403858,1751924768.197095,1751925330.7057538,batch_consumer-sts-1_20250707_215531_030355.csv,True,False,False,1751925379.8232613,611626.166343689
403868,1751924768.197328,1751925330.7347512,batch_consumer-sts-1_20250707_215531_030355.csv,True,False,False,1751925379.8232613,611625.9331703186
403878,1751924768.1975543,1751925330.7614455,batch_consumer-sts-1_20250707_215531_030355.csv,True,False,False,1751925379.8232613,611625.706911087
403888,1751924768.1977997,1751925330.7885394,batch_consumer-sts-1_20250707_215531_030355.csv,True,False,False,1751925379.8232613,611625.4615783691
403898,1751924768.197993,1751925330.8148165,batch_consumer-sts-1_20250707_215531_030355.csv,True,False,False,1751925379.8232613,611625.2682209015
403908,1751924768.1981957,1751925330.8410094,batch_consumer-sts-1_20250707_215531_030355.csv,True,False,False,1751925379.8232613,611625.0655651093
403918,1751924768.1983898,1751925330.867741,batch_consumer-sts-1_20250707_215531_030355.csv,True,False,False,1751925379.8232613,611624.8714923859
403928,1751924768.1986156,1751925330.8944604,batch_consumer-sts-1_20250707_215531_030355.csv,True,False,False,1751925379.8232613,611624.6457099915
403938,1751924768.198846,1751925330.9206922,batch_consumer-sts-1_20250707_215531_030355.csv,True,False,False,1751925379.8232613,611624.4151592255
403948,1751924768.1990774,1751925330.9476666,batch_consumer-sts-1_20250707_215531_030355.csv,True,False,False,1751925379.8232613,611624.1838932037
403958,1751924768.199304,1751925330.974434,batch_consumer-sts-1_20250707_215531_030355.csv,True,False,False,1751925379.8232613,611623.957157135
403968,1751924768.1995292,1751925331.0010457,batch_consumer-sts-1_20250707_215531_030355.csv,True,False,False,1751925379.8232613,611623.7320899963
403978,1751924768.199767,1751925331.2368226,batch_consumer-sts-1_20250707_215551_751922.csv,True,False,False,1751925379.8232613,611623.4941482544
403988,1751924768.199969,1751925331.2636216,batch_consumer-sts-1_20250707_215551_751922.csv,True,False,False,1751925379.8232613,611623.2922077179
403998,1751924768.2001498,1751925331.2907915,batch_consumer-sts-1_20250707_215551_751922.csv,True,False,False,1751925379.8232613,611623.1114864349
404008,1751924768.200328,1751925331.316285,batch_consumer-sts-1_20250707_215551_751922.csv,True,False,False,1751925379.8232613,611622.9331493378
404018,1751924768.2005105,1751925331.3429556,batch_consumer-sts-1_20250707_215551_751922.csv,True,False,False,1751925379.8232613,611622.7507591248
404028,1751924768.2006905,1751925331.3694277,batch_consumer-sts-1_20250707_215551_751922.csv,True,False,False,1751925379.8232613,611622.5707530975
404038,1751924768.2008688,1751925331.396472,batch_consumer-sts-1_20250707_215551_751922.csv,True,False,False,1751925379.8232613,611622.3924160004
404048,1751924768.201048,1751925331.4224694,batch_consumer-sts-1_20250707_215551_751922.csv,True,False,False,1751925379.8232613,611622.2133636475
404058,1751924768.201235,1751925331.4489024,batch_consumer-sts-1_20250707_215551_751922.csv,True,False,False,1751925379.8232613,611622.0262050629
404068,1751924768.2014167,1751925331.4753337,batch_consumer-sts-1_20250707_215551_751922.csv,True,False,False,1751925379.8232613,611621.8445301056
404078,1751924768.2015972,1751925331.5018127,batch_consumer-sts-1_20250707_215551_751922.csv,True,False,False,1751925379.8232613,611621.6640472412
404088,1751924768.2017846,1751925331.5279803,batch_consumer-sts-1_20250707_215551_751922.csv,True,False,False,1751925379.8232613,611621.476650238
404098,1751924768.2019677,1751925331.5544174,batch_consumer-sts-1_20250707_215551_751922.csv,True,False,False,1751925379.8232613,611621.2935447693
404108,1751924768.2021608,1751925331.5815682,batch_consumer-sts-1_20250707_215551_751922.csv,True,False,False,1751925379.8232613,611621.1004257202
404118,1751924768.2023575,1751925331.607918,batch_consumer-sts-1_20250707_215551_751922.csv,True,False,False,1751925379.8232613,611620.9037303925
404128,1751924768.202543,1751925331.6347554,batch_consumer-sts-1_20250707_215551_751922.csv,True,False,False,1751925379.8232613,611620.7182407379
404138,1751924768.2027197,1751925331.6621451,batch_consumer-sts-1_20250707_215551_751922.csv,True,False,False,1751925379.8232613,611620.5415725708
404148,1751924768.2029004,1751925332.3984332,batch_consumer-sts-1_20250707_215551_751922.csv,True,False,False,1751925379.8232613,611620.3608512878
404158,1751924768.2030766,1751925332.4272952,batch_consumer-sts-1_20250707_215551_751922.csv,True,False,False,1751925379.8232613,611620.1846599579
404168,1751924768.2032883,1751925332.4589405,batch_consumer-sts-1_20250707_215551_751922.csv,True,False,False,1751925379.8232613,611619.9729442596
404178,1751924768.203488,1751925333.4877698,batch_consumer-sts-1_20250707_215551_751922.csv,True,False,False,1751925379.8232613,611619.7731494904
404188,1751924768.2036736,1751925333.5142531,batch_consumer-sts-1_20250707_215551_751922.csv,True,False,False,1751925379.8232613,611619.5876598358
404198,1751924768.2038555,1751925333.540881,batch_consumer-sts-1_20250707_215551_751922.csv,True,False,False,1751925379.8232613,611619.40574646
418238,1751924768.5246935,1751925333.567855,batch_consumer-sts-1_20250707_215551_751922.csv,True,False,False,1751925379.8232613,611298.5677719116
418248,1751924768.524932,1751925333.5951562,batch_consumer-sts-1_20250707_215551_751922.csv,True,False,False,1751925379.8232613,611298.3293533325
418258,1751924768.525149,1751925333.621298,batch_consumer-sts-1_20250707_215551_751922.csv,True,False,False,1751925379.8232613,611298.112154007
418268,1751924768.5253968,1751925333.647885,batch_consumer-sts-1_20250707_215551_751922.csv,True,False,False,1751925379.8232613,611297.8644371033
418278,1751924768.525621,1751925333.6744854,batch_consumer-sts-1_20250707_215551_751922.csv,True,False,False,1751925379.8232613,611297.6403236389
418288,1751924768.525847,1751925333.7016945,batch_consumer-sts-1_20250707_215551_751922.csv,True,False,False,1751925379.8232613,611297.4143028259
418298,1751924768.5260634,1751925333.749679,batch_consumer-sts-1_20250707_215551_751922.csv,True,False,False,1751925379.8232613,611297.1978187561
418308,1751924768.5263867,1751925333.77659,batch_consumer-sts-1_20250707_215551_751922.csv,True,False,False,1751925379.8232613,611296.8745231628
418318,1751924768.5266223,1751925333.8034527,batch_consumer-sts-1_20250707_215551_751922.csv,True,False,False,1751925379.8232613,611296.6389656067
418328,1751924768.5268624,1751925333.830747,batch_consumer-sts-1_20250707_215551_751922.csv,True,False,False,1751925379.8232613,611296.3988780975
418338,1751924768.5271015,1751925333.8575494,batch_consumer-sts-1_20250707_215551_751922.csv,True,False,False,1751925379.8232613,611296.1597442627
418348,1751924768.5274992,1751925333.8845396,batch_consumer-sts-1_20250707_215551_751922.csv,True,False,False,1751925379.8232613,611295.7620620728
418358,1751924768.527849,1751925333.9107945,batch_consumer-sts-1_20250707_215551_751922.csv,True,False,False,1751925379.8232613,611295.4123020172
418368,1751924768.5281224,1751925333.939588,batch_consumer-sts-1_20250707_215551_751922.csv,True,False,False,1751925379.8232613,611295.138835907
418378,1751924768.528345,1751925333.9632528,batch_consumer-sts-1_20250707_215551_751922.csv,True,False,False,1751925379.8232613,611294.9161529541
418388,1751924768.528867,1751925333.989808,batch_consumer-sts-1_20250707_215551_751922.csv,True,False,False,1751925379.8232613,611294.3942546844
418398,1751924768.5293791,1751925334.0160136,batch_consumer-sts-1_20250707_215551_751922.csv,True,False,False,1751925379.8232613,611293.8821315765
418408,1751924768.5295951,1751925334.043367,batch_consumer-sts-1_20250707_215551_751922.csv,True,False,False,1751925379.8232613,611293.6661243439
418418,1751924768.5298193,1751925334.0706437,batch_consumer-sts-1_20250707_215551_751922.csv,True,False,False,1751925379.8232613,611293.4420108795
418428,1751924768.5300562,1751925334.0975473,batch_consumer-sts-1_20250707_215551_751922.csv,True,False,False,1751925379.8232613,611293.2050228119
418438,1751924768.5303197,1751925334.1260502,batch_consumer-sts-1_20250707_215551_751922.csv,True,False,False,1751925379.8232613,611292.941570282
418448,1751924768.530548,1751925334.152929,batch_consumer-sts-1_20250707_215551_751922.csv,True,False,False,1751925379.8232613,611292.7131652832
418458,1751924768.5307815,1751925334.1795502,batch_consumer-sts-1_20250707_215551_751922.csv,True,False,False,1751925379.8232613,611292.4797534943
418468,1751924768.5310078,1751925334.206066,batch_consumer-sts-1_20250707_215551_751922.csv,True,False,False,1751925379.8232613,611292.2534942627
418478,1751924768.5312428,1751925334.4169438,batch_consumer-sts-1_20250707_215551_751922.csv,True,False,False,1751925379.8232613,611292.0184135437
418488,1751924768.531495,1751925334.4438407,batch_consumer-sts-1_20250707_215551_751922.csv,True,False,False,1751925379.8232613,611291.766166687
418498,1751924768.5316873,1751925334.4707737,batch_consumer-sts-1_20250707_215551_751922.csv,True,False,False,1751925379.8232613,611291.5740013123
418508,1751924768.5318823,1751925334.4994345,batch_consumer-sts-1_20250707_215551_751922.csv,True,False,False,1751925379.8232613,611291.3789749146
418518,1751924768.5320776,1751925334.5262454,batch_consumer-sts-1_20250707_215551_751922.csv,True,False,False,1751925379.8232613,611291.1837100983
418528,1751924768.5322728,1751925334.5534086,batch_consumer-sts-1_20250707_215551_751922.csv,True,False,False,1751925379.8232613,611290.988445282
418538,1751924768.5325289,1751925334.5808632,batch_consumer-sts-1_20250707_215551_751922.csv,True,False,False,1751925379.8232613,611290.732383728
418548,1751924768.5327404,1751925334.6074414,batch_consumer-sts-1_20250707_215551_751922.csv,True,False,False,1751925379.8232613,611290.5209064484
418558,1751924768.532972,1751925334.6342397,batch_consumer-sts-1_20250707_215551_751922.csv,True,False,False,1751925379.8232613,611290.2891635895
418568,1751924768.5331628,1751925334.6612074,batch_consumer-sts-1_20250707_215551_751922.csv,True,False,False,1751925379.8232613,611290.0984287262
418578,1751924768.5333543,1751925334.688082,batch_consumer-sts-1_20250707_215551_751922.csv,True,False,False,1751925379.8232613,611289.9069786072
418588,1751924768.5335574,1751925334.7146904,batch_consumer-sts-1_20250707_215551_751922.csv,True,False,False,1751925379.8232613,611289.7038459778
418598,1751924768.5337515,1751925334.7410977,batch_consumer-sts-1_20250707_215551_751922.csv,True,False,False,1751925379.8232613,611289.5097732544
418608,1751924768.5339472,1751925334.7682538,batch_consumer-sts-1_20250707_215551_751922.csv,True,False,False,1751925379.8232613,611289.314031601
418618,1751924768.5341706,1751925334.7952478,batch_consumer-sts-1_20250707_215551_751922.csv,True,False,False,1751925379.8232613,611289.0906333923
418628,1751924768.534419,1751925334.821196,batch_consumer-sts-1_20250707_215551_751922.csv,True,False,False,1751925379.8232613,611288.8422012329
418638,1751924768.5346472,1751925334.8480644,batch_consumer-sts-1_20250707_215551_751922.csv,True,False,False,1751925379.8232613,611288.6140346527
418648,1751924768.5348794,1751925334.874943,batch_consumer-sts-1_20250707_215551_751922.csv,True,False,False,1751925379.8232613,611288.3818149567
418658,1751924768.535107,1751925334.9016418,batch_consumer-sts-1_20250707_215551_751922.csv,True,False,False,1751925379.8232613,611288.1543636322
418668,1751924768.5356932,1751925334.9287677,batch_consumer-sts-1_20250707_215551_751922.csv,True,False,False,1751925379.8232613,611287.5680923462
418678,1751924768.5358992,1751925334.9556432,batch_consumer-sts-1_20250707_215551_751922.csv,True,False,False,1751925379.8232613,611287.3620986938
418688,1751924768.5361154,1751925334.9824958,batch_consumer-sts-1_20250707_215551_751922.csv,True,False,False,1751925379.8232613,611287.1458530426
418698,1751924768.5363274,1751925335.0086908,batch_consumer-sts-1_20250707_215551_751922.csv,True,False,False,1751925379.8232613,611286.9338989258
418708,1751924768.5365376,1751925335.0345623,batch_consumer-sts-1_20250707_215551_751922.csv,True,False,False,1751925379.8232613,611286.723613739
418718,1751924768.5367513,1751925335.061443,batch_consumer-sts-1_20250707_215551_751922.csv,True,False,False,1751925379.8232613,611286.5099906921
418728,1751924768.5369673,1751925335.0887823,batch_consumer-sts-1_20250707_215551_751922.csv,True,False,False,1751925379.8232613,611286.2939834595
418738,1751924768.5371792,1751925335.115545,batch_consumer-sts-1_20250707_215551_751922.csv,True,False,False,1751925379.8232613,611286.0820293427
418748,1751924768.5373929,1751925335.141957,batch_consumer-sts-1_20250707_215551_751922.csv,True,False,False,1751925379.8232613,611285.8684062958
418758,1751924768.5376103,1751925335.168839,batch_consumer-sts-1_20250707_215551_751922.csv,True,False,False,1751925379.8232613,611285.6509685516
418768,1751924768.5378337,1751925335.19679,batch_consumer-sts-1_20250707_215551_751922.csv,True,False,False,1751925379.8232613,611285.427570343
418778,1751924768.538052,1751925335.223642,batch_consumer-sts-1_20250707_215551_751922.csv,True,False,False,1751925379.8232613,611285.2091789246
418788,1751924768.53831,1751925335.2499747,batch_consumer-sts-1_20250707_215551_751922.csv,True,False,False,1751925379.8232613,611284.951210022
418798,1751924768.5385392,1751925335.2769792,batch_consumer-sts-1_20250707_215551_751922.csv,True,False,False,1751925379.8232613,611284.7220897675
418808,1751924768.53877,1751925335.3044524,batch_consumer-sts-1_20250707_215551_751922.csv,True,False,False,1751925379.8232613,611284.4913005829
418818,1751924768.539001,1751925335.331297,batch_consumer-sts-1_20250707_215551_751922.csv,True,False,False,1751925379.8232613,611284.2602729797
418828,1751924768.5392334,1751925335.3581665,batch_consumer-sts-1_20250707_215551_751922.csv,True,False,False,1751925379.8232613,611284.0278148651
418838,1751924768.539483,1751925335.3850992,batch_consumer-sts-1_20250707_215551_751922.csv,True,False,False,1751925379.8232613,611283.7781906128
418848,1751924768.539702,1751925335.4113722,batch_consumer-sts-1_20250707_215551_751922.csv,True,False,False,1751925379.8232613,611283.5593223572
418858,1751924768.5399184,1751925335.4385388,batch_consumer-sts-1_20250707_215551_751922.csv,True,False,False,1751925379.8232613,611283.3428382874
418868,1751924768.5401332,1751925335.465617,batch_consumer-sts-1_20250707_215551_751922.csv,True,False,False,1751925379.8232613,611283.1280231476
418878,1751924768.5403595,1751925335.4950726,batch_consumer-sts-1_20250707_215551_751922.csv,True,False,False,1751925379.8232613,611282.901763916
418888,1751924768.5405602,1751925335.5211434,batch_consumer-sts-1_20250707_215551_751922.csv,True,False,False,1751925379.8232613,611282.7010154724
418898,1751924768.5407567,1751925335.5480895,batch_consumer-sts-1_20250707_215551_751922.csv,True,False,False,1751925379.8232613,611282.5045585632
418908,1751924768.5409484,1751925335.5750742,batch_consumer-sts-1_20250707_215551_751922.csv,True,False,False,1751925379.8232613,611282.3128700256
418918,1751924768.541147,1751925335.6017578,batch_consumer-sts-1_20250707_215551_751922.csv,True,False,False,1751925379.8232613,611282.1142673492
418928,1751924768.5413835,1751925335.630966,batch_consumer-sts-1_20250707_215551_751922.csv,True,False,False,1751925379.8232613,611281.8777561188
418938,1751924768.5416036,1751925335.659049,batch_consumer-sts-1_20250707_215551_751922.csv,True,False,False,1751925379.8232613,611281.6576957703
418948,1751924768.5418236,1751925335.6865587,batch_consumer-sts-1_20250707_215551_751922.csv,True,False,False,1751925379.8232613,611281.4376354218
418958,1751924768.5420437,1751925335.7129662,batch_consumer-sts-1_20250707_215551_751922.csv,True,False,False,1751925379.8232613,611281.2175750732
418968,1751924768.5423045,1751925335.7400544,batch_consumer-sts-1_20250707_215551_751922.csv,True,False,False,1751925379.8232613,611280.9567451477
418978,1751924768.5425448,1751925335.7668607,batch_consumer-sts-1_20250707_215551_751922.csv,True,False,False,1751925379.8232613,611280.71641922
418988,1751924768.5433977,1751925335.7923434,batch_consumer-sts-1_20250707_215551_751922.csv,True,False,False,1751925379.8232613,611279.8635959625
418998,1751924768.5436454,1751925335.8182516,batch_consumer-sts-1_20250707_215551_751922.csv,True,False,False,1751925379.8232613,611279.6158790588
419008,1751924768.5438845,1751925335.8450384,batch_consumer-sts-1_20250707_215551_751922.csv,True,False,False,1751925379.8232613,611279.376745224
419018,1751924768.544116,1751925335.8718705,batch_consumer-sts-1_20250707_215551_751922.csv,True,False,False,1751925379.8232613,611279.1452407837
419028,1751924768.5443313,1751925335.8983123,batch_consumer-sts-1_20250707_215551_751922.csv,True,False,False,1751925379.8232613,611278.9299488068
419038,1751924768.5445476,1751925335.9250762,batch_consumer-sts-1_20250707_215551_751922.csv,True,False,False,1751925379.8232613,611278.7137031555
419048,1751924768.5447688,1751925335.9517725,batch_consumer-sts-1_20250707_215551_751922.csv,True,False,False,1751925379.8232613,611278.4924507141
419058,1751924768.5449846,1751925335.9786432,batch_consumer-sts-1_20250707_215551_751922.csv,True,False,False,1751925379.8232613,611278.2766819
419068,1751924768.5452108,1751925336.0053856,batch_consumer-sts-1_20250707_215551_751922.csv,True,False,False,1751925379.8232613,611278.0504226685
419078,1751924768.5455427,1751925336.0321374,batch_consumer-sts-1_20250707_215551_751922.csv,True,False,False,1751925379.8232613,611277.7185440063
419088,1751924768.5458727,1751925336.0592113,batch_consumer-sts-1_20250707_215551_751922.csv,True,False,False,1751925379.8232613,611277.3885726929
419098,1751924768.5470958,1751925336.0862925,batch_consumer-sts-1_20250707_215551_751922.csv,True,False,False,1751925379.8232613,611276.1654853821
419108,1751924768.5476124,1751925336.1128545,batch_consumer-sts-1_20250707_215551_751922.csv,True,False,False,1751925379.8232613,611275.6488323212
419118,1751924768.548095,1751925336.139616,batch_consumer-sts-1_20250707_215551_751922.csv,True,False,False,1751925379.8232613,611275.1662731171
419128,1751924768.548568,1751925336.1669414,batch_consumer-sts-1_20250707_215551_751922.csv,True,False,False,1751925379.8232613,611274.6932506561
419138,1751924768.5493388,1751925336.194482,batch_consumer-sts-1_20250707_215551_751922.csv,True,False,False,1751925379.8232613,611273.9224433899
419148,1751924768.5495608,1751925336.2209003,batch_consumer-sts-1_20250707_215551_751922.csv,True,False,False,1751925379.8232613,611273.7004756927
419158,1751924768.5498288,1751925336.2478387,batch_consumer-sts-1_20250707_215551_751922.csv,True,False,False,1751925379.8232613,611273.4324932098
419168,1751924768.550557,1751925336.278268,batch_consumer-sts-1_20250707_215551_751922.csv,True,False,False,1751925379.8232613,611272.7043628693
419178,1751924768.5514426,1751925336.3045292,batch_consumer-sts-1_20250707_215551_751922.csv,True,False,False,1751925379.8232613,611271.8186378479
419188,1751924768.5518768,1751925336.326313,batch_consumer-sts-1_20250707_215551_751922.csv,True,False,False,1751925379.8232613,611271.3844776154
419198,1751924768.5522134,1751925336.3533397,batch_consumer-sts-1_20250707_215551_751922.csv,True,False,False,1751925379.8232613,611271.0478305817
419208,1751924768.553658,1751925336.3809495,batch_consumer-sts-1_20250707_215551_751922.csv,True,False,False,1751925379.8232613,611269.6032524109
419218,1751924768.5539107,1751925336.4083428,batch_consumer-sts-1_20250707_215551_751922.csv,True,False,False,1751925379.8232613,611269.350528717
419228,1751924768.5541463,1751925336.4366002,batch_consumer-sts-1_20250707_215551_751922.csv,True,False,False,1751925379.8232613,611269.1149711609
419238,1751924768.5543945,1751925336.4635637,batch_consumer-sts-1_20250707_215551_751922.csv,True,False,False,1751925379.8232613,611268.86677742
419248,1751924768.5546224,1751925336.4901242,batch_consumer-sts-1_20250707_215551_751922.csv,True,False,False,1751925379.8232613,611268.6388492584
419258,1751924768.5548484,1751925336.5165648,batch_consumer-sts-1_20250707_215551_751922.csv,True,False,False,1751925379.8232613,611268.4128284454
419268,1751924768.5550823,1751925336.544054,batch_consumer-sts-1_20250707_215551_751922.csv,True,False,False,1751925379.8232613,611268.1789398193
419278,1751924768.5553188,1751925336.5709534,batch_consumer-sts-1_20250707_215551_751922.csv,True,False,False,1751925379.8232613,611267.9424285889
419288,1751924768.5555477,1751925336.5981317,batch_consumer-sts-1_20250707_215551_751922.csv,True,False,False,1751925379.8232613,611267.7135467529
419298,1751924768.5557442,1751925336.6273012,batch_consumer-sts-1_20250707_215551_751922.csv,True,False,False,1751925379.8232613,611267.5170898438
419308,1751924768.5559528,1751925336.6549578,batch_consumer-sts-1_20250707_215551_751922.csv,True,False,False,1751925379.8232613,611267.308473587
419318,1751924768.5561554,1751925336.68273,batch_consumer-sts-1_20250707_215551_751922.csv,True,False,False,1751925379.8232613,611267.1058177948
419328,1751924768.556349,1751925336.7082915,batch_consumer-sts-1_20250707_215551_751922.csv,True,False,False,1751925379.8232613,611266.9122219086
419338,1751924768.556549,1751925336.736073,batch_consumer-sts-1_20250707_215551_751922.csv,True,False,False,1751925379.8232613,611266.7121887207
419348,1751924768.5567849,1751925336.7625608,batch_consumer-sts-1_20250707_215551_751922.csv,True,False,False,1751925379.8232613,611266.476392746
419358,1751924768.5570054,1751925337.0662985,batch_consumer-sts-1_20250707_215551_751922.csv,True,False,False,1751925379.8232613,611266.2558555603
419368,1751924768.5572276,1751925337.093057,batch_consumer-sts-1_20250707_215551_751922.csv,True,False,False,1751925379.8232613,611266.0336494446
419378,1751924768.5574555,1751925337.119252,batch_consumer-sts-1_20250707_215551_751922.csv,True,False,False,1751925379.8232613,611265.805721283
419388,1751924768.5576527,1751925337.1462889,batch_consumer-sts-1_20250707_215551_751922.csv,True,False,False,1751925379.8232613,611265.608549118
419398,1751924768.5578516,1751925337.1764932,batch_consumer-sts-1_20250707_215551_751922.csv,True,False,False,1751925379.8232613,611265.4097080231
419408,1751924768.5580628,1751925337.204341,batch_consumer-sts-1_20250707_215551_751922.csv,True,False,False,1751925379.8232613,611265.198469162
419418,1751924768.5583022,1751925337.2370875,batch_consumer-sts-1_20250707_215551_751922.csv,True,False,False,1751925379.8232613,611264.9590969086
419428,1751924768.5585413,1751925337.264058,batch_consumer-sts-1_20250707_215551_751922.csv,True,False,False,1751925379.8232613,611264.7199630737
419438,1751924768.558777,1751925337.292425,batch_consumer-sts-1_20250707_215551_751922.csv,True,False,False,1751925379.8232613,611264.484167099
419448,1751924768.5590153,1751925337.318839,batch_consumer-sts-1_20250707_215551_751922.csv,True,False,False,1751925379.8232613,611264.2459869385
419458,1751924768.5592592,1751925337.3465772,batch_consumer-sts-1_20250707_215551_751922.csv,True,False,False,1751925379.8232613,611264.002084732
419468,1751924768.5594895,1751925337.3738556,batch_consumer-sts-1_20250707_215551_751922.csv,True,False,False,1751925379.8232613,611263.7717723846
419478,1751924768.559688,1751925337.4012957,batch_consumer-sts-1_20250707_215551_751922.csv,True,False,False,1751925379.8232613,611263.5731697083
419488,1751924768.5598843,1751925337.4276693,batch_consumer-sts-1_20250707_215551_751922.csv,True,False,False,1751925379.8232613,611263.3769512177
419498,1751924768.560095,1751925337.4544742,batch_consumer-sts-1_20250707_215551_751922.csv,True,False,False,1751925379.8232613,611263.1661891937
419508,1751924768.560281,1751925337.4811473,batch_consumer-sts-1_20250707_215551_751922.csv,True,False,False,1751925379.8232613,611262.980222702
419518,1751924768.56047,1751925337.5076425,batch_consumer-sts-1_20250707_215551_751922.csv,True,False,False,1751925379.8232613,611262.7911567688
419528,1751924768.5606549,1751925337.5346882,batch_consumer-sts-1_20250707_215551_751922.csv,True,False,False,1751925379.8232613,611262.60638237
419538,1751924768.5608397,1751925337.560842,batch_consumer-sts-1_20250707_215551_751922.csv,True,False,False,1751925379.8232613,611262.4216079712
419548,1751924768.561036,1751925337.5879247,batch_consumer-sts-1_20250707_215551_751922.csv,True,False,False,1751925379.8232613,611262.225151062
419558,1751924768.5612235,1751925337.6140835,batch_consumer-sts-1_20250707_215551_751922.csv,True,False,False,1751925379.8232613,611262.0377540588
419568,1751924768.561439,1751925337.6409156,batch_consumer-sts-1_20250707_215551_751922.csv,True,False,False,1751925379.8232613,611261.8222236633
419578,1751924768.5617824,1751925337.6684616,batch_consumer-sts-1_20250707_215551_751922.csv,True,False,False,1751925379.8232613,611261.4789009094
419588,1751924768.561972,1751925337.6954365,batch_consumer-sts-1_20250707_215551_751922.csv,True,False,False,1751925379.8232613,611261.289358139
419598,1751924768.5623806,1751925337.7217052,batch_consumer-sts-1_20250707_215551_751922.csv,True,False,False,1751925379.8232613,611260.8807086945
419608,1751924768.562755,1751925338.751016,batch_consumer-sts-1_20250707_215551_751922.csv,True,False,False,1751925379.8232613,611260.5061531067
419618,1751924768.5632913,1751925338.7780216,batch_consumer-sts-1_20250707_215551_751922.csv,True,False,False,1751925379.8232613,611259.9699497223
419628,1751924768.5635216,1751925338.804557,batch_consumer-sts-1_20250707_215551_751922.csv,True,False,False,1751925379.8232613,611259.7396373749
419638,1751924768.5638423,1751925338.8315394,batch_consumer-sts-1_20250707_215551_751922.csv,True,False,False,1751925379.8232613,611259.418964386
419648,1751924768.5640388,1751925338.8993332,batch_consumer-sts-1_20250707_215551_751922.csv,True,False,False,1751925379.8232613,611259.2225074768
419658,1751924768.5643723,1751925338.9261382,batch_consumer-sts-1_20250707_215551_751922.csv,True,False,False,1751925379.8232613,611258.8889598846
419668,1751924768.5645635,1751925338.9526603,batch_consumer-sts-1_20250707_215551_751922.csv,True,False,False,1751925379.8232613,611258.6977481842
451808,1751924769.290307,1751925338.9793208,batch_consumer-sts-1_20250707_215551_751922.csv,True,False,False,1751925379.8232613,610532.9542160034
451818,1751924769.2905216,1751925339.006567,batch_consumer-sts-1_20250707_215551_751922.csv,True,False,False,1751925379.8232613,610532.7396392822
451828,1751924769.2907183,1751925339.073182,batch_consumer-sts-1_20250707_215551_751922.csv,True,False,False,1751925379.8232613,610532.5429439545
451838,1751924769.290911,1751925339.1000955,batch_consumer-sts-1_20250707_215551_751922.csv,True,False,False,1751925379.8232613,610532.3503017426
451848,1751924769.2911074,1751925339.1330118,batch_consumer-sts-1_20250707_215551_751922.csv,True,False,False,1751925379.8232613,610532.1538448334
451858,1751924769.2912984,1751925339.1604135,batch_consumer-sts-1_20250707_215551_751922.csv,True,False,False,1751925379.8232613,610531.9628715515
451868,1751924769.291495,1751925339.1877954,batch_consumer-sts-1_20250707_215551_751922.csv,True,False,False,1751925379.8232613,610531.7661762238
451878,1751924769.29167,1751925339.2144067,batch_consumer-sts-1_20250707_215551_751922.csv,True,False,False,1751925379.8232613,610531.5911769867
451888,1751924769.2918596,1751925339.2415931,batch_consumer-sts-1_20250707_215551_751922.csv,True,False,False,1751925379.8232613,610531.4016342163
451898,1751924769.2920434,1751925339.2687051,batch_consumer-sts-1_20250707_215551_751922.csv,True,False,False,1751925379.8232613,610531.2178134918
451908,1751924769.2922225,1751925339.2958696,batch_consumer-sts-1_20250707_215551_751922.csv,True,False,False,1751925379.8232613,610531.0387611389
451918,1751924769.2924025,1751925339.3220909,batch_consumer-sts-1_20250707_215551_751922.csv,True,False,False,1751925379.8232613,610530.8587551117
451928,1751924769.292589,1751925339.3965304,batch_consumer-sts-1_20250707_215551_751922.csv,True,False,False,1751925379.8232613,610530.6723117828
451938,1751924769.2927997,1751925339.4231586,batch_consumer-sts-1_20250707_215551_751922.csv,True,False,False,1751925379.8232613,610530.4615497589
451948,1751924769.2930026,1751925339.4496975,batch_consumer-sts-1_20250707_215551_751922.csv,True,False,False,1751925379.8232613,610530.2586555481
451958,1751924769.2931917,1751925339.47644,batch_consumer-sts-1_20250707_215551_751922.csv,True,False,False,1751925379.8232613,610530.0695896149
451968,1751924769.2933924,1751925339.503899,batch_consumer-sts-1_20250707_215551_751922.csv,True,False,False,1751925379.8232613,610529.8688411713
451978,1751924769.2935936,1751925339.53107,batch_consumer-sts-1_20250707_215551_751922.csv,True,False,False,1751925379.8232613,610529.6676158905
451988,1751924769.2937896,1751925339.5591335,batch_consumer-sts-1_20250707_215551_751922.csv,True,False,False,1751925379.8232613,610529.4716358185
451998,1751924769.2939906,1751925339.5863593,batch_consumer-sts-1_20250707_215551_751922.csv,True,False,False,1751925379.8232613,610529.2706489563
452008,1751924769.2941964,1751925339.6126456,batch_consumer-sts-1_20250707_215551_751922.csv,True,False,False,1751925379.8232613,610529.0648937225
452018,1751924769.2943933,1751925339.6392162,batch_consumer-sts-1_20250707_215551_751922.csv,True,False,False,1751925379.8232613,610528.8679599762
452028,1751924769.294593,1751925339.665804,batch_consumer-sts-1_20250707_215551_751922.csv,True,False,False,1751925379.8232613,610528.6681652069
452038,1751924769.294787,1751925339.692914,batch_consumer-sts-1_20250707_215551_751922.csv,True,False,False,1751925379.8232613,610528.4743309021
452048,1751924769.2949858,1751925339.7190125,batch_consumer-sts-1_20250707_215551_751922.csv,True,False,False,1751925379.8232613,610528.2754898071
452058,1751924769.29518,1751925339.7459116,batch_consumer-sts-1_20250707_215551_751922.csv,True,False,False,1751925379.8232613,610528.0811786652
452068,1751924769.2953851,1751925339.7765796,batch_consumer-sts-1_20250707_215551_751922.csv,True,False,False,1751925379.8232613,610527.8761386871
452078,1751924769.2955685,1751925339.8037386,batch_consumer-sts-1_20250707_215551_751922.csv,True,False,False,1751925379.8232613,610527.6927947998
452088,1751924769.2957551,1751925339.8316283,batch_consumer-sts-1_20250707_215551_751922.csv,True,False,False,1751925379.8232613,610527.5061130524
452098,1751924769.2959352,1751925339.8581083,batch_consumer-sts-1_20250707_215551_751922.csv,True,False,False,1751925379.8232613,610527.3261070251
452108,1751924769.296116,1751925339.8849757,batch_consumer-sts-1_20250707_215551_751922.csv,True,False,False,1751925379.8232613,610527.1451473236
452118,1751924769.2963436,1751925339.913447,batch_consumer-sts-1_20250707_215551_751922.csv,True,False,False,1751925379.8232613,610526.9176959991
452128,1751924769.2965338,1751925339.9404144,batch_consumer-sts-1_20250707_215551_751922.csv,True,False,False,1751925379.8232613,610526.727437973
452138,1751924769.2967196,1751925339.967898,batch_consumer-sts-1_20250707_215551_751922.csv,True,False,False,1751925379.8232613,610526.5417098999
452148,1751924769.2969062,1751925339.9946582,batch_consumer-sts-1_20250707_215551_751922.csv,True,False,False,1751925379.8232613,610526.3550281525
452158,1751924769.2970915,1751925340.0209367,batch_consumer-sts-1_20250707_215551_751922.csv,True,False,False,1751925379.8232613,610526.1697769165
452168,1751924769.2972786,1751925340.0482056,batch_consumer-sts-1_20250707_215551_751922.csv,True,False,False,1751925379.8232613,610525.9826183319
452178,1751924769.297464,1751925340.0785334,batch_consumer-sts-1_20250707_215551_751922.csv,True,False,False,1751925379.8232613,610525.797367096
452188,1751924769.2976477,1751925340.105584,batch_consumer-sts-1_20250707_215551_751922.csv,True,False,False,1751925379.8232613,610525.6135463715
452198,1751924769.2978227,1751925340.132373,batch_consumer-sts-1_20250707_215551_751922.csv,True,False,False,1751925379.8232613,610525.4385471344
452208,1751924769.298006,1751925340.159153,batch_consumer-sts-1_20250707_215551_751922.csv,True,False,False,1751925379.8232613,610525.2552032471
452218,1751924769.2982209,1751925340.1862612,batch_consumer-sts-1_20250707_215551_751922.csv,True,False,False,1751925379.8232613,610525.0403881073
452228,1751924769.298419,1751925340.2127795,batch_consumer-sts-1_20250707_215551_751922.csv,True,False,False,1751925379.8232613,610524.8422622681
452238,1751924769.2986104,1751925340.2402194,batch_consumer-sts-1_20250707_215551_751922.csv,True,False,False,1751925379.8232613,610524.650812149
452248,1751924769.298803,1751925340.267116,batch_consumer-sts-1_20250707_215551_751922.csv,True,False,False,1751925379.8232613,610524.4581699371
452258,1751924769.2989972,1751925340.2943366,batch_consumer-sts-1_20250707_215551_751922.csv,True,False,False,1751925379.8232613,610524.2640972137
452268,1751924769.299198,1751925340.3207777,batch_consumer-sts-1_20250707_215551_751922.csv,True,False,False,1751925379.8232613,610524.0633487701
452278,1751924769.2993822,1751925340.3480682,batch_consumer-sts-1_20250707_215551_751922.csv,True,False,False,1751925379.8232613,610523.8790512085
452288,1751924769.2995698,1751925340.375018,batch_consumer-sts-1_20250707_215551_751922.csv,True,False,False,1751925379.8232613,610523.6914157867
452298,1751924769.2997563,1751925340.4019642,batch_consumer-sts-1_20250707_215551_751922.csv,True,False,False,1751925379.8232613,610523.5049724579
452308,1751924769.2999468,1751925340.429502,batch_consumer-sts-1_20250707_215551_751922.csv,True,False,False,1751925379.8232613,610523.3144760132
452318,1751924769.300125,1751925340.457095,batch_consumer-sts-1_20250707_215551_751922.csv,True,False,False,1751925379.8232613,610523.1363773346
452328,1751924769.300306,1751925340.4837873,batch_consumer-sts-1_20250707_215551_751922.csv,True,False,False,1751925379.8232613,610522.9551792145
452338,1751924769.3004882,1751925340.5094073,batch_consumer-sts-1_20250707_215551_751922.csv,True,False,False,1751925379.8232613,610522.77302742
452348,1751924769.3006673,1751925340.5365217,batch_consumer-sts-1_20250707_215551_751922.csv,True,False,False,1751925379.8232613,610522.5939750671
452358,1751924769.300846,1751925340.5633328,batch_consumer-sts-1_20250707_215551_751922.csv,True,False,False,1751925379.8232613,610522.4151611328
452368,1751924769.3010273,1751925340.5903406,batch_consumer-sts-1_20250707_215551_751922.csv,True,False,False,1751925379.8232613,610522.2339630127
452378,1751924769.3012114,1751925340.6165972,batch_consumer-sts-1_20250707_215551_751922.csv,True,False,False,1751925379.8232613,610522.0499038696
452388,1751924769.3013976,1751925340.6435714,batch_consumer-sts-1_20250707_215551_751922.csv,True,False,False,1751925379.8232613,610521.8636989594
452398,1751924769.3015783,1751925340.6704144,batch_consumer-sts-1_20250707_215551_751922.csv,True,False,False,1751925379.8232613,610521.6829776764
452408,1751924769.3017623,1751925340.701182,batch_consumer-sts-1_20250707_215551_751922.csv,True,False,False,1751925379.8232613,610521.4989185333
452418,1751924769.3019464,1751925340.7312913,batch_consumer-sts-1_20250707_215551_751922.csv,True,False,False,1751925379.8232613,610521.3148593903
452428,1751924769.302131,1751925340.7584395,batch_consumer-sts-1_20250707_215551_751922.csv,True,False,False,1751925379.8232613,610521.13032341
452438,1751924769.302318,1751925340.785772,batch_consumer-sts-1_20250707_215551_751922.csv,True,False,False,1751925379.8232613,610520.9431648254
452448,1751924769.3025055,1751925340.8126082,batch_consumer-sts-1_20250707_215551_751922.csv,True,False,False,1751925379.8232613,610520.7557678223
452458,1751924769.302693,1751925340.839491,batch_consumer-sts-1_20250707_215551_751922.csv,True,False,False,1751925379.8232613,610520.5683708191
452468,1751924769.3028765,1751925340.8663,batch_consumer-sts-1_20250707_215551_751922.csv,True,False,False,1751925379.8232613,610520.3847885132
452478,1751924769.3030753,1751925340.8933125,batch_consumer-sts-1_20250707_215551_751922.csv,True,False,False,1751925379.8232613,610520.1859474182
452488,1751924769.303264,1751925340.919659,batch_consumer-sts-1_20250707_215551_751922.csv,True,False,False,1751925379.8232613,610519.9973583221
452498,1751924769.3034616,1751925340.9474845,batch_consumer-sts-1_20250707_215551_751922.csv,True,False,False,1751925379.8232613,610519.7997093201
452508,1751924769.3036437,1751925340.97657,batch_consumer-sts-1_20250707_215551_751922.csv,True,False,False,1751925379.8232613,610519.6175575256
452518,1751924769.3038251,1751925341.003793,batch_consumer-sts-1_20250707_215551_751922.csv,True,False,False,1751925379.8232613,610519.4361209869
452528,1751924769.30401,1751925341.0396326,batch_consumer-sts-1_20250707_215551_751922.csv,True,False,False,1751925379.8232613,610519.2513465881
452538,1751924769.304194,1751925341.066805,batch_consumer-sts-1_20250707_215551_751922.csv,True,False,False,1751925379.8232613,610519.0672874451
452548,1751924769.3043785,1751925341.0932963,batch_consumer-sts-1_20250707_215551_751922.csv,True,False,False,1751925379.8232613,610518.8827514648
452558,1751924769.3045664,1751925341.1196144,batch_consumer-sts-1_20250707_215551_751922.csv,True,False,False,1751925379.8232613,610518.6948776245
452568,1751924769.3047414,1751925341.1503403,batch_consumer-sts-1_20250707_215551_751922.csv,True,False,False,1751925379.8232613,610518.5198783875
452578,1751924769.304924,1751925341.176924,batch_consumer-sts-1_20250707_215551_751922.csv,True,False,False,1751925379.8232613,610518.3372497559
452588,1751924769.3051062,1751925341.2037697,batch_consumer-sts-1_20250707_215551_751922.csv,True,False,False,1751925379.8232613,610518.1550979614
452598,1751924769.3052886,1751925341.230382,batch_consumer-sts-1_20250707_215551_751922.csv,True,False,False,1751925379.8232613,610517.9727077484
452608,1751924769.3054736,1751925341.2571497,batch_consumer-sts-1_20250707_215551_751922.csv,True,False,False,1751925379.8232613,610517.787694931
452618,1751924769.3056507,1751925341.2865293,batch_consumer-sts-1_20250707_215551_751922.csv,True,False,False,1751925379.8232613,610517.6105499268
452628,1751924769.3058407,1751925341.312757,batch_consumer-sts-1_20250707_215551_751922.csv,True,False,False,1751925379.8232613,610517.4205303192
452638,1751924769.3060226,1751925341.341846,batch_consumer-sts-1_20250707_215551_751922.csv,True,False,False,1751925379.8232613,610517.2386169434
452648,1751924769.3062136,1751925341.3684323,batch_consumer-sts-1_20250707_215551_751922.csv,True,False,False,1751925379.8232613,610517.0476436615
452658,1751924769.3063955,1751925341.3952734,batch_consumer-sts-1_20250707_215551_751922.csv,True,False,False,1751925379.8232613,610516.8657302856
452668,1751924769.3065753,1751925341.4216857,batch_consumer-sts-1_20250707_215551_751922.csv,True,False,False,1751925379.8232613,610516.685962677
452678,1751924769.3067548,1751925341.4492068,batch_consumer-sts-1_20250707_215551_751922.csv,True,False,False,1751925379.8232613,610516.5064334869
452688,1751924769.3069384,1751925341.4761057,batch_consumer-sts-1_20250707_215551_751922.csv,True,False,False,1751925379.8232613,610516.322851181
452698,1751924769.3071227,1751925341.5029104,batch_consumer-sts-1_20250707_215551_751922.csv,True,False,False,1751925379.8232613,610516.1385536194
452708,1751924769.3073075,1751925341.5380783,batch_consumer-sts-1_20250707_215551_751922.csv,True,False,False,1751925379.8232613,610515.9537792206
452718,1751924769.3074954,1751925341.56495,batch_consumer-sts-1_20250707_215551_751922.csv,True,False,False,1751925379.8232613,610515.7659053802
452728,1751924769.3076832,1751925341.5919096,batch_consumer-sts-1_20250707_215551_751922.csv,True,False,False,1751925379.8232613,610515.5780315399
452738,1751924769.3078592,1751925341.6180215,batch_consumer-sts-1_20250707_215551_751922.csv,True,False,False,1751925379.8232613,610515.4020786285
452748,1751924769.3080423,1751925341.6462407,batch_consumer-sts-1_20250707_215551_751922.csv,True,False,False,1751925379.8232613,610515.2189731598
452758,1751924769.308221,1751925341.6735551,batch_consumer-sts-1_20250707_215551_751922.csv,True,False,False,1751925379.8232613,610515.0401592255
452768,1751924769.3084028,1751925341.7002556,batch_consumer-sts-1_20250707_215551_751922.csv,True,False,False,1751925379.8232613,610514.8584842682
452778,1751924769.3085804,1751925341.7267146,batch_consumer-sts-1_20250707_215551_751922.csv,True,False,False,1751925379.8232613,610514.6808624268
452788,1751924769.3087614,1751925341.753514,batch_consumer-sts-1_20250707_215551_751922.csv,True,False,False,1751925379.8232613,610514.4999027252
452798,1751924769.3089423,1751925341.7804615,batch_consumer-sts-1_20250707_215551_751922.csv,True,False,False,1751925379.8232613,610514.3189430237
452808,1751924769.309126,1751925341.807994,batch_consumer-sts-1_20250707_215551_751922.csv,True,False,False,1751925379.8232613,610514.1353607178
452818,1751924769.3093507,1751925341.8348482,batch_consumer-sts-1_20250707_215551_751922.csv,True,False,False,1751925379.8232613,610513.9105319977
452828,1751924769.3095338,1751925341.8648462,batch_consumer-sts-1_20250707_215551_751922.csv,True,False,False,1751925379.8232613,610513.7274265289
452838,1751924769.3097188,1751925341.8946018,batch_consumer-sts-1_20250707_215551_751922.csv,True,False,False,1751925379.8232613,610513.5424137115
452848,1751924769.309897,1751925342.0109527,batch_consumer-sts-1_20250707_215551_751922.csv,True,False,False,1751925379.8232613,610513.364315033
452858,1751924769.3100832,1751925342.03836,batch_consumer-sts-1_20250707_215551_751922.csv,True,False,False,1751925379.8232613,610513.1781101227
452868,1751924769.3102715,1751925342.0650456,batch_consumer-sts-1_20250707_215551_751922.csv,True,False,False,1751925379.8232613,610512.9897594452
452878,1751924769.310484,1751925342.091951,batch_consumer-sts-1_20250707_215551_751922.csv,True,False,False,1751925379.8232613,610512.7773284912
452888,1751924769.3106654,1751925342.1187592,batch_consumer-sts-1_20250707_215551_751922.csv,True,False,False,1751925379.8232613,610512.5958919525
452898,1751924769.3108492,1751925342.145977,batch_consumer-sts-1_20250707_215551_751922.csv,True,False,False,1751925379.8232613,610512.412071228
452908,1751924769.311032,1751925342.1792486,batch_consumer-sts-1_20250707_215551_751922.csv,True,False,False,1751925379.8232613,610512.2292041779
452918,1751924769.3112144,1751925342.2058768,batch_consumer-sts-1_20250707_215551_751922.csv,True,False,False,1751925379.8232613,610512.0468139648
452928,1751924769.3113964,1751925342.2324328,batch_consumer-sts-1_20250707_215551_751922.csv,True,False,False,1751925379.8232613,610511.864900589
452938,1751924769.3115754,1751925342.2592018,batch_consumer-sts-1_20250707_215551_751922.csv,True,False,False,1751925379.8232613,610511.6858482361
452948,1751924769.3117638,1751925342.286125,batch_consumer-sts-1_20250707_215551_751922.csv,True,False,False,1751925379.8232613,610511.4974975586
452958,1751924769.3119512,1751925342.3126278,batch_consumer-sts-1_20250707_215551_751922.csv,True,False,False,1751925379.8232613,610511.3101005554
452968,1751924769.3121333,1751925342.3386505,batch_consumer-sts-1_20250707_215551_751922.csv,True,False,False,1751925379.8232613,610511.127948761
452978,1751924769.3123171,1751925342.3661606,batch_consumer-sts-1_20250707_215551_751922.csv,True,False,False,1751925379.8232613,610510.9441280365
452988,1751924769.3124993,1751925342.3933856,batch_consumer-sts-1_20250707_215551_751922.csv,True,False,False,1751925379.8232613,610510.7619762421
452998,1751924769.312683,1751925342.419866,batch_consumer-sts-1_20250707_215551_751922.csv,True,False,False,1751925379.8232613,610510.5781555176
453008,1751924769.3128674,1751925342.446563,batch_consumer-sts-1_20250707_215551_751922.csv,True,False,False,1751925379.8232613,610510.3938579559
453018,1751924769.313048,1751925342.4732685,batch_consumer-sts-1_20250707_215551_751922.csv,True,False,False,1751925379.8232613,610510.2133750916
453028,1751924769.3132343,1751925342.500016,batch_consumer-sts-1_20250707_215551_751922.csv,True,False,False,1751925379.8232613,610510.0269317627
453038,1751924769.313415,1751925342.5307171,batch_consumer-sts-1_20250707_215551_751922.csv,True,False,False,1751925379.8232613,610509.8462104797
453048,1751924769.3135974,1751925342.558514,batch_consumer-sts-1_20250707_215551_751922.csv,True,False,False,1751925379.8232613,610509.6638202667
453058,1751924769.313773,1751925342.5850942,batch_consumer-sts-1_20250707_215551_751922.csv,True,False,False,1751925379.8232613,610509.4883441925
453068,1751924769.3139887,1751925342.611862,batch_consumer-sts-1_20250707_215551_751922.csv,True,False,False,1751925379.8232613,610509.2725753784
453078,1751924769.314268,1751925342.6383278,batch_consumer-sts-1_20250707_215551_751922.csv,True,False,False,1751925379.8232613,610508.9931488037
453088,1751924769.3145452,1751925342.6649206,batch_consumer-sts-1_20250707_215551_751922.csv,True,False,False,1751925379.8232613,610508.7161064148
453098,1751924769.3153012,1751925342.6916077,batch_consumer-sts-1_20250707_215551_751922.csv,True,False,False,1751925379.8232613,610507.9600811005
453108,1751924769.315486,1751925342.718264,batch_consumer-sts-1_20250707_215551_751922.csv,True,False,False,1751925379.8232613,610507.7753067017
453118,1751924769.315663,1751925342.745326,batch_consumer-sts-1_20250707_215551_751922.csv,True,False,False,1751925379.8232613,610507.5981616974
453128,1751924769.3158467,1751925342.7740276,batch_consumer-sts-1_20250707_215551_751922.csv,True,False,False,1751925379.8232613,610507.4145793915
453138,1751924769.31606,1751925343.802897,batch_consumer-sts-1_20250707_215551_751922.csv,True,False,False,1751925379.8232613,610507.2011947632
453148,1751924769.31624,1751925343.830667,batch_consumer-sts-1_20250707_215551_751922.csv,True,False,False,1751925379.8232613,610507.021188736
453158,1751924769.316494,1751925343.85641,batch_consumer-sts-1_20250707_215551_751922.csv,True,False,False,1751925379.8232613,610506.7672729492
453168,1751924769.3170288,1751925343.8835151,batch_consumer-sts-1_20250707_215551_751922.csv,True,False,False,1751925379.8232613,610506.2325000763
453178,1751924769.3173249,1751925343.9103878,batch_consumer-sts-1_20250707_215551_751922.csv,True,False,False,1751925379.8232613,610505.936384201
453188,1751924769.3175025,1751925343.937647,batch_consumer-sts-1_20250707_215551_751922.csv,True,False,False,1751925379.8232613,610505.7587623596
453198,1751924769.317683,1751925344.404507,batch_consumer-sts-1_20250707_215551_751922.csv,True,False,False,1751925379.8232613,610505.5782794952
453208,1751924769.318138,1751925344.431448,batch_consumer-sts-1_20250707_215551_751922.csv,True,False,False,1751925379.8232613,610505.1233768463
453218,1751924769.3183243,1751925344.4581504,batch_consumer-sts-1_20250707_215551_751922.csv,True,False,False,1751925379.8232613,610504.9369335175
453228,1751924769.3185055,1751925344.516321,batch_consumer-sts-1_20250707_215551_751922.csv,True,False,False,1751925379.8232613,610504.7557353973
453238,1751924769.3186777,1751925344.5432756,batch_consumer-sts-1_20250707_215551_751922.csv,True,False,False,1751925379.8232613,610504.5835971832
453248,1751924769.318859,1751925345.018597,batch_consumer-sts-1_20250707_215551_751922.csv,True,False,False,1751925379.8232613,610504.4021606445
453258,1751924769.319042,1751925345.0451863,batch_consumer-sts-1_20250707_215551_751922.csv,True,False,False,1751925379.8232613,610504.2192935944
453268,1751924769.3192284,1751925345.0716746,batch_consumer-sts-1_20250707_215551_751922.csv,True,False,False,1751925379.8232613,610504.0328502655
453278,1751924769.3194144,1751925345.098,batch_consumer-sts-1_20250707_215551_751922.csv,True,False,False,1751925379.8232613,610503.8468837738
453288,1751924769.3195992,1751925345.12493,batch_consumer-sts-1_20250707_215551_751922.csv,True,False,False,1751925379.8232613,610503.662109375
453298,1751924769.319788,1751925345.1518106,batch_consumer-sts-1_20250707_215551_751922.csv,True,False,False,1751925379.8232613,610503.4732818604
453308,1751924769.319975,1751925345.1785686,batch_consumer-sts-1_20250707_215551_751922.csv,True,False,False,1751925379.8232613,610503.2863616943
453318,1751924769.3201573,1751925345.205027,batch_consumer-sts-1_20250707_215551_751922.csv,True,False,False,1751925379.8232613,610503.1039714813
453328,1751924769.320343,1751925345.2318144,batch_consumer-sts-1_20250707_215551_751922.csv,True,False,False,1751925379.8232613,610502.9182434082
453338,1751924769.3205278,1751925345.258284,batch_consumer-sts-1_20250707_215551_751922.csv,True,False,False,1751925379.8232613,610502.7334690094
453348,1751924769.3207145,1751925345.2853687,batch_consumer-sts-1_20250707_215551_751922.csv,True,False,False,1751925379.8232613,610502.546787262
453358,1751924769.320902,1751925345.312073,batch_consumer-sts-1_20250707_215551_751922.csv,True,False,False,1751925379.8232613,610502.3591518402
453368,1751924769.3210928,1751925345.3388414,batch_consumer-sts-1_20250707_215551_751922.csv,True,False,False,1751925379.8232613,610502.1684169769
453378,1751924769.3212774,1751925345.3660638,batch_consumer-sts-1_20250707_215551_751922.csv,True,False,False,1751925379.8232613,610501.9838809967
453388,1751924769.3214903,1751925345.393092,batch_consumer-sts-1_20250707_215551_751922.csv,True,False,False,1751925379.8232613,610501.7709732056
453398,1751924769.3216877,1751925345.4199798,batch_consumer-sts-1_20250707_215551_751922.csv,True,False,False,1751925379.8232613,610501.5735626221
453408,1751924769.3218837,1751925345.4471118,batch_consumer-sts-1_20250707_215551_751922.csv,True,False,False,1751925379.8232613,610501.37758255
453418,1751924769.3220863,1751925345.4736145,batch_consumer-sts-1_20250707_215551_751922.csv,True,False,False,1751925379.8232613,610501.1749267578
453428,1751924769.3222945,1751925345.500032,batch_consumer-sts-1_20250707_215551_751922.csv,True,False,False,1751925379.8232613,610500.9667873383
453438,1751924769.3224912,1751925345.526172,batch_consumer-sts-1_20250707_215551_751922.csv,True,False,False,1751925379.8232613,610500.7700920105
453448,1751924769.3226976,1751925345.5529125,batch_consumer-sts-1_20250707_215551_751922.csv,True,False,False,1751925379.8232613,610500.563621521
453458,1751924769.322886,1751925345.5796316,batch_consumer-sts-1_20250707_215551_751922.csv,True,False,False,1751925379.8232613,610500.3752708435
453468,1751924769.3230762,1751925345.605793,batch_consumer-sts-1_20250707_215551_751922.csv,True,False,False,1751925379.8232613,610500.1850128174
453478,1751924769.3232653,1751925345.6320393,batch_consumer-sts-1_20250707_215551_751922.csv,True,False,False,1751925379.8232613,610499.9959468842
453488,1751924769.323481,1751925345.6584644,batch_consumer-sts-1_20250707_215551_751922.csv,True,False,False,1751925379.8232613,610499.7801780701
453498,1751924769.3237016,1751925345.6850414,batch_consumer-sts-1_20250707_215551_751922.csv,True,False,False,1751925379.8232613,610499.5596408844
453508,1751924769.324133,1751925345.7111714,batch_consumer-sts-1_20250707_215551_751922.csv,True,False,False,1751925379.8232613,610499.1283416748
453518,1751924769.3269184,1751925345.737761,batch_consumer-sts-1_20250707_215551_751922.csv,True,False,False,1751925379.8232613,610496.3428974152
453528,1751924769.3271017,1751925345.7640076,batch_consumer-sts-1_20250707_215551_751922.csv,True,False,False,1751925379.8232613,610496.1595535278
453538,1751924769.327283,1751925345.791479,batch_consumer-sts-1_20250707_215551_751922.csv,True,False,False,1751925379.8232613,610495.9783554077
453548,1751924769.327463,1751925345.818158,batch_consumer-sts-1_20250707_215551_751922.csv,True,False,False,1751925379.8232613,610495.7983493805
453558,1751924769.327647,1751925345.8403184,batch_consumer-sts-1_20250707_215551_751922.csv,True,False,False,1751925379.8232613,610495.6142902374
453568,1751924769.3278406,1751925345.867109,batch_consumer-sts-1_20250707_215551_751922.csv,True,False,False,1751925379.8232613,610495.4206943512
453578,1751924769.328024,1751925345.8943205,batch_consumer-sts-1_20250707_215551_751922.csv,True,False,False,1751925379.8232613,610495.2373504639
453588,1751924769.3282018,1751925345.9214864,batch_consumer-sts-1_20250707_215551_751922.csv,True,False,False,1751925379.8232613,610495.0594902039
453598,1751924769.3283844,1751925345.948574,batch_consumer-sts-1_20250707_215551_751922.csv,True,False,False,1751925379.8232613,610494.8768615723
453608,1751924769.3285742,1751925345.9755807,batch_consumer-sts-1_20250707_215551_751922.csv,True,False,False,1751925379.8232613,610494.6870803833
453618,1751924769.328753,1751925346.002275,batch_consumer-sts-1_20250707_215551_751922.csv,True,False,False,1751925379.8232613,610494.508266449
453628,1751924769.32893,1751925346.0290651,batch_consumer-sts-1_20250707_215551_751922.csv,True,False,False,1751925379.8232613,610494.3313598633
453638,1751924769.3291216,1751925346.0563724,batch_consumer-sts-1_20250707_215551_751922.csv,True,False,False,1751925379.8232613,610494.1396713257
453648,1751924769.3293018,1751925346.0832818,batch_consumer-sts-1_20250707_215551_751922.csv,True,False,False,1751925379.8232613,610493.9594268799
453658,1751924769.3294878,1751925346.1107073,batch_consumer-sts-1_20250707_215551_751922.csv,True,False,False,1751925379.8232613,610493.7734603882
453668,1751924769.329672,1751925346.1374686,batch_consumer-sts-1_20250707_215551_751922.csv,True,False,False,1751925379.8232613,610493.5891628265
453678,1751924769.3301094,1751925346.1649938,batch_consumer-sts-1_20250707_215551_751922.csv,True,False,False,1751925379.8232613,610493.1519031525
461338,1751924769.4908092,1751925346.1925251,batch_consumer-sts-1_20250707_215551_751922.csv,True,False,False,1751925379.8232613,610332.4520587921
461348,1751924769.4910157,1751925346.219502,batch_consumer-sts-1_20250707_215551_751922.csv,True,False,False,1751925379.8232613,610332.2455883026
461358,1751924769.4912028,1751925346.2463317,batch_consumer-sts-1_20250707_215551_751922.csv,True,False,False,1751925379.8232613,610332.058429718
461368,1751924769.4914055,1751925346.2787263,batch_consumer-sts-1_20250707_215551_751922.csv,True,False,False,1751925379.8232613,610331.8557739258
461378,1751924769.4915814,1751925346.3049903,batch_consumer-sts-1_20250707_215551_751922.csv,True,False,False,1751925379.8232613,610331.6798210144
461388,1751924769.4917622,1751925346.3274066,batch_consumer-sts-1_20250707_215551_751922.csv,True,False,False,1751925379.8232613,610331.4990997314
461398,1751924769.4919393,1751925346.3540244,batch_consumer-sts-1_20250707_215551_751922.csv,True,False,False,1751925379.8232613,610331.3219547272
461408,1751924769.492123,1751925346.3808136,batch_consumer-sts-1_20250707_215551_751922.csv,True,False,False,1751925379.8232613,610331.1383724213
461418,1751924769.4922972,1751925346.4075012,batch_consumer-sts-1_20250707_215551_751922.csv,True,False,False,1751925379.8232613,610330.9640884399
461428,1751924769.492494,1751925346.434265,batch_consumer-sts-1_20250707_215551_751922.csv,True,False,False,1751925379.8232613,610330.7671546936
461438,1751924769.492681,1751925346.4611545,batch_consumer-sts-1_20250707_215551_751922.csv,True,False,False,1751925379.8232613,610330.5802345276
461448,1751924769.4928665,1751925346.4876902,batch_consumer-sts-1_20250707_215551_751922.csv,True,False,False,1751925379.8232613,610330.394744873
461458,1751924769.4930477,1751925346.514541,batch_consumer-sts-1_20250707_215551_751922.csv,True,False,False,1751925379.8232613,610330.2135467529
461468,1751924769.493244,1751925346.5413024,batch_consumer-sts-1_20250707_215551_751922.csv,True,False,False,1751925379.8232613,610330.0173282623
461478,1751924769.4934468,1751925346.5678127,batch_consumer-sts-1_20250707_215551_751922.csv,True,False,False,1751925379.8232613,610329.8144340515
461488,1751924769.4936392,1751925346.6024585,batch_consumer-sts-1_20250707_215551_751922.csv,True,False,False,1751925379.8232613,610329.6220302582
461498,1751924769.493835,1751925346.6288965,batch_consumer-sts-1_20250707_215551_751922.csv,True,False,False,1751925379.8232613,610329.4262886047
461508,1751924769.4940343,1751925346.6547244,batch_consumer-sts-1_20250707_215551_751922.csv,True,False,False,1751925379.8232613,610329.2269706726
461518,1751924769.4942544,1751925346.6806953,batch_consumer-sts-1_20250707_215551_751922.csv,True,False,False,1751925379.8232613,610329.0069103241
461528,1751924769.494492,1751925346.706772,batch_consumer-sts-1_20250707_215551_751922.csv,True,False,False,1751925379.8232613,610328.7692070007
461538,1751924769.494728,1751925346.728225,batch_consumer-sts-1_20250707_215551_751922.csv,True,False,False,1751925379.8232613,610328.5331726074
461548,1751924769.494944,1751925346.7546947,batch_consumer-sts-1_20250707_215551_751922.csv,True,False,False,1751925379.8232613,610328.3171653748
461558,1751924769.4951618,1751925346.7816465,batch_consumer-sts-1_20250707_215551_751922.csv,True,False,False,1751925379.8232613,610328.099489212
461568,1751924769.4953864,1751925346.8084526,batch_consumer-sts-1_20250707_215551_751922.csv,True,False,False,1751925379.8232613,610327.8748989105
461578,1751924769.495598,1751925346.8347948,batch_consumer-sts-1_20250707_215551_751922.csv,True,False,False,1751925379.8232613,610327.6631832123
461588,1751924769.495796,1751925346.8615289,batch_consumer-sts-1_20250707_215551_751922.csv,True,False,False,1751925379.8232613,610327.4652957916
461598,1751924769.4959888,1751925346.8849857,batch_consumer-sts-1_20250707_215551_751922.csv,True,False,False,1751925379.8232613,610327.2724151611
461608,1751924769.496183,1751925346.9115624,batch_consumer-sts-1_20250707_215551_751922.csv,True,False,False,1751925379.8232613,610327.0783424377
461618,1751924769.4963756,1751925346.9381192,batch_consumer-sts-1_20250707_215551_751922.csv,True,False,False,1751925379.8232613,610326.8857002258
461628,1751924769.4965682,1751925346.9656136,batch_consumer-sts-1_20250707_215551_751922.csv,True,False,False,1751925379.8232613,610326.6930580139
461638,1751924769.4967604,1751925346.992551,batch_consumer-sts-1_20250707_215551_751922.csv,True,False,False,1751925379.8232613,610326.5008926392
461648,1751924769.4969945,1751925347.0193727,batch_consumer-sts-1_20250707_215551_751922.csv,True,False,False,1751925379.8232613,610326.2667655945
461658,1751924769.4971738,1751925347.5457144,batch_consumer-sts-1_20250707_215551_751922.csv,True,False,False,1751925379.8232613,610326.087474823
461668,1751924769.4973488,1751925347.572708,batch_consumer-sts-1_20250707_215551_751922.csv,True,False,False,1751925379.8232613,610325.9124755859
461678,1751924769.4975328,1751925347.6054516,batch_consumer-sts-1_20250707_215551_751922.csv,True,False,False,1751925379.8232613,610325.7284164429
461688,1751924769.497723,1751925347.6321871,batch_consumer-sts-1_20250707_215551_751922.csv,True,False,False,1751925379.8232613,610325.5381584167
461698,1751924769.4979107,1751925347.6538603,batch_consumer-sts-1_20250707_215551_751922.csv,True,False,False,1751925379.8232613,610325.350522995
461708,1751924769.498089,1751925347.6798944,batch_consumer-sts-1_20250707_215551_751922.csv,True,False,False,1751925379.8232613,610325.1721858978
461718,1751924769.4983072,1751925347.7050197,batch_consumer-sts-1_20250707_215551_751922.csv,True,False,False,1751925379.8232613,610324.954032898
461728,1751924769.498527,1751925347.731355,batch_consumer-sts-1_20250707_215551_751922.csv,True,False,False,1751925379.8232613,610324.734210968
461738,1751924769.4987466,1751925347.7577734,batch_consumer-sts-1_20250707_215551_751922.csv,True,False,False,1751925379.8232613,610324.5146274567
461748,1751924769.4989572,1751925347.784716,batch_consumer-sts-1_20250707_215551_751922.csv,True,False,False,1751925379.8232613,610324.3041038513
461758,1751924769.4991734,1751925347.8113313,batch_consumer-sts-1_20250707_215551_751922.csv,True,False,False,1751925379.8232613,610324.0878582001
461768,1751924769.4993968,1751925347.8378954,batch_consumer-sts-1_20250707_215551_751922.csv,True,False,False,1751925379.8232613,610323.8644599915
461778,1751924769.4995973,1751925347.8644035,batch_consumer-sts-1_20250707_215551_751922.csv,True,False,False,1751925379.8232613,610323.6639499664
461788,1751924769.4997778,1751925348.8929007,batch_consumer-sts-1_20250707_215551_751922.csv,True,False,False,1751925379.8232613,610323.483467102
461798,1751924769.499963,1751925348.919767,batch_consumer-sts-1_20250707_215551_751922.csv,True,False,False,1751925379.8232613,610323.2982158661
461808,1751924769.5001462,1751925348.9457598,batch_consumer-sts-1_20250707_215551_751922.csv,True,False,False,1751925379.8232613,610323.1151103973
461818,1751924769.5003288,1751925348.9729924,batch_consumer-sts-1_20250707_215551_751922.csv,True,False,False,1751925379.8232613,610322.9324817657
461828,1751924769.5005124,1751925348.9997218,batch_consumer-sts-1_20250707_215551_751922.csv,True,False,False,1751925379.8232613,610322.7488994598
461838,1751924769.5006936,1751925349.0268226,batch_consumer-sts-1_20250707_215551_751922.csv,True,False,False,1751925379.8232613,610322.5677013397
461848,1751924769.5008752,1751925349.0532742,batch_consumer-sts-1_20250707_215551_751922.csv,True,False,False,1751925379.8232613,610322.3860263824
461858,1751924769.501057,1751925349.213296,batch_consumer-sts-1_20250707_215551_751922.csv,True,False,False,1751925379.8232613,610322.2043514252
461868,1751924769.501238,1751925349.239607,batch_consumer-sts-1_20250707_215551_751922.csv,True,False,False,1751925379.8232613,610322.023153305
461878,1751924769.501423,1751925349.266222,batch_consumer-sts-1_20250707_215551_751922.csv,True,False,False,1751925379.8232613,610321.8383789062
461888,1751924769.5016146,1751925349.2927868,batch_consumer-sts-1_20250707_215551_751922.csv,True,False,False,1751925379.8232613,610321.6466903687
461898,1751924769.50179,1751925349.3191435,batch_consumer-sts-1_20250707_215551_751922.csv,True,False,False,1751925379.8232613,610321.4712142944
461908,1751924769.5019653,1751925349.345738,batch_consumer-sts-1_20250707_215551_751922.csv,True,False,False,1751925379.8232613,610321.2959766388
461918,1751924769.5021694,1751925349.3714192,batch_consumer-sts-1_20250707_215551_751922.csv,True,False,False,1751925379.8232613,610321.0918903351
461928,1751924769.50238,1751925349.3978837,batch_consumer-sts-1_20250707_215551_751922.csv,True,False,False,1751925379.8232613,610320.8813667297
461938,1751924769.5025773,1751925349.4250178,batch_consumer-sts-1_20250707_215551_751922.csv,True,False,False,1751925379.8232613,610320.6839561462
461948,1751924769.50277,1751925349.4517007,batch_consumer-sts-1_20250707_215551_751922.csv,True,False,False,1751925379.8232613,610320.4913139343
461958,1751924769.5029645,1751925349.4786787,batch_consumer-sts-1_20250707_215551_751922.csv,True,False,False,1751925379.8232613,610320.2967643738
461968,1751924769.5031557,1751925349.5056884,batch_consumer-sts-1_20250707_215551_751922.csv,True,False,False,1751925379.8232613,610320.1055526733
461978,1751924769.503349,1751925349.6075697,batch_consumer-sts-1_20250707_215551_751922.csv,True,False,False,1751925379.8232613,610319.9121952057
461988,1751924769.503538,1751925349.637184,batch_consumer-sts-1_20250707_215551_751922.csv,True,False,False,1751925379.8232613,610319.723367691
461998,1751924769.503716,1751925349.6638997,batch_consumer-sts-1_20250707_215551_751922.csv,True,False,False,1751925379.8232613,610319.5452690125
462008,1751924769.5038989,1751925349.6904492,batch_consumer-sts-1_20250707_215551_751922.csv,True,False,False,1751925379.8232613,610319.3624019623
462018,1751924769.5040798,1751925349.7168193,batch_consumer-sts-1_20250707_215551_751922.csv,True,False,False,1751925379.8232613,610319.1814422607
462028,1751924769.5042598,1751925349.743684,batch_consumer-sts-1_20250707_215551_751922.csv,True,False,False,1751925379.8232613,610319.0014362335
462038,1751924769.5044398,1751925349.770269,batch_consumer-sts-1_20250707_215551_751922.csv,True,False,False,1751925379.8232613,610318.8214302063
462048,1751924769.5046158,1751925349.7930536,batch_consumer-sts-1_20250707_215551_751922.csv,True,False,False,1751925379.8232613,610318.6454772949
462058,1751924769.5047977,1751925349.8197591,batch_consumer-sts-1_20250707_215551_751922.csv,True,False,False,1751925379.8232613,610318.4635639191
462068,1751924769.5049796,1751925349.846552,batch_consumer-sts-1_20250707_215551_751922.csv,True,False,False,1751925379.8232613,610318.2816505432
462078,1751924769.505156,1751925349.873674,batch_consumer-sts-1_20250707_215551_751922.csv,True,False,False,1751925379.8232613,610318.1052207947
462088,1751924769.5053475,1751925349.9005623,batch_consumer-sts-1_20250707_215551_751922.csv,True,False,False,1751925379.8232613,610317.9137706757
462098,1751924769.5055275,1751925349.927143,batch_consumer-sts-1_20250707_215551_751922.csv,True,False,False,1751925379.8232613,610317.7337646484
462108,1751924769.5057049,1751925349.9536972,batch_consumer-sts-1_20250707_215551_751922.csv,True,False,False,1751925379.8232613,610317.5563812256
462118,1751924769.505883,1751925349.980372,batch_consumer-sts-1_20250707_215551_751922.csv,True,False,False,1751925379.8232613,610317.378282547
462128,1751924769.5060582,1751925350.0075276,batch_consumer-sts-1_20250707_215551_751922.csv,True,False,False,1751925379.8232613,610317.2030448914
462138,1751924769.5062628,1751925350.0344806,batch_consumer-sts-1_20250707_215551_751922.csv,True,False,False,1751925379.8232613,610316.9984817505
462148,1751924769.5065382,1751925350.0611668,batch_consumer-sts-1_20250707_215551_751922.csv,True,False,False,1751925379.8232613,610316.7231082916
462158,1751924769.506759,1751925350.0880663,batch_consumer-sts-1_20250707_215551_751922.csv,True,False,False,1751925379.8232613,610316.5023326874
462168,1751924769.5069585,1751925350.1146374,batch_consumer-sts-1_20250707_215551_751922.csv,True,False,False,1751925379.8232613,610316.3027763367
462178,1751924769.5075374,1751925350.1411989,batch_consumer-sts-1_20250707_215551_751922.csv,True,False,False,1751925379.8232613,610315.7238960266
462188,1751924769.5080984,1751925350.167713,batch_consumer-sts-1_20250707_215551_751922.csv,True,False,False,1751925379.8232613,610315.16289711
462198,1751924769.5086057,1751925350.1943164,batch_consumer-sts-1_20250707_215551_751922.csv,True,False,False,1751925379.8232613,610314.6555423737
462208,1751924769.5090687,1751925350.22054,batch_consumer-sts-1_20250707_215551_751922.csv,True,False,False,1751925379.8232613,610314.192533493
462218,1751924769.5096517,1751925350.2472095,batch_consumer-sts-1_20250707_215551_751922.csv,True,False,False,1751925379.8232613,610313.6096000671
462228,1751924769.5098386,1751925350.273605,batch_consumer-sts-1_20250707_215551_751922.csv,True,False,False,1751925379.8232613,610313.4226799011
462238,1751924769.5100226,1751925350.3003197,batch_consumer-sts-1_20250707_215551_751922.csv,True,False,False,1751925379.8232613,610313.238620758
462248,1751924769.5102346,1751925350.326571,batch_consumer-sts-1_20250707_215551_751922.csv,True,False,False,1751925379.8232613,610313.0266666412
462258,1751924769.5104237,1751925350.352522,batch_consumer-sts-1_20250707_215551_751922.csv,True,False,False,1751925379.8232613,610312.837600708
462268,1751924769.5106227,1751925350.3786075,batch_consumer-sts-1_20250707_215551_751922.csv,True,False,False,1751925379.8232613,610312.6385211945
462278,1751924769.51081,1751925350.404694,batch_consumer-sts-1_20250707_215551_751922.csv,True,False,False,1751925379.8232613,610312.4513626099
462288,1751924769.511003,1751925350.43149,batch_consumer-sts-1_20250707_215551_751922.csv,True,False,False,1751925379.8232613,610312.2582435608
462298,1751924769.5112002,1751925350.45763,batch_consumer-sts-1_20250707_215551_751922.csv,True,False,False,1751925379.8232613,610312.0610713959
462308,1751924769.5114353,1751925350.483779,batch_consumer-sts-1_20250707_215551_751922.csv,True,False,False,1751925379.8232613,610311.8259906769
462318,1751924769.5116348,1751925350.5099626,batch_consumer-sts-1_20250707_215551_751922.csv,True,False,False,1751925379.8232613,610311.6264343262
462328,1751924769.5118115,1751925350.5362446,batch_consumer-sts-1_20250707_215551_751922.csv,True,False,False,1751925379.8232613,610311.449766159
462338,1751924769.511995,1751925350.562822,batch_consumer-sts-1_20250707_215551_751922.csv,True,False,False,1751925379.8232613,610311.2661838531
462348,1751924769.512179,1751925350.5886858,batch_consumer-sts-1_20250707_215551_751922.csv,True,False,False,1751925379.8232613,610311.0823631287
462358,1751924769.512358,1751925350.614921,batch_consumer-sts-1_20250707_215551_751922.csv,True,False,False,1751925379.8232613,610310.9033107758
462368,1751924769.5125463,1751925350.6401155,batch_consumer-sts-1_20250707_215551_751922.csv,True,False,False,1751925379.8232613,610310.7149600983
462378,1751924769.5127275,1751925350.6664965,batch_consumer-sts-1_20250707_215551_751922.csv,True,False,False,1751925379.8232613,610310.5337619781
462388,1751924769.512907,1751925350.6927974,batch_consumer-sts-1_20250707_215551_751922.csv,True,False,False,1751925379.8232613,610310.3542327881
462398,1751924769.5130875,1751925350.7187746,batch_consumer-sts-1_20250707_215551_751922.csv,True,False,False,1751925379.8232613,610310.1737499237
462408,1751924769.5132854,1751925350.7449143,batch_consumer-sts-1_20250707_215551_751922.csv,True,False,False,1751925379.8232613,610309.975862503
462418,1751924769.5134745,1751925350.7710152,batch_consumer-sts-1_20250707_215551_751922.csv,True,False,False,1751925379.8232613,610309.7867965698
462428,1751924769.513661,1751925350.797114,batch_consumer-sts-1_20250707_215551_751922.csv,True,False,False,1751925379.8232613,610309.600353241
462438,1751924769.5138538,1751925350.8235097,batch_consumer-sts-1_20250707_215551_751922.csv,True,False,False,1751925379.8232613,610309.4074726105
462448,1751924769.514041,1751925350.8499358,batch_consumer-sts-1_20250707_215551_751922.csv,True,False,False,1751925379.8232613,610309.2203140259
462458,1751924769.5142498,1751925350.8762584,batch_consumer-sts-1_20250707_215551_751922.csv,True,False,False,1751925379.8232613,610309.0114593506
462468,1751924769.514445,1751925350.902278,batch_consumer-sts-1_20250707_215551_751922.csv,True,False,False,1751925379.8232613,610308.8161945343
462478,1751924769.5146406,1751925350.9283793,batch_consumer-sts-1_20250707_215551_751922.csv,True,False,False,1751925379.8232613,610308.6206912994
462488,1751924769.51484,1751925350.9545133,batch_consumer-sts-1_20250707_215551_751922.csv,True,False,False,1751925379.8232613,610308.4213733673
462498,1751924769.515031,1751925350.9804597,batch_consumer-sts-1_20250707_215551_751922.csv,True,False,False,1751925379.8232613,610308.2301616669
462508,1751924769.5152292,1751925351.0066242,batch_consumer-sts-1_20250707_215551_751922.csv,True,False,False,1751925379.8232613,610308.0320358276
462518,1751924769.5154357,1751925351.032588,batch_consumer-sts-1_20250707_215551_751922.csv,True,False,False,1751925379.8232613,610307.8255653381
462528,1751924769.515625,1751925351.0585513,batch_consumer-sts-1_20250707_215551_751922.csv,True,False,False,1751925379.8232613,610307.6362609863
462538,1751924769.5158122,1751925351.0845754,batch_consumer-sts-1_20250707_215551_751922.csv,True,False,False,1751925379.8232613,610307.4491024017
462548,1751924769.5162406,1751925351.1108444,batch_consumer-sts-1_20250707_215551_751922.csv,True,False,False,1751925379.8232613,610307.0206642151
462558,1751924769.5164227,1751925351.137255,batch_consumer-sts-1_20250707_215551_751922.csv,True,False,False,1751925379.8232613,610306.8385124207
462568,1751924769.5168395,1751925351.163234,batch_consumer-sts-1_20250707_215551_751922.csv,True,False,False,1751925379.8232613,610306.4217567444
462578,1751924769.5170183,1751925351.196841,batch_consumer-sts-1_20250707_215551_751922.csv,True,False,False,1751925379.8232613,610306.2429428101
462588,1751924769.5172715,1751925351.2223492,batch_consumer-sts-1_20250707_215551_751922.csv,True,False,False,1751925379.8232613,610305.989742279
462598,1751924769.5178685,1751925351.248577,batch_consumer-sts-1_20250707_215551_751922.csv,True,False,False,1751925379.8232613,610305.392742157
462608,1751924769.5180562,1751925351.2785983,batch_consumer-sts-1_20250707_215551_751922.csv,True,False,False,1751925379.8232613,610305.2051067352
462618,1751924769.51843,1751925351.3051405,batch_consumer-sts-1_20250707_215551_751922.csv,True,False,False,1751925379.8232613,610304.8312664032
462628,1751924769.5189865,1751925351.332275,batch_consumer-sts-1_20250707_215551_751922.csv,True,False,False,1751925379.8232613,610304.2747974396
462638,1751924769.519297,1751925351.358501,batch_consumer-sts-1_20250707_215551_751922.csv,True,False,False,1751925379.8232613,610303.9643764496
462648,1751924769.519972,1751925351.3847878,batch_consumer-sts-1_20250707_215551_751922.csv,True,False,False,1751925379.8232613,610303.2891750336
462658,1751924769.520153,1751925351.410916,batch_consumer-sts-1_20250707_215551_751922.csv,True,False,False,1751925379.8232613,610303.108215332
462668,1751924769.5205982,1751925351.436993,batch_consumer-sts-1_20250707_215551_751922.csv,True,False,False,1751925379.8232613,610302.6630878448
462678,1751924769.5207815,1751925351.463611,batch_consumer-sts-1_20250707_215551_751922.csv,True,False,False,1751925379.8232613,610302.4797439575
462688,1751924769.520962,1751925351.4898903,batch_consumer-sts-1_20250707_215551_751922.csv,True,False,False,1751925379.8232613,610302.2992610931
462698,1751924769.521146,1751925351.515932,batch_consumer-sts-1_20250707_215551_751922.csv,True,False,False,1751925379.8232613,610302.1152019501
462708,1751924769.521324,1751925351.5419471,batch_consumer-sts-1_20250707_215551_751922.csv,True,False,False,1751925379.8232613,610301.9373416901
462718,1751924769.5215056,1751925351.5682127,batch_consumer-sts-1_20250707_215551_751922.csv,True,False,False,1751925379.8232613,610301.7556667328
462728,1751924769.5216885,1751925351.5941677,batch_consumer-sts-1_20250707_215551_751922.csv,True,False,False,1751925379.8232613,610301.5727996826
462738,1751924769.521865,1751925351.6201518,batch_consumer-sts-1_20250707_215551_751922.csv,True,False,False,1751925379.8232613,610301.3963699341
462748,1751924769.522075,1751925351.645793,batch_consumer-sts-1_20250707_215551_751922.csv,True,False,False,1751925379.8232613,610301.1863231659
462758,1751924769.52254,1751925351.6716757,batch_consumer-sts-1_20250707_215551_751922.csv,True,False,False,1751925379.8232613,610300.7211685181
462768,1751924769.5227456,1751925351.697554,batch_consumer-sts-1_20250707_215551_751922.csv,True,False,False,1751925379.8232613,610300.5156517029
462778,1751924769.5231333,1751925351.7235508,batch_consumer-sts-1_20250707_215551_751922.csv,True,False,False,1751925379.8232613,610300.1279830933
462788,1751924769.523571,1751925352.0123308,batch_consumer-sts-1_20250707_215611_608612.csv,True,False,False,1751925379.8232613,610299.690246582
462798,1751924769.5237544,1751925352.0380552,batch_consumer-sts-1_20250707_215611_608612.csv,True,False,False,1751925379.8232613,610299.5069026947
462808,1751924769.523931,1751925352.0596993,batch_consumer-sts-1_20250707_215611_608612.csv,True,False,False,1751925379.8232613,610299.3302345276
462818,1751924769.5241146,1751925352.085904,batch_consumer-sts-1_20250707_215611_608612.csv,True,False,False,1751925379.8232613,610299.1466522217
462828,1751924769.524299,1751925352.1121774,batch_consumer-sts-1_20250707_215611_608612.csv,True,False,False,1751925379.8232613,610298.96235466
462838,1751924769.5244734,1751925352.1382172,batch_consumer-sts-1_20250707_215611_608612.csv,True,False,False,1751925379.8232613,610298.7878322601
462848,1751924769.5246468,1751925352.3376064,batch_consumer-sts-1_20250707_215611_608612.csv,True,False,False,1751925379.8232613,610298.6145019531
462858,1751924769.524824,1751925352.3637953,batch_consumer-sts-1_20250707_215611_608612.csv,True,False,False,1751925379.8232613,610298.4373569489
462868,1751924769.5249991,1751925352.3896048,batch_consumer-sts-1_20250707_215611_608612.csv,True,False,False,1751925379.8232613,610298.2621192932
462878,1751924769.5251763,1751925352.4157991,batch_consumer-sts-1_20250707_215611_608612.csv,True,False,False,1751925379.8232613,610298.0849742889
462888,1751924769.525357,1751925352.4419158,batch_consumer-sts-1_20250707_215611_608612.csv,True,False,False,1751925379.8232613,610297.904253006
462898,1751924769.5255702,1751925352.4681294,batch_consumer-sts-1_20250707_215611_608612.csv,True,False,False,1751925379.8232613,610297.6911067963
462908,1751924769.5257485,1751925352.4940023,batch_consumer-sts-1_20250707_215611_608612.csv,True,False,False,1751925379.8232613,610297.5127696991
462918,1751924769.5259278,1751925352.5200002,batch_consumer-sts-1_20250707_215611_608612.csv,True,False,False,1751925379.8232613,610297.3334789276
462928,1751924769.526104,1751925352.5460002,batch_consumer-sts-1_20250707_215611_608612.csv,True,False,False,1751925379.8232613,610297.1572875977
462938,1751924769.5263598,1751925352.572109,batch_consumer-sts-1_20250707_215611_608612.csv,True,False,False,1751925379.8232613,610296.9014644623
462948,1751924769.5265772,1751925352.598147,batch_consumer-sts-1_20250707_215611_608612.csv,True,False,False,1751925379.8232613,610296.6840267181
462958,1751924769.5267937,1751925352.6242557,batch_consumer-sts-1_20250707_215611_608612.csv,True,False,False,1751925379.8232613,610296.4675426483
462968,1751924769.527012,1751925352.650452,batch_consumer-sts-1_20250707_215611_608612.csv,True,False,False,1751925379.8232613,610296.2491512299
462978,1751924769.527228,1751925352.6766706,batch_consumer-sts-1_20250707_215611_608612.csv,True,False,False,1751925379.8232613,610296.0331439972
462988,1751924769.5274472,1751925352.703029,batch_consumer-sts-1_20250707_215611_608612.csv,True,False,False,1751925379.8232613,610295.814037323
462998,1751924769.5276425,1751925352.729021,batch_consumer-sts-1_20250707_215611_608612.csv,True,False,False,1751925379.8232613,610295.6187725067
463008,1751924769.527822,1751925352.7548783,batch_consumer-sts-1_20250707_215611_608612.csv,True,False,False,1751925379.8232613,610295.4392433167
463018,1751924769.5280054,1751925352.7810893,batch_consumer-sts-1_20250707_215611_608612.csv,True,False,False,1751925379.8232613,610295.2558994293
463028,1751924769.5281827,1751925352.8069909,batch_consumer-sts-1_20250707_215611_608612.csv,True,False,False,1751925379.8232613,610295.0785160065
463038,1751924769.528365,1751925352.8329926,batch_consumer-sts-1_20250707_215611_608612.csv,True,False,False,1751925379.8232613,610294.896364212
463048,1751924769.5285404,1751925352.858986,batch_consumer-sts-1_20250707_215611_608612.csv,True,False,False,1751925379.8232613,610294.7208881378
463058,1751924769.528715,1751925352.8852737,batch_consumer-sts-1_20250707_215611_608612.csv,True,False,False,1751925379.8232613,610294.5463657379
463068,1751924769.5288925,1751925352.911517,batch_consumer-sts-1_20250707_215611_608612.csv,True,False,False,1751925379.8232613,610294.3687438965
463078,1751924769.529068,1751925352.9376392,batch_consumer-sts-1_20250707_215611_608612.csv,True,False,False,1751925379.8232613,610294.1932678223
463088,1751924769.5292466,1751925352.9634142,batch_consumer-sts-1_20250707_215611_608612.csv,True,False,False,1751925379.8232613,610294.0146923065
463098,1751924769.5294204,1751925352.9893138,batch_consumer-sts-1_20250707_215611_608612.csv,True,False,False,1751925379.8232613,610293.8408851624
463108,1751924769.5296,1751925353.01545,batch_consumer-sts-1_20250707_215611_608612.csv,True,False,False,1751925379.8232613,610293.6613559723
463118,1751924769.529782,1751925353.0413885,batch_consumer-sts-1_20250707_215611_608612.csv,True,False,False,1751925379.8232613,610293.4792041779
463128,1751924769.529956,1751925353.067536,batch_consumer-sts-1_20250707_215611_608612.csv,True,False,False,1751925379.8232613,610293.3051586151
463138,1751924769.5301363,1751925353.0937374,batch_consumer-sts-1_20250707_215611_608612.csv,True,False,False,1751925379.8232613,610293.1249141693
463148,1751924769.530346,1751925353.119969,batch_consumer-sts-1_20250707_215611_608612.csv,True,False,False,1751925379.8232613,610292.9153442383
463158,1751924769.5305417,1751925353.1463084,batch_consumer-sts-1_20250707_215611_608612.csv,True,False,False,1751925379.8232613,610292.7196025848
463168,1751924769.530735,1751925353.1724846,batch_consumer-sts-1_20250707_215611_608612.csv,True,False,False,1751925379.8232613,610292.5262451172
466458,1751924769.61124,1751925353.1986644,batch_consumer-sts-1_20250707_215611_608612.csv,True,False,False,1751925379.8232613,610212.0213508606
466468,1751924769.6114311,1751925354.2271197,batch_consumer-sts-1_20250707_215611_608612.csv,True,False,False,1751925379.8232613,610211.8301391602
466478,1751924769.6116147,1751925354.2607107,batch_consumer-sts-1_20250707_215611_608612.csv,True,False,False,1751925379.8232613,610211.6465568542
466488,1751924769.6118016,1751925354.2867515,batch_consumer-sts-1_20250707_215611_608612.csv,True,False,False,1751925379.8232613,610211.4596366882
466498,1751924769.6119888,1751925354.3125336,batch_consumer-sts-1_20250707_215611_608612.csv,True,False,False,1751925379.8232613,610211.2724781036
466508,1751924769.612178,1751925354.3384566,batch_consumer-sts-1_20250707_215611_608612.csv,True,False,False,1751925379.8232613,610211.0831737518
466518,1751924769.6123629,1751925354.3645115,batch_consumer-sts-1_20250707_215611_608612.csv,True,False,False,1751925379.8232613,610210.898399353
466528,1751924769.6125436,1751925354.390429,batch_consumer-sts-1_20250707_215611_608612.csv,True,False,False,1751925379.8232613,610210.7176780701
466538,1751924769.6127276,1751925354.4163718,batch_consumer-sts-1_20250707_215611_608612.csv,True,False,False,1751925379.8232613,610210.533618927
466548,1751924769.6129131,1751925354.4426663,batch_consumer-sts-1_20250707_215611_608612.csv,True,False,False,1751925379.8232613,610210.3481292725
466558,1751924769.6131058,1751925354.4689074,batch_consumer-sts-1_20250707_215611_608612.csv,True,False,False,1751925379.8232613,610210.1554870605
466568,1751924769.6132867,1751925354.4950557,batch_consumer-sts-1_20250707_215611_608612.csv,True,False,False,1751925379.8232613,610209.974527359
466578,1751924769.6134906,1751925354.520934,batch_consumer-sts-1_20250707_215611_608612.csv,True,False,False,1751925379.8232613,610209.7706794739
466588,1751924769.6136763,1751925354.5461044,batch_consumer-sts-1_20250707_215611_608612.csv,True,False,False,1751925379.8232613,610209.5849514008
466598,1751924769.6138625,1751925354.5722802,batch_consumer-sts-1_20250707_215611_608612.csv,True,False,False,1751925379.8232613,610209.3987464905
466608,1751924769.6140563,1751925354.5983698,batch_consumer-sts-1_20250707_215611_608612.csv,True,False,False,1751925379.8232613,610209.2049121857
466618,1751924769.6142416,1751925354.6244886,batch_consumer-sts-1_20250707_215611_608612.csv,True,False,False,1751925379.8232613,610209.0196609497
466628,1751924769.6144278,1751925354.6505663,batch_consumer-sts-1_20250707_215611_608612.csv,True,False,False,1751925379.8232613,610208.8334560394
466638,1751924769.61462,1751925354.676751,batch_consumer-sts-1_20250707_215611_608612.csv,True,False,False,1751925379.8232613,610208.6412906647
466648,1751924769.6148143,1751925354.7028222,batch_consumer-sts-1_20250707_215611_608612.csv,True,False,False,1751925379.8232613,610208.4469795227
466658,1751924769.6149983,1751925354.796815,batch_consumer-sts-1_20250707_215611_608612.csv,True,False,False,1751925379.8232613,610208.2629203796
466668,1751924769.615183,1751925354.8233094,batch_consumer-sts-1_20250707_215611_608612.csv,True,False,False,1751925379.8232613,610208.0781459808
466678,1751924769.6153843,1751925354.8495317,batch_consumer-sts-1_20250707_215611_608612.csv,True,False,False,1751925379.8232613,610207.8769207001
466688,1751924769.615565,1751925354.8757608,batch_consumer-sts-1_20250707_215611_608612.csv,True,False,False,1751925379.8232613,610207.6961994171
466698,1751924769.6157527,1751925355.3729117,batch_consumer-sts-1_20250707_215611_608612.csv,True,False,False,1751925379.8232613,610207.5085639954
466708,1751924769.6159368,1751925355.3990512,batch_consumer-sts-1_20250707_215611_608612.csv,True,False,False,1751925379.8232613,610207.3245048523
466718,1751924769.6161308,1751925355.4255118,batch_consumer-sts-1_20250707_215611_608612.csv,True,False,False,1751925379.8232613,610207.1304321289
466728,1751924769.6163335,1751925355.4520564,batch_consumer-sts-1_20250707_215611_608612.csv,True,False,False,1751925379.8232613,610206.9277763367
466738,1751924769.6165254,1751925355.4782186,batch_consumer-sts-1_20250707_215611_608612.csv,True,False,False,1751925379.8232613,610206.7358493805
466748,1751924769.6167138,1751925355.5042777,batch_consumer-sts-1_20250707_215611_608612.csv,True,False,False,1751925379.8232613,610206.547498703
466758,1751924769.6169038,1751925355.5306375,batch_consumer-sts-1_20250707_215611_608612.csv,True,False,False,1751925379.8232613,610206.3574790955
466768,1751924769.6170907,1751925355.5565753,batch_consumer-sts-1_20250707_215611_608612.csv,True,False,False,1751925379.8232613,610206.1705589294
466778,1751924769.6172855,1751925355.5824258,batch_consumer-sts-1_20250707_215611_608612.csv,True,False,False,1751925379.8232613,610205.9757709503
466788,1751924769.6174738,1751925355.6084166,batch_consumer-sts-1_20250707_215611_608612.csv,True,False,False,1751925379.8232613,610205.7874202728
466798,1751924769.617663,1751925355.6344242,batch_consumer-sts-1_20250707_215611_608612.csv,True,False,False,1751925379.8232613,610205.5983543396
466808,1751924769.6178508,1751925355.6603253,batch_consumer-sts-1_20250707_215611_608612.csv,True,False,False,1751925379.8232613,610205.4104804993
466818,1751924769.618033,1751925355.6867456,batch_consumer-sts-1_20250707_215611_608612.csv,True,False,False,1751925379.8232613,610205.2283287048
466828,1751924769.618232,1751925355.7127037,batch_consumer-sts-1_20250707_215611_608612.csv,True,False,False,1751925379.8232613,610205.0292491913
466838,1751924769.6184568,1751925355.7385795,batch_consumer-sts-1_20250707_215611_608612.csv,True,False,False,1751925379.8232613,610204.8044204712
466848,1751924769.618651,1751925355.7645907,batch_consumer-sts-1_20250707_215611_608612.csv,True,False,False,1751925379.8232613,610204.6103477478
466858,1751924769.6188293,1751925355.790417,batch_consumer-sts-1_20250707_215611_608612.csv,True,False,False,1751925379.8232613,610204.4320106506
466868,1751924769.619019,1751925355.8165274,batch_consumer-sts-1_20250707_215611_608612.csv,True,False,False,1751925379.8232613,610204.2422294617
466878,1751924769.6192014,1751925355.8424585,batch_consumer-sts-1_20250707_215611_608612.csv,True,False,False,1751925379.8232613,610204.0598392487
466888,1751924769.6193783,1751925355.868396,batch_consumer-sts-1_20250707_215611_608612.csv,True,False,False,1751925379.8232613,610203.882932663
466898,1751924769.6195598,1751925355.8943226,batch_consumer-sts-1_20250707_215611_608612.csv,True,False,False,1751925379.8232613,610203.7014961243
466908,1751924769.6197412,1751925355.9202924,batch_consumer-sts-1_20250707_215611_608612.csv,True,False,False,1751925379.8232613,610203.5200595856
466918,1751924769.6199212,1751925355.9464002,batch_consumer-sts-1_20250707_215611_608612.csv,True,False,False,1751925379.8232613,610203.3400535583
466928,1751924769.620096,1751925355.9723372,batch_consumer-sts-1_20250707_215611_608612.csv,True,False,False,1751925379.8232613,610203.1652927399
466938,1751924769.6202853,1751925355.9980905,batch_consumer-sts-1_20250707_215611_608612.csv,True,False,False,1751925379.8232613,610202.9759883881
466948,1751924769.6204877,1751925356.023743,batch_consumer-sts-1_20250707_215611_608612.csv,True,False,False,1751925379.8232613,610202.7735710144
466958,1751924769.620675,1751925356.0495572,batch_consumer-sts-1_20250707_215611_608612.csv,True,False,False,1751925379.8232613,610202.5861740112
466968,1751924769.6208615,1751925356.0755486,batch_consumer-sts-1_20250707_215611_608612.csv,True,False,False,1751925379.8232613,610202.3997306824
466978,1751924769.6210482,1751925356.1014917,batch_consumer-sts-1_20250707_215611_608612.csv,True,False,False,1751925379.8232613,610202.2130489349
466988,1751924769.6212325,1751925356.127503,batch_consumer-sts-1_20250707_215611_608612.csv,True,False,False,1751925379.8232613,610202.0287513733
466998,1751924769.621417,1751925356.1534252,batch_consumer-sts-1_20250707_215611_608612.csv,True,False,False,1751925379.8232613,610201.8442153931
467008,1751924769.621608,1751925356.179241,batch_consumer-sts-1_20250707_215611_608612.csv,True,False,False,1751925379.8232613,610201.6532421112
467018,1751924769.6218045,1751925356.20516,batch_consumer-sts-1_20250707_215611_608612.csv,True,False,False,1751925379.8232613,610201.456785202
467028,1751924769.6219926,1751925356.2309885,batch_consumer-sts-1_20250707_215611_608612.csv,True,False,False,1751925379.8232613,610201.2686729431
467038,1751924769.6222053,1751925356.256775,batch_consumer-sts-1_20250707_215611_608612.csv,True,False,False,1751925379.8232613,610201.0560035706
467048,1751924769.6224031,1751925356.28276,batch_consumer-sts-1_20250707_215611_608612.csv,True,False,False,1751925379.8232613,610200.8581161499
467058,1751924769.622599,1751925356.3088648,batch_consumer-sts-1_20250707_215611_608612.csv,True,False,False,1751925379.8232613,610200.6623744965
467068,1751924769.6228,1751925356.3353508,batch_consumer-sts-1_20250707_215611_608612.csv,True,False,False,1751925379.8232613,610200.4611492157
467078,1751924769.6229973,1751925356.3614209,batch_consumer-sts-1_20250707_215611_608612.csv,True,False,False,1751925379.8232613,610200.2639770508
467088,1751924769.623191,1751925356.3875616,batch_consumer-sts-1_20250707_215611_608612.csv,True,False,False,1751925379.8232613,610200.070142746
467098,1751924769.6233842,1751925356.4135845,batch_consumer-sts-1_20250707_215611_608612.csv,True,False,False,1751925379.8232613,610199.8770236969
467108,1751924769.6236126,1751925356.4396987,batch_consumer-sts-1_20250707_215611_608612.csv,True,False,False,1751925379.8232613,610199.6486186981
467118,1751924769.6238098,1751925356.4660172,batch_consumer-sts-1_20250707_215611_608612.csv,True,False,False,1751925379.8232613,610199.4514465332
467128,1751924769.6240058,1751925356.492179,batch_consumer-sts-1_20250707_215611_608612.csv,True,False,False,1751925379.8232613,610199.2554664612
467138,1751924769.6241963,1751925356.5184398,batch_consumer-sts-1_20250707_215611_608612.csv,True,False,False,1751925379.8232613,610199.0649700165
467148,1751924769.6243937,1751925356.5449443,batch_consumer-sts-1_20250707_215611_608612.csv,True,False,False,1751925379.8232613,610198.867559433
467158,1751924769.6245885,1751925356.5712447,batch_consumer-sts-1_20250707_215611_608612.csv,True,False,False,1751925379.8232613,610198.6727714539
467168,1751924769.624783,1751925356.5972524,batch_consumer-sts-1_20250707_215611_608612.csv,True,False,False,1751925379.8232613,610198.4782218933
467178,1751924769.6249776,1751925356.6231942,batch_consumer-sts-1_20250707_215611_608612.csv,True,False,False,1751925379.8232613,610198.2836723328
467188,1751924769.6251764,1751925356.6493573,batch_consumer-sts-1_20250707_215611_608612.csv,True,False,False,1751925379.8232613,610198.0848312378
467198,1751924769.625379,1751925356.6757874,batch_consumer-sts-1_20250707_215611_608612.csv,True,False,False,1751925379.8232613,610197.8821754456
467208,1751924769.625575,1751925356.7033205,batch_consumer-sts-1_20250707_215611_608612.csv,True,False,False,1751925379.8232613,610197.6861953735
467218,1751924769.625771,1751925356.7293644,batch_consumer-sts-1_20250707_215611_608612.csv,True,False,False,1751925379.8232613,610197.4902153015
467228,1751924769.625968,1751925356.7554991,batch_consumer-sts-1_20250707_215611_608612.csv,True,False,False,1751925379.8232613,610197.2932815552
467238,1751924769.626172,1751925356.781679,batch_consumer-sts-1_20250707_215611_608612.csv,True,False,False,1751925379.8232613,610197.0891952515
467248,1751924769.626395,1751925356.8076568,batch_consumer-sts-1_20250707_215611_608612.csv,True,False,False,1751925379.8232613,610196.86627388
467258,1751924769.626604,1751925356.833537,batch_consumer-sts-1_20250707_215611_608612.csv,True,False,False,1751925379.8232613,610196.6571807861
467268,1751924769.626812,1751925356.8599,batch_consumer-sts-1_20250707_215611_608612.csv,True,False,False,1751925379.8232613,610196.4492797852
467278,1751924769.6270192,1751925356.8855102,batch_consumer-sts-1_20250707_215611_608612.csv,True,False,False,1751925379.8232613,610196.2420940399
467288,1751924769.62722,1751925356.91171,batch_consumer-sts-1_20250707_215611_608612.csv,True,False,False,1751925379.8232613,610196.0413455963
467298,1751924769.6274076,1751925356.9375603,batch_consumer-sts-1_20250707_215611_608612.csv,True,False,False,1751925379.8232613,610195.8537101746
467308,1751924769.6276057,1751925356.9633398,batch_consumer-sts-1_20250707_215611_608612.csv,True,False,False,1751925379.8232613,610195.6555843353
467318,1751924769.6277988,1751925356.989018,batch_consumer-sts-1_20250707_215611_608612.csv,True,False,False,1751925379.8232613,610195.4624652863
467328,1751924769.6279871,1751925357.0146906,batch_consumer-sts-1_20250707_215611_608612.csv,True,False,False,1751925379.8232613,610195.2741146088
467338,1751924769.6281786,1751925357.0405464,batch_consumer-sts-1_20250707_215611_608612.csv,True,False,False,1751925379.8232613,610195.0826644897
467348,1751924769.628376,1751925357.066019,batch_consumer-sts-1_20250707_215611_608612.csv,True,False,False,1751925379.8232613,610194.8852539062
467358,1751924769.6285703,1751925357.0919223,batch_consumer-sts-1_20250707_215611_608612.csv,True,False,False,1751925379.8232613,610194.6909427643
467368,1751924769.628764,1751925357.118038,batch_consumer-sts-1_20250707_215611_608612.csv,True,False,False,1751925379.8232613,610194.497346878
467378,1751924769.6289527,1751925357.1436515,batch_consumer-sts-1_20250707_215611_608612.csv,True,False,False,1751925379.8232613,610194.3085193634
467388,1751924769.6291552,1751925357.1693003,batch_consumer-sts-1_20250707_215611_608612.csv,True,False,False,1751925379.8232613,610194.1061019897
467398,1751924769.6293502,1751925357.1950822,batch_consumer-sts-1_20250707_215611_608612.csv,True,False,False,1751925379.8232613,610193.911075592
467408,1751924769.6295362,1751925357.2215562,batch_consumer-sts-1_20250707_215611_608612.csv,True,False,False,1751925379.8232613,610193.7251091003
467418,1751924769.629734,1751925357.2471576,batch_consumer-sts-1_20250707_215611_608612.csv,True,False,False,1751925379.8232613,610193.5272216797
467428,1751924769.629934,1751925357.5251782,batch_consumer-sts-1_20250707_215611_608612.csv,True,False,False,1751925379.8232613,610193.3271884918
467438,1751924769.6301289,1751925357.5516047,batch_consumer-sts-1_20250707_215611_608612.csv,True,False,False,1751925379.8232613,610193.1324005127
467448,1751924769.63037,1751925357.57748,batch_consumer-sts-1_20250707_215611_608612.csv,True,False,False,1751925379.8232613,610192.8913593292
467458,1751924769.6305623,1751925357.6036344,batch_consumer-sts-1_20250707_215611_608612.csv,True,False,False,1751925379.8232613,610192.6989555359
467468,1751924769.6307778,1751925357.6298306,batch_consumer-sts-1_20250707_215611_608612.csv,True,False,False,1751925379.8232613,610192.4834251404
467478,1751924769.6309686,1751925357.655997,batch_consumer-sts-1_20250707_215611_608612.csv,True,False,False,1751925379.8232613,610192.2926902771
467488,1751924769.631157,1751925357.682258,batch_consumer-sts-1_20250707_215611_608612.csv,True,False,False,1751925379.8232613,610192.1043395996
467498,1751924769.631357,1751925357.7086835,batch_consumer-sts-1_20250707_215611_608612.csv,True,False,False,1751925379.8232613,610191.9043064117
467508,1751924769.6315565,1751925357.7340825,batch_consumer-sts-1_20250707_215611_608612.csv,True,False,False,1751925379.8232613,610191.704750061
467518,1751924769.6317525,1751925357.7602763,batch_consumer-sts-1_20250707_215611_608612.csv,True,False,False,1751925379.8232613,610191.508769989
467528,1751924769.6319413,1751925357.7864685,batch_consumer-sts-1_20250707_215611_608612.csv,True,False,False,1751925379.8232613,610191.3199424744
467538,1751924769.6321774,1751925357.8128786,batch_consumer-sts-1_20250707_215611_608612.csv,True,False,False,1751925379.8232613,610191.083908081
467548,1751924769.632371,1751925357.8386774,batch_consumer-sts-1_20250707_215611_608612.csv,True,False,False,1751925379.8232613,610190.8903121948
467558,1751924769.6325765,1751925357.864554,batch_consumer-sts-1_20250707_215611_608612.csv,True,False,False,1751925379.8232613,610190.6847953796
467568,1751924769.6327572,1751925357.8902352,batch_consumer-sts-1_20250707_215611_608612.csv,True,False,False,1751925379.8232613,610190.5040740967
467578,1751924769.6329513,1751925357.9162214,batch_consumer-sts-1_20250707_215611_608612.csv,True,False,False,1751925379.8232613,610190.3100013733
467588,1751924769.633145,1751925357.9420006,batch_consumer-sts-1_20250707_215611_608612.csv,True,False,False,1751925379.8232613,610190.1161670685
467598,1751924769.6333406,1751925357.9678743,batch_consumer-sts-1_20250707_215611_608612.csv,True,False,False,1751925379.8232613,610189.9206638336
467608,1751924769.6335306,1751925357.9935892,batch_consumer-sts-1_20250707_215611_608612.csv,True,False,False,1751925379.8232613,610189.7306442261
467618,1751924769.633715,1751925358.0194938,batch_consumer-sts-1_20250707_215611_608612.csv,True,False,False,1751925379.8232613,610189.5463466644
467628,1751924769.6338992,1751925358.045499,batch_consumer-sts-1_20250707_215611_608612.csv,True,False,False,1751925379.8232613,610189.3620491028
467638,1751924769.6341157,1751925358.071308,batch_consumer-sts-1_20250707_215611_608612.csv,True,False,False,1751925379.8232613,610189.145565033
467648,1751924769.634401,1751925358.0969322,batch_consumer-sts-1_20250707_215611_608612.csv,True,False,False,1751925379.8232613,610188.8601779938
467658,1751924769.6347065,1751925358.12272,batch_consumer-sts-1_20250707_215611_608612.csv,True,False,False,1751925379.8232613,610188.554763794
467668,1751924769.6359124,1751925358.14852,batch_consumer-sts-1_20250707_215611_608612.csv,True,False,False,1751925379.8232613,610187.3488426208
467678,1751924769.6370242,1751925358.1746452,batch_consumer-sts-1_20250707_215611_608612.csv,True,False,False,1751925379.8232613,610186.2370967865
467688,1751924769.6372216,1751925358.2006557,batch_consumer-sts-1_20250707_215611_608612.csv,True,False,False,1751925379.8232613,610186.039686203
467698,1751924769.6374247,1751925358.226099,batch_consumer-sts-1_20250707_215611_608612.csv,True,False,False,1751925379.8232613,610185.8365535736
467708,1751924769.6376066,1751925358.2520912,batch_consumer-sts-1_20250707_215611_608612.csv,True,False,False,1751925379.8232613,610185.6546401978
467718,1751924769.637788,1751925358.2779934,batch_consumer-sts-1_20250707_215611_608612.csv,True,False,False,1751925379.8232613,610185.473203659
467728,1751924769.6379771,1751925358.3038237,batch_consumer-sts-1_20250707_215611_608612.csv,True,False,False,1751925379.8232613,610185.2841377258
467738,1751924769.63817,1751925358.3293667,batch_consumer-sts-1_20250707_215611_608612.csv,True,False,False,1751925379.8232613,610185.0912570953
467748,1751924769.6383832,1751925358.3550491,batch_consumer-sts-1_20250707_215611_608612.csv,True,False,False,1751925379.8232613,610184.8781108856
467758,1751924769.6385772,1751925358.3807344,batch_consumer-sts-1_20250707_215611_608612.csv,True,False,False,1751925379.8232613,610184.6840381622
467768,1751924769.6387663,1751925358.406403,batch_consumer-sts-1_20250707_215611_608612.csv,True,False,False,1751925379.8232613,610184.494972229
467778,1751924769.6389651,1751925358.4319584,batch_consumer-sts-1_20250707_215611_608612.csv,True,False,False,1751925379.8232613,610184.296131134
467788,1751924769.6391644,1751925358.4567292,batch_consumer-sts-1_20250707_215611_608612.csv,True,False,False,1751925379.8232613,610184.0968132019
467798,1751924769.6393764,1751925358.482652,batch_consumer-sts-1_20250707_215611_608612.csv,True,False,False,1751925379.8232613,610183.8848590851
467808,1751924769.6395614,1751925358.508409,batch_consumer-sts-1_20250707_215611_608612.csv,True,False,False,1751925379.8232613,610183.6998462677
467818,1751924769.6397517,1751925358.5344596,batch_consumer-sts-1_20250707_215611_608612.csv,True,False,False,1751925379.8232613,610183.5095882416
467828,1751924769.6399367,1751925358.5603788,batch_consumer-sts-1_20250707_215611_608612.csv,True,False,False,1751925379.8232613,610183.3245754242
467838,1751924769.640126,1751925358.586268,batch_consumer-sts-1_20250707_215611_608612.csv,True,False,False,1751925379.8232613,610183.1352710724
467848,1751924769.6403086,1751925358.6121914,batch_consumer-sts-1_20250707_215611_608612.csv,True,False,False,1751925379.8232613,610182.9526424408
467858,1751924769.6405046,1751925358.6380837,batch_consumer-sts-1_20250707_215611_608612.csv,True,False,False,1751925379.8232613,610182.7566623688
467868,1751924769.6406882,1751925359.666093,batch_consumer-sts-1_20250707_215611_608612.csv,True,False,False,1751925379.8232613,610182.5730800629
467878,1751924769.640873,1751925359.6920812,batch_consumer-sts-1_20250707_215611_608612.csv,True,False,False,1751925379.8232613,610182.3883056641
467888,1751924769.641064,1751925359.717985,batch_consumer-sts-1_20250707_215611_608612.csv,True,False,False,1751925379.8232613,610182.1973323822
467898,1751924769.6412525,1751925359.7439284,batch_consumer-sts-1_20250707_215611_608612.csv,True,False,False,1751925379.8232613,610182.0087432861
467908,1751924769.6414373,1751925359.768757,batch_consumer-sts-1_20250707_215611_608612.csv,True,False,False,1751925379.8232613,610181.8239688873
467918,1751924769.6416247,1751925359.7945874,batch_consumer-sts-1_20250707_215611_608612.csv,True,False,False,1751925379.8232613,610181.6365718842
467928,1751924769.641809,1751925359.820279,batch_consumer-sts-1_20250707_215611_608612.csv,True,False,False,1751925379.8232613,610181.4522743225
467938,1751924769.6420012,1751925359.8752182,batch_consumer-sts-1_20250707_215611_608612.csv,True,False,False,1751925379.8232613,610181.2601089478
467948,1751924769.6422148,1751925359.9015596,batch_consumer-sts-1_20250707_215611_608612.csv,True,False,False,1751925379.8232613,610181.0464859009
467958,1751924769.6424134,1751925359.9280443,batch_consumer-sts-1_20250707_215611_608612.csv,True,False,False,1751925379.8232613,610180.8478832245
467968,1751924769.642604,1751925359.9544628,batch_consumer-sts-1_20250707_215611_608612.csv,True,False,False,1751925379.8232613,610180.6571483612
467978,1751924769.642796,1751925359.9808788,batch_consumer-sts-1_20250707_215611_608612.csv,True,False,False,1751925379.8232613,610180.465221405
467988,1751924769.6429882,1751925360.0073085,batch_consumer-sts-1_20250707_215611_608612.csv,True,False,False,1751925379.8232613,610180.2730560303
467998,1751924769.643188,1751925360.0339327,batch_consumer-sts-1_20250707_215611_608612.csv,True,False,False,1751925379.8232613,610180.073261261
468008,1751924769.6434069,1751925360.060212,batch_consumer-sts-1_20250707_215611_608612.csv,True,False,False,1751925379.8232613,610179.8543930054
468018,1751924769.6435957,1751925360.0865564,batch_consumer-sts-1_20250707_215611_608612.csv,True,False,False,1751925379.8232613,610179.6655654907
468028,1751924769.6437905,1751925360.1127288,batch_consumer-sts-1_20250707_215611_608612.csv,True,False,False,1751925379.8232613,610179.4707775116
468038,1751924769.644382,1751925360.1387331,batch_consumer-sts-1_20250707_215611_608612.csv,True,False,False,1751925379.8232613,610178.8792610168
468048,1751924769.6448395,1751925360.164982,batch_consumer-sts-1_20250707_215611_608612.csv,True,False,False,1751925379.8232613,610178.4217357635
468058,1751924769.6451125,1751925360.3992312,batch_consumer-sts-1_20250707_215611_608612.csv,True,False,False,1751925379.8232613,610178.1487464905
468068,1751924769.6453865,1751925360.4249816,batch_consumer-sts-1_20250707_215611_608612.csv,True,False,False,1751925379.8232613,610177.8748035431
468078,1751924769.6466994,1751925360.4509516,batch_consumer-sts-1_20250707_215611_608612.csv,True,False,False,1751925379.8232613,610176.561832428
468088,1751924769.6468985,1751925360.4772563,batch_consumer-sts-1_20250707_215611_608612.csv,True,False,False,1751925379.8232613,610176.3627529144
468098,1751924769.647093,1751925360.5033114,batch_consumer-sts-1_20250707_215611_608612.csv,True,False,False,1751925379.8232613,610176.1682033539
468108,1751924769.6472905,1751925360.528999,batch_consumer-sts-1_20250707_215611_608612.csv,True,False,False,1751925379.8232613,610175.9707927704
468118,1751924769.6474822,1751925360.5548298,batch_consumer-sts-1_20250707_215611_608612.csv,True,False,False,1751925379.8232613,610175.7791042328
468128,1751924769.6476662,1751925360.5813148,batch_consumer-sts-1_20250707_215611_608612.csv,True,False,False,1751925379.8232613,610175.5950450897
468138,1751924769.647846,1751925360.6077623,batch_consumer-sts-1_20250707_215611_608612.csv,True,False,False,1751925379.8232613,610175.4152774811
468148,1751924769.6480322,1751925360.6333573,batch_consumer-sts-1_20250707_215611_608612.csv,True,False,False,1751925379.8232613,610175.2290725708
468158,1751924769.6482189,1751925360.6593063,batch_consumer-sts-1_20250707_215611_608612.csv,True,False,False,1751925379.8232613,610175.0423908234
468168,1751924769.6487525,1751925360.6853263,batch_consumer-sts-1_20250707_215611_608612.csv,True,False,False,1751925379.8232613,610174.5088100433
468178,1751924769.6489632,1751925360.7114706,batch_consumer-sts-1_20250707_215611_608612.csv,True,False,False,1751925379.8232613,610174.2980480194
468188,1751924769.649166,1751925360.737274,batch_consumer-sts-1_20250707_215611_608612.csv,True,False,False,1751925379.8232613,610174.0951538086
468198,1751924769.6493552,1751925360.763113,batch_consumer-sts-1_20250707_215611_608612.csv,True,False,False,1751925379.8232613,610173.9060878754
468208,1751924769.6495562,1751925360.78908,batch_consumer-sts-1_20250707_215611_608612.csv,True,False,False,1751925379.8232613,610173.7051010132
468218,1751924769.649738,1751925360.8150072,batch_consumer-sts-1_20250707_215611_608612.csv,True,False,False,1751925379.8232613,610173.5231876373
468228,1751924769.6499188,1751925360.8404913,batch_consumer-sts-1_20250707_215611_608612.csv,True,False,False,1751925379.8232613,610173.3424663544
468238,1751924769.6501017,1751925360.8661468,batch_consumer-sts-1_20250707_215611_608612.csv,True,False,False,1751925379.8232613,610173.1595993042
468248,1751924769.6502914,1751925360.8923554,batch_consumer-sts-1_20250707_215611_608612.csv,True,False,False,1751925379.8232613,610172.9698181152
468258,1751924769.6504722,1751925360.9179788,batch_consumer-sts-1_20250707_215611_608612.csv,True,False,False,1751925379.8232613,610172.7890968323
468268,1751924769.6506586,1751925360.9436371,batch_consumer-sts-1_20250707_215611_608612.csv,True,False,False,1751925379.8232613,610172.6026535034
468278,1751924769.6508696,1751925360.9692943,batch_consumer-sts-1_20250707_215611_608612.csv,True,False,False,1751925379.8232613,610172.3916530609
468288,1751924769.651064,1751925360.994955,batch_consumer-sts-1_20250707_215611_608612.csv,True,False,False,1751925379.8232613,610172.197341919
468298,1751924769.6515255,1751925361.0203712,batch_consumer-sts-1_20250707_215611_608612.csv,True,False,False,1751925379.8232613,610171.7357635498
468308,1751924769.651832,1751925361.0459833,batch_consumer-sts-1_20250707_215611_608612.csv,True,False,False,1751925379.8232613,610171.4291572571
468318,1751924769.652386,1751925361.0721328,batch_consumer-sts-1_20250707_215611_608612.csv,True,False,False,1751925379.8232613,610170.8753108978
468328,1751924769.652576,1751925361.0933166,batch_consumer-sts-1_20250707_215611_608612.csv,True,False,False,1751925379.8232613,610170.6852912903
468338,1751924769.6529984,1751925361.1194756,batch_consumer-sts-1_20250707_215611_608612.csv,True,False,False,1751925379.8232613,610170.2628135681
468348,1751924769.6531956,1751925361.14585,batch_consumer-sts-1_20250707_215611_608612.csv,True,False,False,1751925379.8232613,610170.0656414032
468358,1751924769.6533854,1751925361.1722243,batch_consumer-sts-1_20250707_215611_608612.csv,True,False,False,1751925379.8232613,610169.8758602142
468368,1751924769.653577,1751925361.1984134,batch_consumer-sts-1_20250707_215611_608612.csv,True,False,False,1751925379.8232613,610169.6841716766
468378,1751924769.6537604,1751925361.224533,batch_consumer-sts-1_20250707_215611_608612.csv,True,False,False,1751925379.8232613,610169.5008277893
468388,1751924769.653934,1751925361.2506857,batch_consumer-sts-1_20250707_215611_608612.csv,True,False,False,1751925379.8232613,610169.3272590637
468398,1751924769.6541133,1751925361.2802968,batch_consumer-sts-1_20250707_215611_608612.csv,True,False,False,1751925379.8232613,610169.1479682922
468408,1751924769.6543274,1751925361.306075,batch_consumer-sts-1_20250707_215611_608612.csv,True,False,False,1751925379.8232613,610168.9338684082
468418,1751924769.6545167,1751925361.330212,batch_consumer-sts-1_20250707_215611_608612.csv,True,False,False,1751925379.8232613,610168.7445640564
468428,1751924769.654708,1751925361.3538787,batch_consumer-sts-1_20250707_215611_608612.csv,True,False,False,1751925379.8232613,610168.553352356
468438,1751924769.654895,1751925361.3798387,batch_consumer-sts-1_20250707_215611_608612.csv,True,False,False,1751925379.8232613,610168.3661937714
468448,1751924769.6550834,1751925361.4047582,batch_consumer-sts-1_20250707_215611_608612.csv,True,False,False,1751925379.8232613,610168.1778430939
468458,1751924769.6552744,1751925361.430953,batch_consumer-sts-1_20250707_215611_608612.csv,True,False,False,1751925379.8232613,610167.986869812
468468,1751924769.6554685,1751925361.4574723,batch_consumer-sts-1_20250707_215611_608612.csv,True,False,False,1751925379.8232613,610167.7927970886
468478,1751924769.6556523,1751925361.483651,batch_consumer-sts-1_20250707_215611_608612.csv,True,False,False,1751925379.8232613,610167.6089763641
468488,1751924769.6558447,1751925361.5096848,batch_consumer-sts-1_20250707_215611_608612.csv,True,False,False,1751925379.8232613,610167.4165725708
468498,1751924769.6560297,1751925361.5357952,batch_consumer-sts-1_20250707_215611_608612.csv,True,False,False,1751925379.8232613,610167.2315597534
468508,1751924769.6562164,1751925361.561703,batch_consumer-sts-1_20250707_215611_608612.csv,True,False,False,1751925379.8232613,610167.044878006
468518,1751924769.6563952,1751925361.587984,batch_consumer-sts-1_20250707_215611_608612.csv,True,False,False,1751925379.8232613,610166.8660640717
468528,1751924769.656582,1751925361.6140752,batch_consumer-sts-1_20250707_215611_608612.csv,True,False,False,1751925379.8232613,610166.6791439056
468538,1751924769.6567657,1751925361.6400964,batch_consumer-sts-1_20250707_215611_608612.csv,True,False,False,1751925379.8232613,610166.4955615997
468548,1751924769.656949,1751925361.6664102,batch_consumer-sts-1_20250707_215611_608612.csv,True,False,False,1751925379.8232613,610166.3122177124
468558,1751924769.6571343,1751925361.6924589,batch_consumer-sts-1_20250707_215611_608612.csv,True,False,False,1751925379.8232613,610166.1269664764
468568,1751924769.6573205,1751925361.718578,batch_consumer-sts-1_20250707_215611_608612.csv,True,False,False,1751925379.8232613,610165.9407615662
468578,1751924769.6575055,1751925361.7449582,batch_consumer-sts-1_20250707_215611_608612.csv,True,False,False,1751925379.8232613,610165.7557487488
468588,1751924769.6576855,1751925361.7726262,batch_consumer-sts-1_20250707_215611_608612.csv,True,False,False,1751925379.8232613,610165.5757427216
468598,1751924769.6578658,1751925361.798308,batch_consumer-sts-1_20250707_215611_608612.csv,True,False,False,1751925379.8232613,610165.3954982758
468608,1751924769.65805,1751925361.8242545,batch_consumer-sts-1_20250707_215611_608612.csv,True,False,False,1751925379.8232613,610165.2112007141
468618,1751924769.6582615,1751925361.850011,batch_consumer-sts-1_20250707_215611_608612.csv,True,False,False,1751925379.8232613,610164.9997234344
468628,1751924769.6584566,1751925361.8759758,batch_consumer-sts-1_20250707_215611_608612.csv,True,False,False,1751925379.8232613,610164.8046970367
468638,1751924769.659079,1751925361.902337,batch_consumer-sts-1_20250707_215611_608612.csv,True,False,False,1751925379.8232613,610164.1821861267
468648,1751924769.659652,1751925361.9278176,batch_consumer-sts-1_20250707_215611_608612.csv,True,False,False,1751925379.8232613,610163.6092662811
468658,1751924769.659834,1751925361.953832,batch_consumer-sts-1_20250707_215611_608612.csv,True,False,False,1751925379.8232613,610163.4273529053
468668,1751924769.660014,1751925361.9798992,batch_consumer-sts-1_20250707_215611_608612.csv,True,False,False,1751925379.8232613,610163.247346878
468678,1751924769.6601942,1751925362.0058918,batch_consumer-sts-1_20250707_215611_608612.csv,True,False,False,1751925379.8232613,610163.0671024323
468688,1751924769.6603692,1751925362.0315876,batch_consumer-sts-1_20250707_215611_608612.csv,True,False,False,1751925379.8232613,610162.8921031952
468698,1751924769.6605508,1751925362.0574186,batch_consumer-sts-1_20250707_215611_608612.csv,True,False,False,1751925379.8232613,610162.7104282379
468708,1751924769.660734,1751925362.0832834,batch_consumer-sts-1_20250707_215611_608612.csv,True,False,False,1751925379.8232613,610162.5273227692
468718,1751924769.6609178,1751925362.1090558,batch_consumer-sts-1_20250707_215611_608612.csv,True,False,False,1751925379.8232613,610162.3435020447
468728,1751924769.661095,1751925362.1349003,batch_consumer-sts-1_20250707_215611_608612.csv,True,False,False,1751925379.8232613,610162.1663570404
468738,1751924769.6612751,1751925362.1598709,batch_consumer-sts-1_20250707_215611_608612.csv,True,False,False,1751925379.8232613,610161.9861125946
468748,1751924769.6614578,1751925362.185784,batch_consumer-sts-1_20250707_215611_608612.csv,True,False,False,1751925379.8232613,610161.803483963
468758,1751924769.661639,1751925362.2111645,batch_consumer-sts-1_20250707_215611_608612.csv,True,False,False,1751925379.8232613,610161.6222858429
468768,1751924769.6618192,1751925362.2372952,batch_consumer-sts-1_20250707_215611_608612.csv,True,False,False,1751925379.8232613,610161.4420413971
468778,1751924769.662036,1751925362.2632334,batch_consumer-sts-1_20250707_215611_608612.csv,True,False,False,1751925379.8232613,610161.2253189087
468788,1751924769.6622212,1751925362.2893376,batch_consumer-sts-1_20250707_215611_608612.csv,True,False,False,1751925379.8232613,610161.0400676727
468798,1751924769.662408,1751925362.3153074,batch_consumer-sts-1_20250707_215611_608612.csv,True,False,False,1751925379.8232613,610160.8531475067
468808,1751924769.662588,1751925362.3416646,batch_consumer-sts-1_20250707_215611_608612.csv,True,False,False,1751925379.8232613,610160.6733798981
468818,1751924769.6627712,1751925362.3676808,batch_consumer-sts-1_20250707_215611_608612.csv,True,False,False,1751925379.8232613,610160.4900360107
468828,1751924769.662958,1751925362.6042538,batch_consumer-sts-1_20250707_215611_608612.csv,True,False,False,1751925379.8232613,610160.3033542633
468838,1751924769.6631389,1751925362.6303065,batch_consumer-sts-1_20250707_215611_608612.csv,True,False,False,1751925379.8232613,610160.1223945618
468848,1751924769.663357,1751925362.6563592,batch_consumer-sts-1_20250707_215611_608612.csv,True,False,False,1751925379.8232613,610159.9042415619
468858,1751924769.6635363,1751925362.682564,batch_consumer-sts-1_20250707_215611_608612.csv,True,False,False,1751925379.8232613,610159.7249507904
468868,1751924769.6637137,1751925363.0647633,batch_consumer-sts-1_20250707_215611_608612.csv,True,False,False,1751925379.8232613,610159.5475673676
468878,1751924769.6638954,1751925363.0908637,batch_consumer-sts-1_20250707_215611_608612.csv,True,False,False,1751925379.8232613,610159.3658924103
468888,1751924769.66408,1751925363.1161425,batch_consumer-sts-1_20250707_215611_608612.csv,True,False,False,1751925379.8232613,610159.18135643
468898,1751924769.664261,1751925363.1421466,batch_consumer-sts-1_20250707_215611_608612.csv,True,False,False,1751925379.8232613,610159.0001583099
468908,1751924769.664453,1751925363.168132,batch_consumer-sts-1_20250707_215611_608612.csv,True,False,False,1751925379.8232613,610158.8082313538
468918,1751924769.6646378,1751925363.194242,batch_consumer-sts-1_20250707_215611_608612.csv,True,False,False,1751925379.8232613,610158.623456955
468928,1751924769.6648192,1751925363.220343,batch_consumer-sts-1_20250707_215611_608612.csv,True,False,False,1751925379.8232613,610158.4420204163
468938,1751924769.665002,1751925363.2462869,batch_consumer-sts-1_20250707_215611_608612.csv,True,False,False,1751925379.8232613,610158.2591533661
468948,1751924769.6651852,1751925363.272537,batch_consumer-sts-1_20250707_215611_608612.csv,True,False,False,1751925379.8232613,610158.0760478973
468958,1751924769.6653714,1751925363.2985375,batch_consumer-sts-1_20250707_215611_608612.csv,True,False,False,1751925379.8232613,610157.8898429871
468968,1751924769.6655495,1751925363.3244352,batch_consumer-sts-1_20250707_215611_608612.csv,True,False,False,1751925379.8232613,610157.7117443085
468978,1751924769.6657324,1751925363.3502152,batch_consumer-sts-1_20250707_215611_608612.csv,True,False,False,1751925379.8232613,610157.5288772583
468988,1751924769.6659138,1751925363.376269,batch_consumer-sts-1_20250707_215611_608612.csv,True,False,False,1751925379.8232613,610157.3474407196
468998,1751924769.6660955,1751925363.4021482,batch_consumer-sts-1_20250707_215611_608612.csv,True,False,False,1751925379.8232613,610157.1657657623
469008,1751924769.6663072,1751925363.4286208,batch_consumer-sts-1_20250707_215611_608612.csv,True,False,False,1751925379.8232613,610156.9540500641
469018,1751924769.6665032,1751925363.4544446,batch_consumer-sts-1_20250707_215611_608612.csv,True,False,False,1751925379.8232613,610156.7580699921
469028,1751924769.6666968,1751925363.4805098,batch_consumer-sts-1_20250707_215611_608612.csv,True,False,False,1751925379.8232613,610156.5644741058
469038,1751924769.6668868,1751925363.506672,batch_consumer-sts-1_20250707_215611_608612.csv,True,False,False,1751925379.8232613,610156.3744544983
469048,1751924769.667079,1751925363.5329132,batch_consumer-sts-1_20250707_215611_608612.csv,True,False,False,1751925379.8232613,610156.1822891235
469058,1751924769.6672666,1751925363.5581098,batch_consumer-sts-1_20250707_215611_608612.csv,True,False,False,1751925379.8232613,610155.9946537018
469068,1751924769.6674657,1751925363.5842948,batch_consumer-sts-1_20250707_215611_608612.csv,True,False,False,1751925379.8232613,610155.7955741882
469078,1751924769.667646,1751925363.6104264,batch_consumer-sts-1_20250707_215611_608612.csv,True,False,False,1751925379.8232613,610155.6153297424
469088,1751924769.667828,1751925363.6366076,batch_consumer-sts-1_20250707_215611_608612.csv,True,False,False,1751925379.8232613,610155.433177948
469098,1751924769.668013,1751925363.6625404,batch_consumer-sts-1_20250707_215611_608612.csv,True,False,False,1751925379.8232613,610155.2481651306
469108,1751924769.6681898,1751925363.6894264,batch_consumer-sts-1_20250707_215611_608612.csv,True,False,False,1751925379.8232613,610155.0714969635
469118,1751924769.668371,1751925363.7153668,batch_consumer-sts-1_20250707_215611_608612.csv,True,False,False,1751925379.8232613,610154.8902988434
469128,1751924769.6685507,1751925363.7411835,batch_consumer-sts-1_20250707_215611_608612.csv,True,False,False,1751925379.8232613,610154.7105312347
469138,1751924769.6687336,1751925363.7669454,batch_consumer-sts-1_20250707_215611_608612.csv,True,False,False,1751925379.8232613,610154.5276641846
469148,1751924769.6689165,1751925363.7930136,batch_consumer-sts-1_20250707_215611_608612.csv,True,False,False,1751925379.8232613,610154.3447971344
469158,1751924769.6691222,1751925363.819033,batch_consumer-sts-1_20250707_215611_608612.csv,True,False,False,1751925379.8232613,610154.1390419006
469168,1751924769.669314,1751925363.8449564,batch_consumer-sts-1_20250707_215611_608612.csv,True,False,False,1751925379.8232613,610153.947353363
469178,1751924769.6695154,1751925363.870848,batch_consumer-sts-1_20250707_215611_608612.csv,True,False,False,1751925379.8232613,610153.7458896637
469188,1751924769.669694,1751925363.8974211,batch_consumer-sts-1_20250707_215611_608612.csv,True,False,False,1751925379.8232613,610153.567314148
469198,1751924769.66988,1751925363.924094,batch_consumer-sts-1_20250707_215611_608612.csv,True,False,False,1751925379.8232613,610153.3813476562
469208,1751924769.6700652,1751925363.9508424,batch_consumer-sts-1_20250707_215611_608612.csv,True,False,False,1751925379.8232613,610153.1960964203
469218,1751924769.6702552,1751925363.9765637,batch_consumer-sts-1_20250707_215611_608612.csv,True,False,False,1751925379.8232613,610153.0060768127
469228,1751924769.6704607,1751925364.0032315,batch_consumer-sts-1_20250707_215611_608612.csv,True,False,False,1751925379.8232613,610152.8005599976
469238,1751924769.670651,1751925364.030182,batch_consumer-sts-1_20250707_215611_608612.csv,True,False,False,1751925379.8232613,610152.6103019714
469248,1751924769.6708398,1751925364.057195,batch_consumer-sts-1_20250707_215611_608612.csv,True,False,False,1751925379.8232613,610152.4214744568
469258,1751924769.6710358,1751925364.0855253,batch_consumer-sts-1_20250707_215611_608612.csv,True,False,False,1751925379.8232613,610152.2254943848
469268,1751924769.6712265,1751925365.1138582,batch_consumer-sts-1_20250707_215611_608612.csv,True,False,False,1751925379.8232613,610152.0347595215
469278,1751924769.671419,1751925365.1415884,batch_consumer-sts-1_20250707_215611_608612.csv,True,False,False,1751925379.8232613,610151.8423557281
469288,1751924769.6715984,1751925365.1682825,batch_consumer-sts-1_20250707_215611_608612.csv,True,False,False,1751925379.8232613,610151.6628265381
469298,1751924769.671777,1751925365.195023,batch_consumer-sts-1_20250707_215611_608612.csv,True,False,False,1751925379.8232613,610151.4842510223
469308,1751924769.671962,1751925365.221167,batch_consumer-sts-1_20250707_215611_608612.csv,True,False,False,1751925379.8232613,610151.299238205
469318,1751924769.6721485,1751925365.2485046,batch_consumer-sts-1_20250707_215611_608612.csv,True,False,False,1751925379.8232613,610151.1127948761
469328,1751924769.6723273,1751925365.2753916,batch_consumer-sts-1_20250707_215611_608612.csv,True,False,False,1751925379.8232613,610150.9339809418
469338,1751924769.672512,1751925365.302304,batch_consumer-sts-1_20250707_215611_608612.csv,True,False,False,1751925379.8232613,610150.749206543
469348,1751924769.6728015,1751925365.3290746,batch_consumer-sts-1_20250707_215611_608612.csv,True,False,False,1751925379.8232613,610150.4597663879
469358,1751924769.6729918,1751925365.355989,batch_consumer-sts-1_20250707_215611_608612.csv,True,False,False,1751925379.8232613,610150.2695083618
469368,1751924769.673179,1751925365.382918,batch_consumer-sts-1_20250707_215611_608612.csv,True,False,False,1751925379.8232613,610150.0823497772
469378,1751924769.67336,1751925365.409249,batch_consumer-sts-1_20250707_215611_608612.csv,True,False,False,1751925379.8232613,610149.9011516571
469388,1751924769.6735585,1751925365.4362743,batch_consumer-sts-1_20250707_215611_608612.csv,True,False,False,1751925379.8232613,610149.7027873993
469398,1751924769.673735,1751925365.4633749,batch_consumer-sts-1_20250707_215611_608612.csv,True,False,False,1751925379.8232613,610149.5263576508
469408,1751924769.6739118,1751925365.490389,batch_consumer-sts-1_20250707_215611_608612.csv,True,False,False,1751925379.8232613,610149.3494510651
469418,1751924769.6740954,1751925365.5166693,batch_consumer-sts-1_20250707_215611_608612.csv,True,False,False,1751925379.8232613,610149.1658687592
469428,1751924769.6743107,1751925365.5434968,batch_consumer-sts-1_20250707_215611_608612.csv,True,False,False,1751925379.8232613,610148.9505767822
469438,1751924769.674503,1751925365.5707817,batch_consumer-sts-1_20250707_215611_608612.csv,True,False,False,1751925379.8232613,610148.7581729889
469448,1751924769.6746998,1751925365.597355,batch_consumer-sts-1_20250707_215611_608612.csv,True,False,False,1751925379.8232613,610148.5614776611
469458,1751924769.6748908,1751925365.6245463,batch_consumer-sts-1_20250707_215611_608612.csv,True,False,False,1751925379.8232613,610148.3705043793
469468,1751924769.6750877,1751925365.6551766,batch_consumer-sts-1_20250707_215611_608612.csv,True,False,False,1751925379.8232613,610148.1735706329
469478,1751924769.67528,1751925365.6822867,batch_consumer-sts-1_20250707_215611_608612.csv,True,False,False,1751925379.8232613,610147.9811668396
469488,1751924769.675488,1751925365.7089434,batch_consumer-sts-1_20250707_215611_608612.csv,True,False,False,1751925379.8232613,610147.7732658386
469498,1751924769.6756845,1751925365.7352858,batch_consumer-sts-1_20250707_215611_608612.csv,True,False,False,1751925379.8232613,610147.5768089294
469508,1751924769.6758697,1751925365.7568636,batch_consumer-sts-1_20250707_215611_608612.csv,True,False,False,1751925379.8232613,610147.3915576935
469518,1751924769.676068,1751925365.7836611,batch_consumer-sts-1_20250707_215611_608612.csv,True,False,False,1751925379.8232613,610147.1931934357
469528,1751924769.6762714,1751925365.810282,batch_consumer-sts-1_20250707_215611_608612.csv,True,False,False,1751925379.8232613,610146.9898223877
469538,1751924769.6765072,1751925365.8368523,batch_consumer-sts-1_20250707_215611_608612.csv,True,False,False,1751925379.8232613,610146.754026413
469548,1751924769.676721,1751925365.863719,batch_consumer-sts-1_20250707_215611_608612.csv,True,False,False,1751925379.8232613,610146.5401649475
469558,1751924769.676942,1751925365.8895383,batch_consumer-sts-1_20250707_215611_608612.csv,True,False,False,1751925379.8232613,610146.3191509247
469568,1751924769.6771576,1751925365.9161155,batch_consumer-sts-1_20250707_215611_608612.csv,True,False,False,1751925379.8232613,610146.1036205292
469578,1751924769.6773815,1751925365.942923,batch_consumer-sts-1_20250707_215611_608612.csv,True,False,False,1751925379.8232613,610145.8797454834
469588,1751924769.677599,1751925365.9694035,batch_consumer-sts-1_20250707_215611_608612.csv,True,False,False,1751925379.8232613,610145.6623077393
469598,1751924769.6778278,1751925365.996392,batch_consumer-sts-1_20250707_215611_608612.csv,True,False,False,1751925379.8232613,610145.4334259033
469608,1751924769.6780453,1751925366.0229092,batch_consumer-sts-1_20250707_215611_608612.csv,True,False,False,1751925379.8232613,610145.2159881592
469618,1751924769.678268,1751925366.049664,batch_consumer-sts-1_20250707_215611_608612.csv,True,False,False,1751925379.8232613,610144.9933052063
469628,1751924769.678486,1751925366.0755048,batch_consumer-sts-1_20250707_215611_608612.csv,True,False,False,1751925379.8232613,610144.7751522064
469638,1751924769.6786852,1751925366.1019971,batch_consumer-sts-1_20250707_215611_608612.csv,True,False,False,1751925379.8232613,610144.5760726929
469648,1751924769.6788878,1751925366.1289587,batch_consumer-sts-1_20250707_215611_608612.csv,True,False,False,1751925379.8232613,610144.3734169006
469658,1751924769.6790748,1751925366.1556537,batch_consumer-sts-1_20250707_215611_608612.csv,True,False,False,1751925379.8232613,610144.1864967346
469668,1751924769.6792655,1751925366.182919,batch_consumer-sts-1_20250707_215611_608612.csv,True,False,False,1751925379.8232613,610143.9957618713
469678,1751924769.6794744,1751925366.2096744,batch_consumer-sts-1_20250707_215611_608612.csv,True,False,False,1751925379.8232613,610143.786907196
469688,1751924769.6796558,1751925366.237913,batch_consumer-sts-1_20250707_215611_608612.csv,True,False,False,1751925379.8232613,610143.6054706573
469698,1751924769.6798408,1751925366.2648218,batch_consumer-sts-1_20250707_215611_608612.csv,True,False,False,1751925379.8232613,610143.42045784
469708,1751924769.6800256,1751925366.2923028,batch_consumer-sts-1_20250707_215611_608612.csv,True,False,False,1751925379.8232613,610143.2356834412
469718,1751924769.6802068,1751925366.3194478,batch_consumer-sts-1_20250707_215611_608612.csv,True,False,False,1751925379.8232613,610143.054485321
469728,1751924769.6803849,1751925366.3463175,batch_consumer-sts-1_20250707_215611_608612.csv,True,False,False,1751925379.8232613,610142.8763866425
469738,1751924769.6805732,1751925366.3764334,batch_consumer-sts-1_20250707_215611_608612.csv,True,False,False,1751925379.8232613,610142.688035965
469748,1751924769.6807632,1751925366.4030316,batch_consumer-sts-1_20250707_215611_608612.csv,True,False,False,1751925379.8232613,610142.4980163574
469758,1751924769.6809404,1751925366.4294071,batch_consumer-sts-1_20250707_215611_608612.csv,True,False,False,1751925379.8232613,610142.3208713531
469768,1751924769.6811194,1751925366.4564898,batch_consumer-sts-1_20250707_215611_608612.csv,True,False,False,1751925379.8232613,610142.1418190002
469778,1751924769.6812978,1751925366.4832284,batch_consumer-sts-1_20250707_215611_608612.csv,True,False,False,1751925379.8232613,610141.9634819031
469788,1751924769.6814945,1751925366.5094824,batch_consumer-sts-1_20250707_215611_608612.csv,True,False,False,1751925379.8232613,610141.7667865753
469798,1751924769.6816795,1751925366.5359578,batch_consumer-sts-1_20250707_215611_608612.csv,True,False,False,1751925379.8232613,610141.5817737579
469808,1751924769.681872,1751925366.5627928,batch_consumer-sts-1_20250707_215611_608612.csv,True,False,False,1751925379.8232613,610141.3893699646
469818,1751924769.6820605,1751925366.5894215,batch_consumer-sts-1_20250707_215611_608612.csv,True,False,False,1751925379.8232613,610141.2007808685
469828,1751924769.682266,1751925366.6157763,batch_consumer-sts-1_20250707_215611_608612.csv,True,False,False,1751925379.8232613,610140.9952640533
469838,1751924769.6824613,1751925366.6425622,batch_consumer-sts-1_20250707_215611_608612.csv,True,False,False,1751925379.8232613,610140.7999992371
469848,1751924769.6826546,1751925366.669326,batch_consumer-sts-1_20250707_215611_608612.csv,True,False,False,1751925379.8232613,610140.6066417694
469858,1751924769.6828473,1751925366.6959274,batch_consumer-sts-1_20250707_215611_608612.csv,True,False,False,1751925379.8232613,610140.4139995575
469868,1751924769.6830466,1751925366.7217534,batch_consumer-sts-1_20250707_215611_608612.csv,True,False,False,1751925379.8232613,610140.2146816254
469878,1751924769.6832438,1751925366.749055,batch_consumer-sts-1_20250707_215611_608612.csv,True,False,False,1751925379.8232613,610140.0175094604
469888,1751924769.6834445,1751925366.7765422,batch_consumer-sts-1_20250707_215611_608612.csv,True,False,False,1751925379.8232613,610139.8167610168
469898,1751924769.6836247,1751925366.8029735,batch_consumer-sts-1_20250707_215611_608612.csv,True,False,False,1751925379.8232613,610139.636516571
469908,1751924769.6838078,1751925366.8295653,batch_consumer-sts-1_20250707_215611_608612.csv,True,False,False,1751925379.8232613,610139.4534111023
469918,1751924769.6839893,1751925366.856536,batch_consumer-sts-1_20250707_215611_608612.csv,True,False,False,1751925379.8232613,610139.2719745636
469928,1751924769.6841912,1751925366.8832362,batch_consumer-sts-1_20250707_215611_608612.csv,True,False,False,1751925379.8232613,610139.0700340271
469938,1751924769.684374,1751925366.914727,batch_consumer-sts-1_20250707_215611_608612.csv,True,False,False,1751925379.8232613,610138.8871669769
469948,1751924769.6845634,1751925366.9401543,batch_consumer-sts-1_20250707_215611_608612.csv,True,False,False,1751925379.8232613,610138.6978626251
469958,1751924769.6847467,1751925366.9679613,batch_consumer-sts-1_20250707_215611_608612.csv,True,False,False,1751925379.8232613,610138.5145187378
469968,1751924769.6849267,1751925366.994618,batch_consumer-sts-1_20250707_215611_608612.csv,True,False,False,1751925379.8232613,610138.3345127106
469978,1751924769.685111,1751925367.0206127,batch_consumer-sts-1_20250707_215611_608612.csv,True,False,False,1751925379.8232613,610138.1502151489
469988,1751924769.6852896,1751925367.04845,batch_consumer-sts-1_20250707_215611_608612.csv,True,False,False,1751925379.8232613,610137.9716396332
469998,1751924769.6854715,1751925367.0793145,batch_consumer-sts-1_20250707_215611_608612.csv,True,False,False,1751925379.8232613,610137.7897262573
470008,1751924769.6856475,1751925367.105693,batch_consumer-sts-1_20250707_215611_608612.csv,True,False,False,1751925379.8232613,610137.613773346
470018,1751924769.6858275,1751925367.131419,batch_consumer-sts-1_20250707_215611_608612.csv,True,False,False,1751925379.8232613,610137.4337673187
470028,1751924769.6860108,1751925367.1582448,batch_consumer-sts-1_20250707_215611_608612.csv,True,False,False,1751925379.8232613,610137.2504234314
470038,1751924769.68625,1751925367.185146,batch_consumer-sts-1_20250707_215611_608612.csv,True,False,False,1751925379.8232613,610137.0112895966
470048,1751924769.6864562,1751925367.2117794,batch_consumer-sts-1_20250707_215611_608612.csv,True,False,False,1751925379.8232613,610136.8050575256
470058,1751924769.6866367,1751925367.2388115,batch_consumer-sts-1_20250707_215611_608612.csv,True,False,False,1751925379.8232613,610136.6245746613
470068,1751924769.686822,1751925367.2650018,batch_consumer-sts-1_20250707_215611_608612.csv,True,False,False,1751925379.8232613,610136.4393234253
470078,1751924769.6870072,1751925367.291967,batch_consumer-sts-1_20250707_215611_608612.csv,True,False,False,1751925379.8232613,610136.2540721893
470088,1751924769.6871872,1751925367.318553,batch_consumer-sts-1_20250707_215611_608612.csv,True,False,False,1751925379.8232613,610136.0740661621
470098,1751924769.6873806,1751925367.3453207,batch_consumer-sts-1_20250707_215611_608612.csv,True,False,False,1751925379.8232613,610135.8807086945
470108,1751924769.687561,1751925367.3724682,batch_consumer-sts-1_20250707_215611_608612.csv,True,False,False,1751925379.8232613,610135.7002258301
470118,1751924769.6877522,1751925367.3997736,batch_consumer-sts-1_20250707_215611_608612.csv,True,False,False,1751925379.8232613,610135.5090141296
470128,1751924769.68794,1751925367.4262433,batch_consumer-sts-1_20250707_215611_608612.csv,True,False,False,1751925379.8232613,610135.3213787079
470138,1751924769.688125,1751925367.4533365,batch_consumer-sts-1_20250707_215611_608612.csv,True,False,False,1751925379.8232613,610135.1363658905
470148,1751924769.688311,1751925367.480058,batch_consumer-sts-1_20250707_215611_608612.csv,True,False,False,1751925379.8232613,610134.9501609802
470158,1751924769.6884952,1751925368.073529,batch_consumer-sts-1_20250707_215611_608612.csv,True,False,False,1751925379.8232613,610134.7661018372
470168,1751924769.6886835,1751925368.1004255,batch_consumer-sts-1_20250707_215611_608612.csv,True,False,False,1751925379.8232613,610134.5777511597
470178,1751924769.6888702,1751925368.1272044,batch_consumer-sts-1_20250707_215611_608612.csv,True,False,False,1751925379.8232613,610134.3910694122
470188,1751924769.6890602,1751925368.1535723,batch_consumer-sts-1_20250707_215611_608612.csv,True,False,False,1751925379.8232613,610134.2010498047
470198,1751924769.689243,1751925368.1800263,batch_consumer-sts-1_20250707_215611_608612.csv,True,False,False,1751925379.8232613,610134.0181827545
470208,1751924769.68943,1751925368.2066529,batch_consumer-sts-1_20250707_215611_608612.csv,True,False,False,1751925379.8232613,610133.8312625885
470218,1751924769.6896143,1751925368.2334044,batch_consumer-sts-1_20250707_215611_608612.csv,True,False,False,1751925379.8232613,610133.6469650269
470228,1751924769.6897998,1751925368.2599468,batch_consumer-sts-1_20250707_215611_608612.csv,True,False,False,1751925379.8232613,610133.4614753723
470238,1751924769.6900053,1751925368.286538,batch_consumer-sts-1_20250707_215611_608612.csv,True,False,False,1751925379.8232613,610133.2559585571
470248,1751924769.6902397,1751925368.312777,batch_consumer-sts-1_20250707_215611_608612.csv,True,False,False,1751925379.8232613,610133.0215930939
470258,1751924769.6904342,1751925368.339585,batch_consumer-sts-1_20250707_215611_608612.csv,True,False,False,1751925379.8232613,610132.8270435333
470268,1751924769.6906228,1751925368.3665133,batch_consumer-sts-1_20250707_215611_608612.csv,True,False,False,1751925379.8232613,610132.6384544373
470278,1751924769.690806,1751925368.3934813,batch_consumer-sts-1_20250707_215611_608612.csv,True,False,False,1751925379.8232613,610132.4553489685
470288,1751924769.690991,1751925368.4194748,batch_consumer-sts-1_20250707_215611_608612.csv,True,False,False,1751925379.8232613,610132.2703361511
470298,1751924769.6911757,1751925368.446288,batch_consumer-sts-1_20250707_215611_608612.csv,True,False,False,1751925379.8232613,610132.0855617523
470308,1751924769.6913648,1751925368.4729342,batch_consumer-sts-1_20250707_215611_608612.csv,True,False,False,1751925379.8232613,610131.8964958191
494228,1751924770.2444756,1751925368.499705,batch_consumer-sts-1_20250707_215611_608612.csv,True,False,False,1751925379.8232613,609578.7856578827
494238,1751924770.2446802,1751925368.5261896,batch_consumer-sts-1_20250707_215611_608612.csv,True,False,False,1751925379.8232613,609578.5810947418
494248,1751924770.2448635,1751925368.5532775,batch_consumer-sts-1_20250707_215611_608612.csv,True,False,False,1751925379.8232613,609578.3977508545
494258,1751924770.2450492,1751925368.5803418,batch_consumer-sts-1_20250707_215611_608612.csv,True,False,False,1751925379.8232613,609578.2120227814
494268,1751924770.2452357,1751925368.6073687,batch_consumer-sts-1_20250707_215611_608612.csv,True,False,False,1751925379.8232613,609578.0255794525
494278,1751924770.2454166,1751925368.6342185,batch_consumer-sts-1_20250707_215611_608612.csv,True,False,False,1751925379.8232613,609577.844619751
494288,1751924770.2455983,1751925368.662148,batch_consumer-sts-1_20250707_215611_608612.csv,True,False,False,1751925379.8232613,609577.6629447937
494298,1751924770.245778,1751925368.6896348,batch_consumer-sts-1_20250707_215611_608612.csv,True,False,False,1751925379.8232613,609577.4831771851
494308,1751924770.2459586,1751925368.715967,batch_consumer-sts-1_20250707_215611_608612.csv,True,False,False,1751925379.8232613,609577.3026943207
494318,1751924770.2461388,1751925368.743236,batch_consumer-sts-1_20250707_215611_608612.csv,True,False,False,1751925379.8232613,609577.1224498749
494328,1751924770.246325,1751925368.7698336,batch_consumer-sts-1_20250707_215611_608612.csv,True,False,False,1751925379.8232613,609576.9362449646
494338,1751924770.246505,1751925368.7965312,batch_consumer-sts-1_20250707_215611_608612.csv,True,False,False,1751925379.8232613,609576.7562389374
494348,1751924770.2466838,1751925368.8238237,batch_consumer-sts-1_20250707_215611_608612.csv,True,False,False,1751925379.8232613,609576.577425003
494358,1751924770.246948,1751925368.8500707,batch_consumer-sts-1_20250707_215611_608612.csv,True,False,False,1751925379.8232613,609576.3132572174
494368,1751924770.2471304,1751925368.8767765,batch_consumer-sts-1_20250707_215611_608612.csv,True,False,False,1751925379.8232613,609576.1308670044
494378,1751924770.2473118,1751925368.9047327,batch_consumer-sts-1_20250707_215611_608612.csv,True,False,False,1751925379.8232613,609575.9494304657
494388,1751924770.247519,1751925368.931305,batch_consumer-sts-1_20250707_215611_608612.csv,True,False,False,1751925379.8232613,609575.7422447205
494398,1751924770.247703,1751925368.9577017,batch_consumer-sts-1_20250707_215611_608612.csv,True,False,False,1751925379.8232613,609575.5581855774
494408,1751924770.2478888,1751925368.9833927,batch_consumer-sts-1_20250707_215611_608612.csv,True,False,False,1751925379.8232613,609575.3724575043
494418,1751924770.2480752,1751925369.0098257,batch_consumer-sts-1_20250707_215611_608612.csv,True,False,False,1751925379.8232613,609575.1860141754
494428,1751924770.2482562,1751925369.0366845,batch_consumer-sts-1_20250707_215611_608612.csv,True,False,False,1751925379.8232613,609575.0050544739
494438,1751924770.2484326,1751925369.0633593,batch_consumer-sts-1_20250707_215611_608612.csv,True,False,False,1751925379.8232613,609574.8286247253
494448,1751924770.248618,1751925369.09015,batch_consumer-sts-1_20250707_215611_608612.csv,True,False,False,1751925379.8232613,609574.6433734894
494458,1751924770.2488017,1751925369.1164494,batch_consumer-sts-1_20250707_215611_608612.csv,True,False,False,1751925379.8232613,609574.4595527649
494468,1751924770.248985,1751925369.1430335,batch_consumer-sts-1_20250707_215611_608612.csv,True,False,False,1751925379.8232613,609574.2762088776
494478,1751924770.2491682,1751925369.1694183,batch_consumer-sts-1_20250707_215611_608612.csv,True,False,False,1751925379.8232613,609574.0931034088
494488,1751924770.249344,1751925369.1984627,batch_consumer-sts-1_20250707_215611_608612.csv,True,False,False,1751925379.8232613,609573.9171504974
494498,1751924770.2495215,1751925369.2250688,batch_consumer-sts-1_20250707_215611_608612.csv,True,False,False,1751925379.8232613,609573.7397670746
494508,1751924770.2497015,1751925369.2518582,batch_consumer-sts-1_20250707_215611_608612.csv,True,False,False,1751925379.8232613,609573.5597610474
494518,1751924770.249876,1751925369.2788396,batch_consumer-sts-1_20250707_215611_608612.csv,True,False,False,1751925379.8232613,609573.3852386475
494528,1751924770.250064,1751925369.3053222,batch_consumer-sts-1_20250707_215611_608612.csv,True,False,False,1751925379.8232613,609573.1973648071
494538,1751924770.250269,1751925369.331898,batch_consumer-sts-1_20250707_215611_608612.csv,True,False,False,1751925379.8232613,609572.9923248291
494548,1751924770.2504456,1751925369.359512,batch_consumer-sts-1_20250707_215611_608612.csv,True,False,False,1751925379.8232613,609572.815656662
494558,1751924770.250626,1751925369.386222,batch_consumer-sts-1_20250707_215611_608612.csv,True,False,False,1751925379.8232613,609572.6351737976
494568,1751924770.2508106,1751925369.412105,batch_consumer-sts-1_20250707_215611_608612.csv,True,False,False,1751925379.8232613,609572.4506378174
494578,1751924770.2509992,1751925370.441407,batch_consumer-sts-1_20250707_215611_608612.csv,True,False,False,1751925379.8232613,609572.2620487213
494588,1751924770.2511826,1751925370.468608,batch_consumer-sts-1_20250707_215611_608612.csv,True,False,False,1751925379.8232613,609572.078704834
494598,1751924770.251372,1751925370.4956648,batch_consumer-sts-1_20250707_215611_608612.csv,True,False,False,1751925379.8232613,609571.8891620636
494608,1751924770.2515457,1751925370.5219145,batch_consumer-sts-1_20250707_215611_608612.csv,True,False,False,1751925379.8232613,609571.715593338
494618,1751924770.2517216,1751925370.548957,batch_consumer-sts-1_20250707_215611_608612.csv,True,False,False,1751925379.8232613,609571.5396404266
494628,1751924770.251896,1751925370.5761487,batch_consumer-sts-1_20250707_215611_608612.csv,True,False,False,1751925379.8232613,609571.3653564453
494638,1751924770.252087,1751925370.6979475,batch_consumer-sts-1_20250707_215611_608612.csv,True,False,False,1751925379.8232613,609571.1741447449
494648,1751924770.2522645,1751925370.7240758,batch_consumer-sts-1_20250707_215611_608612.csv,True,False,False,1751925379.8232613,609570.996761322
494658,1751924770.2524464,1751925370.750677,batch_consumer-sts-1_20250707_215611_608612.csv,True,False,False,1751925379.8232613,609570.8148479462
494668,1751924770.252622,1751925370.7766297,batch_consumer-sts-1_20250707_215611_608612.csv,True,False,False,1751925379.8232613,609570.639371872
494678,1751924770.252803,1751925370.8034325,batch_consumer-sts-1_20250707_215611_608612.csv,True,False,False,1751925379.8232613,609570.4581737518
494688,1751924770.2529902,1751925370.8295212,batch_consumer-sts-1_20250707_215611_608612.csv,True,False,False,1751925379.8232613,609570.2710151672
494698,1751924770.2531714,1751925370.856226,batch_consumer-sts-1_20250707_215611_608612.csv,True,False,False,1751925379.8232613,609570.0898170471
494708,1751924770.2533507,1751925370.883818,batch_consumer-sts-1_20250707_215611_608612.csv,True,False,False,1751925379.8232613,609569.9105262756
494718,1751924770.25353,1751925370.90996,batch_consumer-sts-1_20250707_215611_608612.csv,True,False,False,1751925379.8232613,609569.7312355042
494728,1751924770.2537134,1751925370.9363985,batch_consumer-sts-1_20250707_215611_608612.csv,True,False,False,1751925379.8232613,609569.5478916168
494738,1751924770.2538931,1751925370.963052,batch_consumer-sts-1_20250707_215611_608612.csv,True,False,False,1751925379.8232613,609569.3681240082
494748,1751924770.254073,1751925370.989596,batch_consumer-sts-1_20250707_215611_608612.csv,True,False,False,1751925379.8232613,609569.1883563995
494758,1751924770.254285,1751925371.016079,batch_consumer-sts-1_20250707_215611_608612.csv,True,False,False,1751925379.8232613,609568.9761638641
494768,1751924770.2544746,1751925371.0429432,batch_consumer-sts-1_20250707_215611_608612.csv,True,False,False,1751925379.8232613,609568.7866210938
494778,1751924770.2546558,1751925371.070222,batch_consumer-sts-1_20250707_215611_608612.csv,True,False,False,1751925379.8232613,609568.6054229736
494788,1751924770.2548456,1751925371.099106,batch_consumer-sts-1_20250707_215611_608612.csv,True,False,False,1751925379.8232613,609568.4156417847
494798,1751924770.2550209,1751925371.125648,batch_consumer-sts-1_20250707_215611_608612.csv,True,False,False,1751925379.8232613,609568.240404129
494808,1751924770.255201,1751925371.1542523,batch_consumer-sts-1_20250707_215611_608612.csv,True,False,False,1751925379.8232613,609568.0601596832
494818,1751924770.255381,1751925371.1810677,batch_consumer-sts-1_20250707_215611_608612.csv,True,False,False,1751925379.8232613,609567.880153656
494828,1751924770.2555606,1751925371.2072637,batch_consumer-sts-1_20250707_215611_608612.csv,True,False,False,1751925379.8232613,609567.700624466
494838,1751924770.2557335,1751925371.233953,batch_consumer-sts-1_20250707_215611_608612.csv,True,False,False,1751925379.8232613,609567.5277709961
494848,1751924770.2559142,1751925371.2608352,batch_consumer-sts-1_20250707_215611_608612.csv,True,False,False,1751925379.8232613,609567.3470497131
494858,1751924770.2560904,1751925371.2879336,batch_consumer-sts-1_20250707_215611_608612.csv,True,False,False,1751925379.8232613,609567.1708583832
494868,1751924770.2562678,1751925371.3140368,batch_consumer-sts-1_20250707_215611_608612.csv,True,False,False,1751925379.8232613,609566.9934749603
494878,1751924770.256449,1751925371.340936,batch_consumer-sts-1_20250707_215611_608612.csv,True,False,False,1751925379.8232613,609566.8122768402
494888,1751924770.256629,1751925371.3679478,batch_consumer-sts-1_20250707_215611_608612.csv,True,False,False,1751925379.8232613,609566.632270813
494898,1751924770.2568102,1751925371.3946571,batch_consumer-sts-1_20250707_215611_608612.csv,True,False,False,1751925379.8232613,609566.4510726929
494908,1751924770.256992,1751925371.4208477,batch_consumer-sts-1_20250707_215611_608612.csv,True,False,False,1751925379.8232613,609566.269159317
494918,1751924770.2571702,1751925371.4468284,batch_consumer-sts-1_20250707_215611_608612.csv,True,False,False,1751925379.8232613,609566.0910606384
494928,1751924770.2573578,1751925371.4738424,batch_consumer-sts-1_20250707_215611_608612.csv,True,False,False,1751925379.8232613,609565.9034252167
494938,1751924770.2575436,1751925371.5012174,batch_consumer-sts-1_20250707_215611_608612.csv,True,False,False,1751925379.8232613,609565.7176971436
494948,1751924770.257728,1751925371.5277312,batch_consumer-sts-1_20250707_215611_608612.csv,True,False,False,1751925379.8232613,609565.5331611633
494958,1751924770.2579024,1751925371.5537355,batch_consumer-sts-1_20250707_215611_608612.csv,True,False,False,1751925379.8232613,609565.358877182
494968,1751924770.2580912,1751925371.5808012,batch_consumer-sts-1_20250707_215611_608612.csv,True,False,False,1751925379.8232613,609565.1700496674
